epoch,train_loss,train_mae,train_rmse,val_mae,val_rmse
1,7.540823943907017e-08,12.695662411875457,18.866560585685487,0,0
2,7.466587747285032e-08,13.172232434134491,19.562788878651595,0,0
3,7.28689258423446e-08,12.773056882598755,18.45386529974986,0,0
4,7.250182260895239e-08,12.684728263785855,18.19356969951085,0,0
5,7.334664324341062e-08,13.501066549527499,19.916858148834628,12.372666951553876,17.261302966419265
6,7.217724991268924e-08,12.611067100692358,17.805080626307618,0,0
7,7.107833352331718e-08,12.126922645956501,16.99306795568468,0,0
8,7.138412578992887e-08,12.291050426644972,17.459869139501116,0,0
9,7.230241371646607e-08,12.629685649454043,18.328432524197495,0,0
10,7.127197785741125e-08,12.450868315735333,18.579717651540143,14.19751618305954,20.84189603014581
11,7.195020474810664e-08,12.996173132670785,18.766254732386347,0,0
12,7.024974398004745e-08,11.679094188857626,16.799596904102664,0,0
13,7.287287940163321e-08,12.927857520077486,19.929517010179318,0,0
14,7.039922378106868e-08,12.202122289538138,17.079529340370147,0,0
15,7.032717970234277e-08,11.970633080933794,17.424192905283068,12.96268084104598,18.123003854054417
16,7.008525454832216e-08,12.172925593679812,16.86949524258512,0,0
17,7.003429944879445e-08,11.75697172187096,16.83130597033749,0,0
18,6.902164706390903e-08,11.6267057221899,16.342591353298726,0,0
19,6.98826408028551e-08,12.043472701271313,17.547675447237637,0,0
20,6.94661468606806e-08,11.921116511024069,16.66926128655224,10.84089520316895,18.854899204600855
21,6.943171329412283e-08,11.874085593137158,17.028237252820652,0,0
22,6.9000051244208e-08,11.468881558982906,16.00262747300593,0,0
23,6.870656610644418e-08,11.381148653652891,15.77489468757206,0,0
24,6.870471665698376e-08,11.457227910524042,16.695489869366536,0,0
25,6.879294762431886e-08,11.713965188216394,16.49039867494384,11.968783019996328,16.80526917553184
26,6.856288175060541e-08,11.984566675840487,16.86362615401952,0,0
27,7.029223584229571e-08,12.042561778098257,19.154039560520648,0,0
28,7.116055232965989e-08,12.32299654016217,17.574207742217656,0,0
29,6.966552755019622e-08,12.042493580977595,17.257493575354477,0,0
30,6.965779653227499e-08,11.960531856916345,17.07725207750399,12.136044671884235,16.98164695006827
31,6.833103412238515e-08,11.127607873547117,15.776284081684649,0,0
32,6.786495339750202e-08,11.106728928930607,15.588744213516426,0,0
33,6.772800739705665e-08,11.27849508799185,15.626786360056418,0,0
34,6.771545443535373e-08,11.115199918109612,15.200984598072651,0,0
35,6.839454250979545e-08,11.549429505319928,16.22957140435417,11.237321248118583,15.929540955217002
36,6.729683283477687e-08,10.862110401661086,15.079237834959647,0,0
37,6.797106036493831e-08,11.521835152147533,16.369103964016404,0,0
38,6.757284627186224e-08,11.411206732756558,16.0825809291237,0,0
39,6.703563731133696e-08,10.679254195044976,15.116630873128642,0,0
40,6.681991957430836e-08,11.039245249757338,15.097732583900891,10.235803180333713,14.456225945645919
41,6.668039453900028e-08,10.881506692896544,15.246561473471955,0,0
42,6.822198102828669e-08,11.556806459792623,16.940455268728535,0,0
43,6.698086447164059e-08,11.013142988365772,15.527717972517358,0,0
44,6.691366424776044e-08,10.98273647351674,15.543734593867903,0,0
45,6.766860876381554e-08,11.526004014411562,16.325444890218755,9.766770343757834,15.351381872159857
46,6.728248390853888e-08,11.173241518165295,15.853075479473375,0,0
47,6.629744476371852e-08,10.681858496427513,14.713291661080444,0,0
48,6.84108663360123e-08,11.620912640691323,15.95393214805858,0,0
49,6.683819452244708e-08,10.919082997357243,15.011998510333054,0,0
50,6.604721480840681e-08,10.675073634120888,14.709484844840741,11.348395070538011,16.175879042907223
51,6.629735994708726e-08,10.67715954825657,14.776972971834155,0,0
52,6.702261709725995e-08,11.115642194818482,15.843368548277008,0,0
53,6.660379798332368e-08,10.616311391584707,14.831888917368646,0,0
54,6.628623894112389e-08,10.82549592336773,14.833411780385134,0,0
55,6.632672677009427e-08,10.881448059464168,15.052106132703749,11.190894610231961,16.36603333078834
56,6.749600633959574e-08,11.155617480845619,15.67430354051778,0,0
57,6.734020744003534e-08,11.230686306699269,15.967472655365764,0,0
58,6.617384703117357e-08,11.037215854259124,15.313169389088905,0,0
59,6.616523277050403e-08,10.47254058278959,15.083408017906473,0,0
60,6.51854158189157e-08,10.232268517336331,13.979826061769916,10.71304835573436,15.061827568457215
61,6.568959947817142e-08,10.72039727537346,14.667398008538289,0,0
62,6.591511954068015e-08,10.618318638628915,14.59793628030891,0,0
63,6.538073007830513e-08,10.681312377226913,14.538213918014455,0,0
64,6.52686471773078e-08,10.492782006495013,14.215905466080207,0,0
65,6.614165139378505e-08,10.971921171679934,15.558441947420711,11.928281585540642,17.464244140500917
66,6.641172773500448e-08,11.052535670555272,15.22648850845876,0,0
67,6.548631657015708e-08,10.761033952961858,15.032730605945325,0,0
68,6.57584224425929e-08,10.478281642888508,14.519212918161315,0,0
69,6.499724592127582e-08,10.35064030506565,14.09473587378534,0,0
70,6.558265761007261e-08,10.385746730405678,14.687634936807308,10.737750865494245,15.034815054606092
71,6.49153163916691e-08,10.078654821190286,13.635401497390996,0,0
72,6.515853803025264e-08,10.59477821684797,14.408358339110064,0,0
73,6.545347404300321e-08,10.484973418968039,14.837352679136028,0,0
74,6.623743331877362e-08,10.965208478379902,15.83333747923068,0,0
75,6.508130293352255e-08,10.152688619406119,14.31861964070044,10.141320995618994,14.949257642010567
76,6.376359724096082e-08,9.971432204185568,13.685430736066046,0,0
77,6.347436445711126e-08,9.942947933236676,13.549378721240428,0,0
78,6.338201671695883e-08,9.67805616010954,13.014511778518186,0,0
79,6.34690808093157e-08,9.803833461600243,13.256911927063987,0,0
80,6.3381126082274e-08,9.65735342961236,12.909207750895813,9.241400237442196,14.384223925603427
81,6.331310581130325e-08,9.73507894754336,13.291621713403345,0,0
82,6.362993998475792e-08,9.594870426147153,13.298956982467976,0,0
83,6.350326789754635e-08,9.96671975764949,13.523069614727227,0,0
84,6.318302944089501e-08,9.485234798514698,12.960628772119913,0,0
85,6.327653307473534e-08,9.842081383650745,13.260968417045401,10.87355065237093,15.337918562841821
86,6.367603476315193e-08,9.782182562939715,13.51034969075825,0,0
87,6.282703205823317e-08,9.471821347072932,12.822402462976392,0,0
88,6.345227142333993e-08,9.65938866705552,13.331613422043361,0,0
89,6.336012387706056e-08,9.692041783352009,13.198937033184055,0,0
90,6.290425189614617e-08,9.27016248415582,12.716367094339967,8.230957847185756,14.050805317036183
91,6.301826066162933e-08,9.393081463490145,13.052140746200347,0,0
92,6.301420718888025e-08,9.227510196968412,12.703178621737589,0,0
93,6.28622804017658e-08,9.310939607445572,13.073042792322402,0,0
94,6.34145750534654e-08,9.780005006474823,13.774644691947623,0,0
95,6.269697017251629e-08,9.330333647789857,12.769921833986574,10.817330188622126,15.348704023809734
96,6.317774872155375e-08,9.75520318295006,13.518693517368927,0,0
97,6.308236147561613e-08,9.432267581101332,13.140612269730694,0,0
98,6.28968387000897e-08,9.353191185573673,12.982717549887173,0,0
99,6.261607052711065e-08,9.471552650222177,12.787909198882689,0,0
100,6.296386690992636e-08,9.524657547570408,13.34562577486776,9.96121877925888,15.496766282104744
