0 0.1684678671875 0.568762734375 0.1797826828125 0.5854824609375 0.276228378125 0.4284991515625 0.296155265625 0.4222211953125 0.31488117656250003 0.4287835234375 0.4482677 0.5498199046875001 0.457679628125 0.53190038125 0.2843107734375 0.3670224 0.17642990625 0.5441962375 0.1684678671875 0.568762734375
0 0.4304633640625 0.597247984375 0.2691041828125 0.46164077968750006 0.2605617296875 0.4601967703125 0.1699722390625 0.6078486 0.157575340625 0.6389100125 0.1578905625 0.64393455625 0.173793371875 0.6476897328125 0.253798284375 0.512838028125 0.2634780046875 0.5024326359375 0.2819998265625 0.5004899453125 0.2949745328125 0.5089108578125 0.4192287515625 0.60847929375 0.4286217953125 0.6025328921875001 0.4304633640625 0.597247984375
0 0.43046543125000003 0.6865633359375 0.44547282499999996 0.6867266828125 0.44591876875 0.679790475 0.30436850312499997 0.533900525 0.26710894375 0.576182496875 0.17185716874999998 0.6853970390625 0.17259331875 0.691466084375 0.1800173828125 0.692786365625 0.1853863484375 0.696873096875 0.280979065625 0.5881952390625 0.296346284375 0.5769221484375 0.31216297656249997 0.5761770921875 0.32299646718749997 0.5828642265624999 0.33761218125000003 0.59495945625 0.43046543125000003 0.6865633359375
0 0.5908549062499999 0.767176875 0.711889771875 0.6423528968750001 0.711494565625 0.6368205375 0.7028884078125001 0.636367415625 0.594993428125 0.7436842890625 0.5818500140625 0.7437271515625 0.469678615625 0.6664520484375 0.45998945156250004 0.6828439984375 0.5908549062499999 0.767176875
0 0.897380453125 0.70628363125 0.9020864171874999 0.6973238703125 0.823946828125 0.57541384375 0.671004871875 0.7176646015625 0.671208959375 0.726169621875 0.6818926265624999 0.7293474109375 0.77758443125 0.6366474656250001 0.7960390187499999 0.6182314171875001 0.809223728125 0.61170655 0.8222715812500001 0.6131500171875001 0.8287589359374999 0.617360475 0.8850463390625001 0.705418090625 0.897380453125 0.70628363125
0 0.8954634531250001 0.6017874171875001 0.8999145921875 0.596791203125 0.793506221875 0.47075590156249997 0.6468958828125 0.637158578125 0.6499006625 0.64297963125 0.6606480343750001 0.6451665328125 0.760819303125 0.5295106890625 0.7756001953125 0.515677896875 0.7886256390625 0.511630246875 0.79679529375 0.5130330109375 0.8050510671875 0.5189360093750001 0.8820970671874999 0.6052983843749999 0.8954634531250001 0.6017874171875001
0 0.8849284671875 0.543739690625 0.8883025140624999 0.5321377453125 0.7810400234375 0.396028609375 0.671424975 0.5300994218749999 0.6346561828125 0.5764274234375 0.6357969812500001 0.5820422671875 0.6441896093749999 0.5799769296874999 0.64921763125 0.5835269765625 0.72100920625 0.49466955312499994 0.763411234375 0.44247817500000003 0.78697051875 0.43809896875 0.795503528125 0.4455295375 0.8774949609375 0.5484059703125 0.8849284671875 0.543739690625
0 0.879676328125 0.4852784609375 0.8786086781250001 0.47268616874999997 0.7689277359375 0.3333156828125 0.6522743890625 0.47758513437500005 0.61974320625 0.5163984609375001 0.61824258125 0.5222200546875 0.622429453125 0.5271739484375 0.6346455984375 0.5240346984375 0.745165503125 0.38756915468750003 0.7585731859375 0.37757618437499996 0.7717803046875 0.3765424359375 0.77901325 0.3808353765625 0.8661188234375 0.4917620859375 0.879676328125 0.4852784609375
0 0.8679403656250001 0.44007101562499995 0.8744147484375 0.43280379375000005 0.8751379296874999 0.4273951578125 0.756570065625 0.2685797390625 0.6856833484375 0.3550424296875 0.6020106562499999 0.4710265890625 0.603960753125 0.47573303125 0.615335746875 0.47399762812499996 0.6176586390625001 0.478745309375 0.736940440625 0.32279142968749996 0.7490067640625 0.3161428359375 0.7646323359375 0.318370440625 0.7802614359375 0.3380622859375 0.8581521140625 0.44048505625 0.8679403656250001 0.44007101562499995
0 0.7932290859375 0.3115547171875 0.8399889765624999 0.372612025 0.8499364937499999 0.36972076875000004 0.852651065625 0.3625365703125 0.8504331734375 0.350315996875 0.7336018765625 0.193688559375 0.5795650859375 0.3996859953125 0.5802917953125 0.41174160156250006 0.588706834375 0.41516738281250004 0.5976952296875 0.409675184375 0.6045424078125 0.4024492046875 0.7095529671875 0.2524010203125 0.7248883312500001 0.2416233734375 0.7414187609375 0.24145624375 0.7491743265624999 0.24929977499999997 0.7932290859375 0.3115547171875
0 0.2654765 0.0108173390625 0.254836259375 0.01038378125 0.230478546875 0.042226990625 0.22894606875 0.048544029687500004 0.23288755781249998 0.051474907812500005 0.2654765 0.0108173390625
0 0.28383487343749997 0.011565384375 0.319344340625 0.0615384734375 0.322431709375 0.0543955171875 0.2927314046875 0.011927890625 0.28383487343749997 0.011565384375
0 0.5264947484375 0.41926222031249993 0.5096870828125 0.4179017765625 0.3802514890625 0.2938097125 0.3725726015625 0.296452975 0.36767551875 0.3083853984375 0.380363546875 0.321265303125 0.5236692640625 0.45737011406250005 0.665684553125 0.26900350624999997 0.66439393125 0.2598793171875 0.6558196265625 0.25893075312499997 0.5416802921875 0.404975228125 0.5264947484375 0.41926222031249993
0 0.435367284375 0.5928008265625 0.5672272421875 0.6967034421875 0.6965462062500001 0.559822778125 0.69705585625 0.5518956859374999 0.6890773218749999 0.5475202593749999 0.5798952453124999 0.6631771859375 0.5656558546875 0.6685874421875 0.5491030140625 0.6632634515625 0.45250292343750004 0.5832202750000001 0.44163757812500004 0.5770285828125 0.435367284375 0.5928008265625
0 0.5531955703125 0.5704093453125 0.4685473578125 0.49717702968750005 0.45538153125 0.4917287734375 0.44431562500000005 0.49449630468750005 0.443060384375 0.5023409125 0.5772975 0.6159868875 0.5865631328124999 0.612022259375 0.7193741124999999 0.46754443749999997 0.7220981281250001 0.45437367812499996 0.7169745453124999 0.45230996093750003 0.7099775421875 0.45602659531249995 0.5923615437499999 0.5802308640625 0.579986134375 0.5858473296875 0.5652654187499999 0.5812249921875 0.5531955703125 0.5704093453125
0 0.6134021484375001 0.4982331078125 0.576579090625 0.5395654328124999 0.564512771875 0.5462140265625 0.5568149984375 0.560830415625 0.5528416546875 0.5583949796875001 0.54799178125 0.54039459375 0.45633359687499997 0.4594012328125 0.430511596875 0.44057762968749997 0.42488780468750004 0.44045444375000004 0.4189997484375 0.450281365625 0.42221805625000003 0.45862087812499996 0.564497415625 0.5756513921875 0.622202953125 0.5131778109375 0.7107031078125 0.40970291875 0.7101486343750001 0.40664777343749997 0.700006471875 0.3950474515625 0.6918721953125 0.41061348124999997 0.6134021484375001 0.4982331078125