0 0.16152377499999998 0.508519128125 0.035070559375 0.42591153593750003 0.01704555625 0.48812085156249996 0.018592310937500002 0.5324141265625 0.041560799999999995 0.4539917953125 0.04962220625 0.4503909765625 0.15772589374999998 0.5195725015625 0.16152377499999998 0.508519128125
0 0.14595145 0.47412703125 0.01991510625 0.390574615625 0.0142823234375 0.40899223906250004 0.0158331515625 0.4534021359375 0.027424532812500003 0.4175673234375 0.0371074453125 0.41273646875000003 0.140809534375 0.48211383281250003 0.14595145 0.47412703125
0 0.1420559375 0.44627874843750004 0.012497156249999999 0.357871721875 0.013744524999999999 0.3935916953125 0.0163932609375 0.38633119531250004 0.028856323437499998 0.3825345578125 0.1307514796875 0.45233968593749996 0.1420559375 0.44627874843750004
0 0.07336694375 0.561989453125 0.0835576953125 0.553251925 0.187761146875 0.6225553500000001 0.195947971875 0.6124850562499999 0.069157353125 0.529101890625 0.0373026703125 0.6202034046875 0.04129266875 0.641868640625 0.07336694375 0.561989453125
0 0.06547764375000001 0.5244869890625 0.076319259375 0.5219204078125 0.180855028125 0.589408071875 0.18678471875 0.582080946875 0.056346714062500004 0.4987243140625 0.0322656578125 0.5924289421875 0.0350946015625 0.6129140109375 0.06547764375000001 0.5244869890625
0 0.05879202812499999 0.7190478062500001 0.090643003125 0.633800025 0.0955641796875 0.6213403234375 0.11240979375 0.6164488015625 0.21173969062500003 0.68374346875 0.2119362078125 0.672854034375 0.093012334375 0.591222825 0.056562553125000005 0.6947272796874999 0.05879202812499999 0.7190478062500001
0 0.0804660734375 0.808532478125 0.1207770984375 0.7217337109375 0.124932303125 0.7162321484375 0.1344560703125 0.7148811390625001 0.24447323281250002 0.7873261265625 0.249593175 0.781596178125 0.11923910468750001 0.6886654859375 0.0752938921875 0.7885726796875 0.0804660734375 0.808532478125
0 0.073592203125 0.7742765828125 0.11390322187499999 0.687477796875 0.12100174687500001 0.6785687125 0.1306989703125 0.67943558125 0.2257992109375 0.750442271875 0.22983008906250002 0.7400004453125 0.1172134421875 0.6519064578125 0.0683702328125 0.7560859 0.073592203125 0.7742765828125
0 0.1518275296875 0.3203398796875 0.196349071875 0.20696722968749998 0.208553765625 0.19943387031249998 0.2191974890625 0.20023133125 0.3235744234375 0.2876427828125 0.3277140828125 0.27538433906250004 0.203173353125 0.167535725 0.1454461671875 0.311549840625 0.1518275296875 0.3203398796875
0 0.18951256875 0.15152997343750002 0.20179052031250003 0.1486233625 0.305224103125 0.24488285312500002 0.3127425890625 0.2364685640625 0.1876192296875 0.11747941875000001 0.1277350015625 0.2570458578125 0.13398440312499998 0.26684485625 0.18951256875 0.15152997343750002
0 0.117886084375 0.20975848749999998 0.11730323281249999 0.20975756875 0.1261684875 0.2222544703125 0.1824968421875 0.114711434375 0.18910803437499998 0.113146340625 0.2042565421875 0.11619455468749999 0.30325864375 0.21482997343750002 0.3112493125 0.206303928125 0.192482428125 0.08249278437499999 0.117886084375 0.20975848749999998
0 0.11613570937499999 0.170227678125 0.18441625625 0.0691432625 0.19916466093750002 0.0683055546875 0.295479890625 0.1768652 0.3045243609375 0.17074342343749999 0.1972363390625 0.0448782765625 0.183105578125 0.046233196875 0.10890999374999999 0.1563827953125 0.11613570937499999 0.170227678125
0 0.2229809015625 0.242459184375 0.2139735578125 0.2552065 0.1715821109375 0.3868231875 0.18195195 0.39680160781249996 0.2176465171875 0.286182028125 0.2230213859375 0.2749580375 0.2401670078125 0.27156250625 0.35616599843749996 0.340300115625 0.35718147031249997 0.3274544015625 0.3429413390625 0.3261814625 0.3363651203125 0.31712325468749997 0.2229809015625 0.242459184375
0 0.45127282968750004 0.5753310093749999 0.453668934375 0.564148771875 0.3340397578125 0.5141834109375 0.3046689609375 0.6478531249999999 0.3134248515625 0.6577221734375 0.3433411375 0.5285673875 0.45127282968750004 0.5753310093749999
0 0.3217246234375 0.5104644125 0.330478328125 0.503084628125 0.4355394640625 0.5438934265625 0.43771802187500003 0.5360798546875001 0.313838815625 0.48712062031250003 0.29311346718750003 0.619407109375 0.30099712031250003 0.6255020328125 0.3217246234375 0.5104644125
0 0.3069368046875 0.4874276625 0.31870537187500003 0.4780072875 0.4262741359375 0.5275105671875 0.42420155 0.5120787109375 0.3027195171875 0.46056163593750005 0.27881364999999997 0.5977631265625 0.28584637812499997 0.6052049687500001 0.3069368046875 0.4874276625
0 0.2941822078125 0.45594835156249996 0.305224909375 0.45200726874999997 0.42085874062500006 0.506235684375 0.4254345625 0.49586430625 0.2846971390625 0.42568529843749997 0.2536221609375 0.5843056890625 0.26448454374999997 0.5903588937500001 0.2941822078125 0.45594835156249996
0 0.27957479375 0.42291732031249996 0.291998096875 0.42063975 0.3936825984375 0.474853228125 0.3960787109375 0.46367101718750003 0.2770288328125 0.39897282500000003 0.23983575156249998 0.5425381687499999 0.24889544687499998 0.550925903125 0.27957479375 0.42291732031249996
0 0.272813746875 0.3893556953125 0.28792504218750004 0.3857783359375 0.3945843109375 0.424881915625 0.3985424875 0.41399330624999997 0.26670750781249997 0.362936821875 0.2296848328125 0.5073440312499999 0.2367584453125 0.5199637828125 0.272813746875 0.3893556953125
0 0.22264683437500002 0.4694340515625 0.2532190546875 0.356046490625 0.27341555781250004 0.3486115203125 0.3751350109375 0.39220175625000003 0.3700115765625 0.380809303125 0.2509627859375 0.324735584375 0.2135246890625 0.43643139375000006 0.2145820171875 0.46526562968749996 0.22264683437500002 0.4694340515625
0 0.3832838390625 0.201192790625 0.39232834843750003 0.19507100625 0.5029874140625 0.26440933437499997 0.50480196875 0.250711 0.3824803609375 0.1675476671875 0.3410141375 0.31137861093749997 0.347735778125 0.3210658140625 0.3832838390625 0.201192790625
0 0.3644973546875 0.15654576874999998 0.37099814375 0.14372837968750002 0.48136754687499994 0.2204330703125 0.4822376359375 0.20695835312500002 0.361622371875 0.11609323593750001 0.320192240625 0.257925315625 0.32869346093749996 0.264537490625 0.3644973546875 0.15654576874999998
0 0.3585331984375 0.10488266718749999 0.3723732234375 0.1022696828125 0.477148025 0.17631819531249998 0.483612709375 0.1654996296875 0.35911030781250003 0.072901003125 0.3118682234375 0.22023210781250002 0.31851756249999996 0.22913049531250002 0.3585331984375 0.10488266718749999
0 0.3628858875 0.054757815625 0.37374715 0.05218658281250001 0.4711139078125 0.145901659375 0.4768888765625 0.13856356718750001 0.3609203921875 0.02470495 0.2976454359375 0.15288057187499998 0.306993696875 0.1641879140625 0.3628858875 0.054757815625
0 0.3769867796875 0.3851289953125 0.385888065625 0.3956271015625 0.420018353125 0.267464984375 0.43382228281249996 0.2668508671875 0.521412084375 0.320420428125 0.5260971953125 0.31267691875 0.41365740312500004 0.23778924531249998 0.3786931265625 0.377427240625 0.3769867796875 0.3851289953125
0 0.3899630421875 0.64623735625 0.40314937500000003 0.6451060203125001 0.4956079265625 0.706811109375 0.5000022703125 0.697809590625 0.3913403625 0.6220275328125 0.334665346875 0.76088993125 0.34199165 0.768388009375 0.3899630421875 0.64623735625
0 0.381641046875 0.62100655625 0.3926837453125 0.6170654484375 0.4981111375 0.681007934375 0.4997081828125 0.67067825625 0.3782227984375 0.59328789375 0.3289265890625 0.727336796875 0.3358482078125 0.7353436140625 0.381641046875 0.62100655625
0 0.36536333593750003 0.5936783984375 0.37673287499999997 0.5889965453125 0.47133285 0.6362624703125 0.47619941250000003 0.6271491640625 0.3614367859375 0.5680704421875 0.32588980156249997 0.6965679125 0.3299955578125 0.7035571671875 0.36536333593750003 0.5936783984375
0 0.353662459375 0.5646033765625 0.35896521406250004 0.5573771015625 0.3983788109375 0.55335404375 0.370006803125 0.5448116046875 0.3445414 0.5402251125 0.3179678984375 0.6752229828125 0.3236357390625 0.6825059171875 0.353662459375 0.5646033765625
0 0.485650853125 0.5923279140625 0.49379278125 0.6007253609375 0.525813590625 0.48438918593749997 0.5351974203125 0.4780377640625 0.63519275625 0.523886528125 0.637792140625 0.5150112359375 0.5193274328124999 0.456326575 0.48635435156250006 0.5925009 0.485650853125 0.5923279140625
0 0.511035821875 0.45622449375 0.5207587015625 0.44910446562499995 0.618794278125 0.4954172296875 0.623466896875 0.48880440468749997 0.5041345984375 0.4241302078125 0.47022841875 0.561954528125 0.4785999046875 0.5685289874999999 0.511035821875 0.45622449375
0 0.4916216859375 0.42365080156249996 0.5070356671875 0.416560159375 0.6161154265625 0.472648240625 0.6193930375 0.4622357390625 0.4856254625 0.39547222031249996 0.45119691562500003 0.5461064437500001 0.4580573375 0.5534306171875001 0.4916216859375 0.42365080156249996
0 0.48012269375 0.3940216125 0.4907880203125 0.3887434359375 0.58599734375 0.43847854374999995 0.586862665625 0.42657215156249995 0.47638792187499995 0.3666843203125 0.4387180609375 0.5167092375 0.44418346093750005 0.5202336812499999 0.48012269375 0.3940216125
0 0.46221575625 0.359026096875 0.48090854531250005 0.3504709125 0.530058425 0.375316828125 0.5438902999999999 0.37479568125 0.45787766406249997 0.32907833124999997 0.423561396875 0.47349106093750004 0.43004526875 0.4836576484375 0.46221575625 0.359026096875
0 0.44736201875 0.32606114218750004 0.4573491625 0.32232017343749997 0.559267984375 0.37872684843750004 0.5633746578125 0.367429740625 0.4440411984375 0.29380755625 0.40445291406250006 0.43728383906249996 0.4131931046875 0.444282496875 0.44736201875 0.32606114218750004
0 0.5570272875 0.538949321875 0.56833343125 0.53420778125 0.66361761875 0.579795215625 0.6667443859375 0.5687300828125 0.5518601296875 0.5098861484375 0.5172036109375 0.6461194984375 0.523084115625 0.653675596875 0.5570272875 0.538949321875
0 0.591264671875 0.6602497296875 0.598387046875 0.6530570203125 0.703965784375 0.7409486937499999 0.7099574046875 0.73333530625 0.5977053437500001 0.6277502765625 0.5278212640625 0.7507889125 0.5323694703124999 0.7609215593750001 0.591264671875 0.6602497296875
0 0.537827953125 0.7107580875 0.5434078625 0.7259569906250001 0.5934841203125 0.6273729328125001 0.6071651499999999 0.62619915625 0.6917488390625001 0.6970345890625 0.6964962875 0.6862741265625 0.594762228125 0.6016022343749999 0.5379897406249999 0.7103027328125 0.537827953125 0.7107580875
0 0.5833415359375 0.5946693234375 0.599509678125 0.5908417734375 0.6909163375 0.67107523125 0.6982269062500001 0.6624612359375 0.5866168203125001 0.5663608359375 0.519067278125 0.6887771875 0.5271228078125 0.7002141125 0.5833415359375 0.5946693234375
0 0.54433103125 0.0313801609375 0.554129925 0.029060428125 0.6348734828125 0.1324679875 0.6442572703125 0.126116575 0.5490761562500001 0.0027237109375 0.4687122921875 0.12394111875 0.4745061375 0.1339510546875 0.54433103125 0.0313801609375
0 0.5354344328125 0 0.4666747421875 0.0909882984375 0.465040615625 0.090762240625 0.47246690625000004 0.10277074374999999 0.5453823203125 0.0001565578125 0.5518650015625 0.001375215625 0.635134315625 0.1090031046875 0.640523696875 0.107727253125 0.5620060312499999 0 0.5354344328125 0
0 0.5142486374999999 0.2877670390625 0.5205828609375 0.293060078125 0.5332793921875 0.2563263484375 0.5629661890625 0.1611924671875 0.57638299375 0.156639628125 0.6737800671875 0.2203116890625 0.675813534375 0.2067520515625 0.5592314609375 0.13385517656249998 0.5255139625 0.24508644531249998 0.5142486374999999 0.2877670390625
0 0.5541800546875 0.1254144375 0.558664346875 0.12022287499999999 0.664391640625 0.19087115625 0.6684983171875001 0.179574075 0.550406675 0.09120302031250001 0.5004496078125 0.23725347343749997 0.5096849031249999 0.24814535625 0.5541800546875 0.1254144375
0 0.4881964015625 0.20436115312499997 0.5344630328125 0.082587515625 0.54343290625 0.08115238125 0.5554195515625 0.0927696 0.5880610359375 0.11326367500000001 0.547198165625 0.0527278984375 0.5331020265624999 0.0498699953125 0.4806204015625 0.193564946875 0.4881964015625 0.20436115312499997
0 0.860964575 0.6897334140625 0.8709891328125 0.6839186203125001 0.7606231796875 0.5909653031250001 0.6963207296875 0.7043980546874999 0.7014671390625 0.715101990625 0.7634143375 0.6075127375 0.860964575 0.6897334140625
0 0.755874615625 0.5927777890625 0.76853716875 0.5849618421875 0.8554197171875 0.6545647156250001 0.8631068375 0.6431083046875 0.7597146953125 0.56020563125 0.700256978125 0.6830371000000001 0.7020296187499999 0.6929423734375 0.755874615625 0.5927777890625
0 0.748630815625 0.5346081359375 0.7575246265625 0.528372703125 0.856278109375 0.5889703546875 0.8594049171875 0.5779052140625 0.74225805 0.5092720109375 0.6952394953125001 0.645678534375 0.6997261578125 0.658382975 0.748630815625 0.5346081359375
0 0.6932534859375 0.608041459375 0.72063795 0.4872962078125 0.7258005171875 0.4805674515625 0.7369932234375 0.4730994359375 0.8297516953124999 0.5144665328125 0.831069521875 0.504517921875 0.720370240625 0.4570731671875 0.687825534375 0.6024431609375 0.6932534859375 0.608041459375
0 0.6886735296875 0.45631693125000006 0.678285109375 0.56340203125 0.69847475 0.471893184375 0.6970785671875 0.4591454625 0.699149490625 0.44351199531249996 0.7037086875 0.43417275 0.7930737875 0.465329884375 0.7981229171875001 0.4558746546875 0.7002393515625001 0.419162540625 0.6885566640625 0.4267465203125 0.6886735296875 0.45631693125000006
0 0.6845985515625 0.4208002609375 0.696884559375 0.41582675468749997 0.791940721875 0.4470132734375 0.7953317609375 0.4393272171875 0.68146715 0.3960734734375 0.653173859375 0.529790159375 0.66151013125 0.5377751921875 0.6845985515625 0.4208002609375
0 0.6771699 0.3908958109375 0.6879861109375 0.3862702546875 0.782251815625 0.425215490625 0.787150109375 0.41510765625 0.6704580796874999 0.3663282625 0.6428116593750001 0.50159039375 0.6480898875000001 0.5154840671875001 0.6771699 0.3908958109375
0 0.6324444859375 0.48132983124999995 0.6376467359375 0.49042320000000006 0.6651049515625 0.3565823 0.67430048125 0.351652075 0.758013090625 0.389653978125 0.761065 0.3827365453125 0.6821009953125 0.34292215000000004 0.6545495671875 0.3377429421875 0.6542138828125 0.36535555625 0.6324444859375 0.48132983124999995
0 0.651383034375 0.3329859703125 0.6583171171875 0.327214484375 0.7541286406250001 0.3706120609375 0.7586878375 0.3612728140625 0.64380358125 0.302428878125 0.612615278125 0.4447244375 0.6179684046875 0.45447040000000005 0.651383034375 0.3329859703125
0 0.6384141609375 0.3037047390625 0.652999115625 0.2974986828125 0.7435721015625 0.34282473750000003 0.749601096875 0.3331375390625 0.6349437015625 0.2797465140625 0.6038313796875 0.4268423875 0.6092593234375 0.4324406578125 0.6384141609375 0.3037047390625
0 0.6225056484375 0.2751194203125 0.6320402765625001 0.2694206234375 0.72973675625 0.316501959375 0.732900971875 0.30336297343749996 0.6163586249999999 0.2462882140625 0.5855105328125 0.3967631625 0.593388228125 0.401781521875 0.6225056484375 0.2751194203125
0 0.5604416171875 0.35313822500000003 0.568620953125 0.3594618265625 0.598831715625 0.2352942234375 0.6088562703125 0.22947942968750001 0.7087019328124999 0.2836235859375 0.714542715625 0.27535759375 0.5943053296875 0.20676768281250002 0.558933215625 0.346612065625 0.5604416171875 0.35313822500000003
0 0.6677231203125 0.6205295343749999 0.6732996359375 0.60888449375 0.56791143125 0.5374675843750001 0.55408301875 0.5648326906250001 0.5475593796875 0.5863079921875001 0.560416034375 0.57434669375 0.5683674109375 0.5662693890625 0.5830657546875 0.562789790625 0.6677231203125 0.6205295343749999
0 0.72729199375 0.48252855625 0.7185804296875 0.5170924578125 0.7405987984375 0.5020931953125001 0.8320382265624999 0.5444608609375 0.8354292624999999 0.53677479375 0.72729199375 0.48252855625
0 0.6822782968750001 0.1870396703125 0.6799995671875 0.051978562500000006 0.686856509375 0.032458782812499996 0.6950335671875 0.0208864140625 0.7889929515625 0.022734470312499998 0.7904616296875 0.013438515625 0.6694033 0.0083691234375 0.6762095703125001 0.1809047265625 0.6822782968750001 0.1870396703125
0 0.64206069375 0 0.6499857125 0.159971684375 0.647487628125 0.1594827640625 0.654988796875 0.167343559375 0.6523323890625 0.0261769359375 0.6630714281250001 0.0078031203125 0.7604978671875 0.006765415625 0.754651496875 0 0.64206069375 0
0 0.7435668734374999 0.23310343281249998 0.7346788140625 0.2840787765625 0.7396168453125 0.2897931125 0.7547993484375 0.241457525 0.7554718171875 0.19518039375000001 0.7556543078125 0.1490192265625 0.7660168390625001 0.1334878453125 0.8635952453125 0.1420507734375 0.8708298484375 0.12863652812499998 0.7470949484375 0.1186941140625 0.7435668734374999 0.23310343281249998
0 0.7302646984375001 0.249330703125 0.7307385187500001 0.12394291718749999 0.7274574703125001 0.1075114578125 0.74038309375 0.094126603125 0.8438396921875 0.09234969531250001 0.8434234625 0.0793700109375 0.7208204734375 0.0787962453125 0.7253652500000001 0.2504905703125 0.7302646984375001 0.249330703125
0 0.7221181718749999 0.20514130156250002 0.717462209375 0.048616534375 0.7226247609375 0.0418877234375 0.7653305421875001 0.072389171875 0.7744886953125001 0.06953275625000001 0.714971609375 0.0244263265625 0.697672678125 0.0278332359375 0.7144661375 0.1966278796875 0.7221181718749999 0.20514130156250002
0 1 0.54024784375 0.9163515437499999 0.49711181406250005 0.8695598515625 0.6389712750000001 0.8741973468750001 0.6523282890625001 0.9190304203125 0.519880740625 0.922723146875 0.5134999453125 1 0.5509656296875 1 0.54024784375
0 1 0.5138152484375 0.9120058953125 0.46830437031249994 0.872713040625 0.6001286703125001 0.8768593984375 0.6046536875 0.9138931328125001 0.48988411249999997 0.9191316625000001 0.48795560625 1 0.5275487671875 1 0.5138152484375
0 1 0.483291978125 0.8974163453124999 0.438718496875 0.8664174484375 0.5885408062499999 0.8697733624999999 0.60082459375 0.9022818156250001 0.46647641249999994 0.9080851484375 0.46028427499999996 1 0.4965737671875 1 0.483291978125
0 0.893157665625 0.4404149828125 0.8983950875 0.42953852656249997 0.9891551625 0.4644953734375 0.9985015421875 0.4602178078125 0.8880279578125 0.40927795468749995 0.8602318140625 0.5528354609374999 0.8638123015625 0.5526761484375 0.893157665625 0.4404149828125
0 0.85506465625 0.5237722890625001 0.8616233484375 0.5297912109375 0.8788721546874999 0.43003029374999996 0.8778151078124999 0.41651397343749996 0.8814306921874999 0.3963848828125 0.9606952156249999 0.42855652031249997 0.9673275718750001 0.42147978437500005 0.8728736500000001 0.38395572968749997 0.8734816171875 0.4223581765625 0.85506465625 0.5237722890625001
0 0.8686897953124999 0.38150455 0.88365125625 0.3724560609375 0.9681543187500001 0.40269922031250005 0.974334190625 0.3936646125 0.8700428078125 0.3515861703125 0.8411029093750001 0.4890159609375 0.8472595015625 0.4967102671875 0.8686897953124999 0.38150455
0 0.8658589515624999 0.3491349921875 0.87249135625 0.34205827499999997 0.9651352234375 0.371750875 0.9706368765625 0.36425350624999997 0.8634817578125 0.327671296875 0.8356096281250001 0.46642847343750005 0.8405476859375 0.472142746875 0.8658589515624999 0.3491349921875
0 0.9696546875 0.3465894875 0.9709725265625 0.33664092968750003 0.856202821875 0.2894714453125 0.8340229562499999 0.43720598749999995 0.861897403125 0.3163447703125 0.8741834109375001 0.31137126406250004 0.9696546875 0.3465894875
0 0.8288954890625 0.423964965625 0.8440302046875001 0.2971714359375 0.8477592203125001 0.27976879375 0.92984998125 0.30851800625000003 0.9394220125 0.3007453484375 0.834528428125 0.265004421875 0.8343061687500001 0.29534346718750004 0.8234675375 0.4183666671875 0.8288954890625 0.423964965625
0 0.8329451609375 0.26262593437500004 0.840369171875 0.2567384546875 0.9283767031249999 0.282022003125 0.9379861515625001 0.27217552968750003 0.8243109390625 0.23644849531249998 0.8039652281249999 0.39471591875 0.81129148125 0.39922266875 0.8329451609375 0.26262593437500004
0 0.8155679687499999 0.24333655625 0.8282679328125001 0.23344676562500002 0.9220787984375001 0.2525381921875 0.9256580890624999 0.243430921875 0.8100242296875001 0.21711585000000003 0.8004535140625 0.3704708796875 0.8073684171875 0.373306615625 0.8155679687499999 0.24333655625
0 0.8046348484375001 0.21839170000000002 0.8103247890624999 0.2094730765625 0.9111831328125 0.22551950468749998 0.91348086875 0.21533892968749999 0.7974705078125 0.191866303125 0.7878887578125 0.3492977578125 0.7953432 0.354815246875 0.8046348484375001 0.21839170000000002
0 0.7821182359375001 0.1964438671875 0.7933097906250001 0.18002788593750002 0.8952988749999999 0.1964949234375 0.8978983015625 0.1876196234375 0.7763851265625 0.162696384375 0.7683773578124999 0.318089221875 0.7770466609375 0.32429680312500003 0.7821182359375001 0.1964438671875
0 0.05509255625 0.33669536718750004 0.011005996875 0.3151705265625 0.01165415 0.333731171875 0.15045575 0.3847065796875 0.15894492968750001 0.3763325171875 0.08949935625 0.3540076859375 0.05509255625 0.33669536718750004
0 0.70836613125 0.6610965671875 0.7528772203125 0.5627964765625 0.7575251734374999 0.5584722125 0.7674496828125 0.55719739375 0.8422841234374999 0.6121992484375001 0.8500307125000001 0.6049921328125001 0.7557763015625001 0.5334529531250001 0.7052273234374999 0.656824590625 0.70836613125 0.6610965671875