0 0.25685505000000003 0.48426770625 0.1226951515625 0.6243637671875 0.12319111406250001 0.6341036640625 0.13515661406249999 0.6377664234375 0.24175839062499999 0.5273159796875 0.2477282421875 0.5193442625 0.26275315625 0.5243855875000001 0.366688346875 0.677548353125 0.3770205015625 0.6701015109374999 0.3758625328125 0.6557483234375 0.25685505000000003 0.48426770625
0 0.12845943906249999 0.559828225 0.139644828125 0.574377534375 0.25202418125000003 0.45788585625 0.25926443906249996 0.45855492656249996 0.2737231875 0.46622271406250004 0.37443911406249997 0.6104428734375 0.3800135421875 0.60949685 0.38387473125 0.5936592375 0.2594959796875 0.418029353125 0.12845943906249999 0.559828225
0 0.1301402078125 0.50018780625 0.13851734375 0.5161814031249999 0.2531286015625 0.39867829062500004 0.2669738953125 0.39569605625 0.3727563546875 0.5517082890625 0.3812087421875 0.5509064875 0.3839485453125 0.5371569828125 0.26903110625000004 0.364349646875 0.26079274531249996 0.356891375 0.1301402078125 0.50018780625
0 0.2606464640625 0.29112605937499997 0.12733423125 0.44176844062500004 0.128252884375 0.4496027609375 0.1376018046875 0.458137725 0.24776007187500002 0.33949262812500003 0.2547388875 0.335145253125 0.2671797484375 0.3355643234375 0.3745373015625 0.49257449375 0.3860382515625 0.49631603750000003 0.38508343906250003 0.4768675578125 0.2606464640625 0.29112605937499997
0 0.1290389296875 0.3834371359375 0.1302152875 0.391703334375 0.1395750328125 0.3970735015625 0.25783351875 0.2719928921875 0.2694360421875 0.2731868703125 0.3778134109375 0.430656525 0.3844983734375 0.4307872796875 0.3897423 0.4178779421875 0.2614184421875 0.22836786875 0.1290389296875 0.3834371359375
0 0.1288785453125 0.3210792609375 0.1278262328125 0.33011420625 0.1392364515625 0.33323861875 0.24905337656249998 0.20579501093750002 0.26085905781249996 0.2018937109375 0.3713884640625 0.35456998125 0.38539355 0.3591517703125 0.3911927890625 0.34678085468750003 0.25534559687499997 0.15791495312499998 0.1288785453125 0.3210792609375
0 0.2699411453125 0.09850418749999999 0.2588248328125 0.0909017453125 0.12781401875 0.2523067765625 0.1313163109375 0.259936175 0.1376965578125 0.2677097578125 0.249563959375 0.1380204140625 0.261935725 0.13149265000000002 0.373554015625 0.29157531875 0.38308441718749997 0.30134470156250004 0.3925782265625 0.2946727171875 0.3905819484375 0.28109437812500004 0.2699411453125 0.09850418749999999
0 0.28180755468749996 0.10681157187500001 0.4065167515625 0.2944046796875 0.539022753125 0.13021550312500002 0.529593915625 0.1178985140625 0.41399941562500003 0.251383371875 0.39656107500000004 0.246119040625 0.388605790625 0.2373475109375 0.289838703125 0.09342925468749999 0.27972053125 0.092616 0.2781129375 0.101112584375 0.28180755468749996 0.10681157187500001
0 0.2835817734375 0.2937593765625 0.2793023140625 0.3041620703125 0.40187828124999997 0.48307339687499995 0.532925621875 0.3381096765625 0.5236890859375001 0.323862240625 0.43186165625 0.431172703125 0.42304635625 0.4295057640625 0.40396795 0.442232459375 0.3944159109375 0.438792803125 0.3851468609375 0.434039803125 0.37817886562499997 0.43522232499999997 0.2835817734375 0.2937593765625
0 0.41178784375 0.38207378125 0.3993361609375 0.3848195375 0.3839916171875 0.36465011875000003 0.3731366640625 0.3620641078125 0.2785071078125 0.23009563593750001 0.27525726875 0.24168518749999998 0.40560805 0.4242414015625 0.4105472640625 0.41897502500000006 0.41579123281249997 0.40606570781249995 0.5364048578125 0.271096446875 0.5351345000000001 0.262455703125 0.5259670546875 0.25515510468749997 0.434016384375 0.3713428671875 0.42556407968750004 0.3721446796875 0.41178784375 0.38207378125
0 0.28236012499999996 0.16238638125 0.274270740625 0.165656996875 0.273474921875 0.1771171921875 0.4044419453125 0.35801655 0.5322917390625 0.19778055625 0.5260022515625 0.190624153125 0.45393174218750004 0.276869021875 0.44463023125 0.2816105484375 0.416196128125 0.3149029125 0.4016032703125 0.3192772328125 0.383065225 0.3097713265625 0.28236012499999996 0.16238638125
0 0.27372407656250003 0.4699733390625 0.2689446671875 0.48280381562499997 0.2701672734375 0.48239904375 0.38850744375 0.65482275 0.398081215625 0.6519328437499999 0.526207278125 0.5194842609375 0.5242001375 0.509070728125 0.4192167875 0.60785969375 0.41365321875000005 0.605640884375 0.3953223828125 0.616975546875 0.38279081875 0.6159392609375 0.3752675234375 0.616583440625 0.27372407656250003 0.4699733390625
0 0.375654859375 0.5576861265625 0.2786306328125 0.426334978125 0.3940046453125 0.5950582515625 0.400609721875 0.5914069390625001 0.522493675 0.465078503125 0.520951090625 0.45458610781250003 0.4287932125 0.5499333265625 0.4183811390625 0.5535981343749999 0.41152556249999994 0.549068184375 0.4035160609375 0.556120853125 0.3864407125 0.5533252765625 0.375654859375 0.5576861265625
0 0.37929389375 0.4982369734375 0.3699341515625 0.4928668328125 0.2783469390625 0.36321976562499997 0.3913325125 0.5347823796875 0.3993095078125 0.5372241953125 0.40433949843750006 0.5325749953125001 0.527990878125 0.40531400624999997 0.5220061125 0.39051470781250003 0.42889750781249997 0.49234926406249996 0.417204246875 0.4905381015625 0.40474170625 0.496448690625 0.3904427109375 0.4963449328125 0.37929389375 0.4982369734375
0 0.44664840781250004 0.2768547625 0.5652116031250001 0.14413130000000002 0.5784907718750001 0.14377552031250002 0.6805677921875 0.29725360625 0.690210621875 0.30131054062499996 0.69536381875 0.287784071875 0.57409865625 0.097708653125 0.43694122343749997 0.2663132625 0.44664840781250004 0.2768547625
0 0.418261671875 0.359803371875 0.41742332812500005 0.360578253125 0.428438078125 0.3707283140625 0.540711803125 0.2308484453125 0.5509315359375 0.229114078125 0.6731542 0.3836014984375 0.6770627609375001 0.381040384375 0.6812760859375 0.3708363828125 0.5474576828125 0.186054375 0.418261671875 0.359803371875
0 0.41389618281249996 0.5903087609375001 0.4169797234375 0.597775684375 0.42020979843750006 0.60355349375 0.538900284375 0.48788856562499994 0.5498676203125 0.4847621078125 0.64823924375 0.6357060625 0.658357421875 0.6365193640625 0.662933703125 0.628784121875 0.5496238609375 0.4474802390625 0.41389618281249996 0.5903087609375001
0 0.5502942375 0.3872696875 0.4159043765625 0.5321680125 0.41708399687500003 0.5401915984375 0.423554965625 0.5485823921875 0.536489584375 0.43262908906249997 0.544386665625 0.43128889375 0.5549802171875 0.428858478125 0.6536240249999999 0.5816540406249999 0.6625409359375001 0.5807734078125 0.667603384375 0.566629678125 0.5502942375 0.3872696875
0 0.5618243921875 0.3291136890625 0.5533029921875 0.32296866875 0.41742801875 0.474478934375 0.41609341093749996 0.477834503125 0.4269158578125 0.48991499687499995 0.53754946875 0.3680262140625 0.54563885 0.364755584375 0.5573429703125 0.3634019140625 0.658763128125 0.5188892734375 0.6651758640625001 0.5171683984375 0.6711565859374999 0.5060318984375 0.5618243921875 0.3291136890625
0 0.41951474062500005 0.41437567968750005 0.430282690625 0.4286142421875 0.5419577859375 0.3008553140625 0.5599622171874999 0.3034932171875 0.6556590109375 0.44919771875 0.6665938484375 0.45556579687500004 0.67378669375 0.442958371875 0.5593554562499999 0.2637425203125 0.553258271875 0.25465570937500004 0.41951474062500005 0.41437567968750005
0 0.5703843484375 0.5401118406250001 0.558531296875 0.5307366546875001 0.4263042859375 0.6676767453125 0.42841298125 0.6755427125 0.4328443328125 0.6830144015624999 0.5487368406249999 0.5709873015625 0.55775526875 0.56755900625 0.565721409375 0.573165678125 0.657995846875 0.715022796875 0.6668111546875 0.7166897875 0.670287703125 0.70471305 0.5703843484375 0.5401118406250001
0 0.6935148812499999 0.38365045625 0.6806583625 0.390433978125 0.6690840375 0.38911131875 0.5579428531249999 0.24295954375 0.5512827453125 0.244100215625 0.5489408578125 0.2517288703125 0.5583844171875 0.255385259375 0.5935986953125 0.31317521406250004 0.6756241828125 0.42350003750000004 0.81331028125 0.2561669921875 0.80648020625 0.25009489218750003 0.70183815 0.37632150468750003 0.6935148812499999 0.38365045625
0 0.6615136484375 0.317426684375 0.565246825 0.1674462296875 0.555497846875 0.16844334218749998 0.5503425921875 0.18049370781250001 0.6761546890625 0.35307013593750003 0.805955259375 0.2061394015625 0.8077201296875 0.19795130625 0.7992645046875 0.18755340468749998 0.687098528125 0.31308473281250004 0.6765614484375 0.3188172625 0.6615136484375 0.317426684375
0 0.5570024171875 0.37723547343749997 0.5518809265625 0.3794194171875 0.662162521875 0.5506871890625 0.7994531890625 0.414318184375 0.7939052625 0.4001399125 0.6978425796875001 0.5005874015625 0.6872337 0.49910092500000003 0.6759084328125 0.5095688328125 0.6692107171874999 0.5212236125 0.6593561984375 0.524868153125 0.559627190625 0.3715309671875 0.5570024171875 0.37723547343749997
0 0.5579214296874999 0.3060822484375 0.5513517328125 0.3085119625 0.5496811734375 0.31734141718750003 0.5554627171875001 0.319647184375 0.66344743125 0.4853883234375 0.7705299140624999 0.3791263859375 0.766124815625 0.3693558375 0.7096646484375 0.42955599375000003 0.6946435828124999 0.44853971406250004 0.6833633875 0.44585238125000004 0.6616895984375 0.463335628125 0.5579214296874999 0.3060822484375
0 0.5482821359375001 0.4375704671875 0.6562901671875 0.6118395890625 0.7974381109374999 0.4724187140625 0.794152271875 0.46189152031249997 0.6949487421875 0.56740575 0.6803222296875 0.56249810625 0.66957780625 0.5721732703125 0.6650470984375 0.5886456734375 0.6525217875 0.5838432953125 0.5546016375 0.433264925 0.5482821359375001 0.4375704671875
0 0.8380002109375001 0.20217190624999998 0.8265161515624999 0.19026480625 0.685148675 0.3542019296875 0.687019521875 0.3621980609375 0.6983789828125 0.37089322343750003 0.811294396875 0.24042044218749997 0.8250013062500001 0.23670867499999998 0.8320574625000001 0.23504931562500003 0.9342967484375 0.391360859375 0.9416416140624999 0.3845719671875 0.9441136609375 0.3753769359375 0.8380002109375001 0.20217190624999998
0 0.9387753703125 0.525425415625 0.940502803125 0.51589489375 0.844821334375 0.3450762796875 0.83720055625 0.333437290625 0.8282656515625 0.3294112 0.68592025 0.48196759531250005 0.6842007031249999 0.48918743906250006 0.6880481703125 0.49407690625 0.6969909859375 0.49579229375 0.817659665625 0.37785976718750003 0.8273045437500001 0.37252802812499997 0.8363136015625001 0.37469405 0.9221801218750001 0.521313734375 0.930627540625 0.5291175015625 0.9387753703125 0.525425415625
0 0.937458978125 0.4577950546875 0.8321880015625001 0.27613343281249997 0.8262472187500001 0.2688279984375 0.684018484375 0.42690699218750006 0.6835893390625001 0.43344600624999996 0.695420478125 0.44298483437499997 0.8070138484375 0.3224356421875 0.8167328765624999 0.31524383437500003 0.830961890625 0.317447740625 0.9131954875 0.45590846718750005 0.9252916375 0.4672498421875 0.9347802749999999 0.46794886875 0.937458978125 0.4577950546875
0 0.9360957187500001 0.6348810031250001 0.844510896875 0.47537570625000003 0.8343992874999999 0.45861702031249996 0.825861884375 0.45729466875 0.6897855484375001 0.60047353125 0.688611828125 0.6066770296875 0.696314665625 0.6141452453125 0.8162229703125 0.500498571875 0.828308209375 0.4952145609375 0.8355552140625001 0.49721774218750003 0.9143388671875 0.6334927718750001 0.923027584375 0.65003109375 0.9333428687499999 0.646894903125 0.9360957187500001 0.6348810031250001
0 0.8451565546875001 0.4253843984375 0.8334312265625 0.4047427578125 0.8247771546875 0.397897803125 0.6850125265625 0.5490924749999999 0.6839050671875 0.5557465640625 0.690789171875 0.564739371875 0.807114984375 0.44800572812499995 0.820697325 0.4410820390625 0.8314684609375 0.44341089843750003 0.92430115625 0.59485265 0.9336068531249999 0.589578471875 0.9352018109375001 0.57914668125 0.8451565546875001 0.4253843984375
0 0.6579666390625001 0.67751564375 0.7952027234375 0.544403628125 0.7856476140625 0.53108618125 0.6924165640625 0.6203920484375 0.6628859546875 0.642765178125 0.6523998546875001 0.641718453125 0.5551691421875 0.497120084375 0.547705875 0.495964115625 0.5481484609375 0.505175421875 0.5631147484375 0.5304947859375 0.5789981640625 0.547583365625 0.6579666390625001 0.67751564375
0 0 0.442631371875 0.12890131093749999 0.60959355625 0.256798909375 0.476573996875 0.2538962890625 0.46537859531250003 0.24990810468750002 0.46104628437499995 0.1404499546875 0.5770222265625 0.12255620625000001 0.5778326781249999 0.11480988125 0.5735815468750001 0.08910542187500001 0.54121005625 0.078188309375 0.5324879140625 0.00209028125 0.42518282812499997 0 0.42682870156249997 0 0.442631371875
0 0.125809503125 0.332990434375 0.0991926484375 0.2944333234375 0.0886046453125 0.2902660453125 0.0060244765625000005 0.176383175 0.0016108078125000001 0.1870724203125 0.10189248125000001 0.3297598640625 0.11525979687500001 0.346046396875 0.13668690781249998 0.36626654375 0.2554403703125 0.227493334375 0.2659560296875 0.22438339062499998 0.26443514375 0.21403859218750002 0.25287387968749997 0.21003651093750003 0.13422680781250002 0.346140925 0.125809503125 0.332990434375
0 0 0.1214424359375 0.13618718125 0.305836509375 0.2536943828125 0.15343055 0.26339489843749997 0.1595763203125 0.268078925 0.1515459515625 0.2649272453125 0.1415059578125 0.25325349375 0.1390345015625 0.1373679984375 0.2711286796875 0.12733865625000002 0.265595296875 0.015314898437499998 0.10483390781249999 0.0013390671875 0.106649140625 0 0.11172500156250001 0 0.1214424359375
0 0 0.230099665625 0.0895637515625 0.351069878125 0.098322990625 0.3495833671875 0.10060003749999999 0.3379313671875 0 0.19494060468750002 0 0.230099665625
0 0 0.15971971406250002 0.08873374843750001 0.2809665859375 0.0961281640625 0.2803743875 0.095496828125 0.265902559375 0 0.1314910671875 0 0.15971971406250002