0 0.1985784484375 0.36113516875 0.21191404062500002 0.38136775 0.35468275781249997 0.30972642499999997 0.3841349765625 0.302768303125 0.41147227812500003 0.32047559375 0.525763296875 0.46038472500000005 0.5490073875 0.461079896875 0.5525605640625 0.4489662359375 0.39639024218749996 0.26474933906250003 0.1985784484375 0.36113516875
0 0.2144127578125 0.3266459296875 0.390464896875 0.2599091390625 0.40872165312500003 0.25476427031250004 0.53746369375 0.4243771984375 0.5550938249999999 0.4225964578125 0.5583400953125001 0.4133608140625 0.41423433125000003 0.21827074999999999 0.2036111109375 0.31501140625 0.2144127578125 0.3266459296875
0 0.22885326875 0.2785011984375 0.41051815312500006 0.210340503125 0.43402450625 0.2161851671875 0.54891613125 0.3831510765625 0.5702287015625 0.3799880859375 0.5729674625000001 0.370375684375 0.4339083140625 0.172577146875 0.2125598828125 0.2641527921875 0.22885326875 0.2785011984375
0 0.5131460921875 0.1951508140625 0.48759725 0.15299225624999999 0.479604034375 0.13801424375 0.46116085937499995 0.1286649828125 0.2303079140625 0.2118706859375 0.24264908593749998 0.21849421875 0.43940107968750003 0.1583140046875 0.46154947812499997 0.16296296562499998 0.5580386828125 0.32200452031250004 0.578732778125 0.34680256875 0.5969290953125 0.34372662656249997 0.5935852234375 0.327612903125 0.56334146875 0.27640533125 0.5131460921875 0.1951508140625
0 0.446617834375 0.1190414828125 0.4757975 0.12139338125000002 0.58724679375 0.3107946453125 0.6041458546875 0.3044541015625 0.49162779062500006 0.0901668140625 0.247665271875 0.1592447390625 0.25701824375000004 0.172786865625 0.446617834375 0.1190414828125
0 0.6307255234375 0.266652828125 0.61180796875 0.2235591671875 0.5641917875 0.126834190625 0.5160957328125 0.046420103125 0.259403840625 0.12183148749999999 0.266041290625 0.1329822015625 0.2780591125 0.1429509296875 0.3238568609375 0.1294685734375 0.3798059828125 0.1138750421875 0.49106205 0.083083440625 0.515215425 0.0981111625 0.604567953125 0.2729919375 0.61905665 0.2775190234375 0.6307255234375 0.266652828125
0 0.5557808234375 0.9427024296875001 0.5831445359375 0.9630109140625001 0.6046442078125 0.9612261640625 0.609042728125 0.9548853078124999 0.607374115625 0.9470612140625001 0.46745375312500004 0.8462223578125 0.43034098125 0.8187859515625 0.4131949578125 0.8096831359375001 0.2584763875 0.9070221390625001 0.25790311718750003 0.9135218875 0.2619767796875 0.91827753125 0.2762811515625 0.9267911312500001 0.290495365625 0.9253019921875 0.345903359375 0.8903422937500001 0.3954896609375 0.8580924812499999 0.41746734375 0.8529770640625 0.4447742203125 0.86214470625 0.5557808234375 0.9427024296875001
0 0.597753596875 0.9190383640625001 0.60092309375 0.9073392265625 0.4471408796875 0.7863746125 0.4280837609375 0.7695885859375 0.4162390125 0.764922084375 0.4047346078125 0.7671071609375 0.24554805468750002 0.8670927531249999 0.25592592187499996 0.8774474375000001 0.26833055625 0.8845293265624999 0.2990726828125 0.8683578000000001 0.3934148234375 0.8116130984375 0.42006054062500003 0.805366890625 0.528024325 0.8883745062499999 0.5700190453125 0.9186368109374999 0.5823635015625 0.9228284999999999 0.597753596875 0.9190383640625001
0 0.442352746875 0.774787940625 0.4644144234375 0.7930530109375 0.5744993843749999 0.8789280406250001 0.5863818015625 0.8785954796875 0.596032375 0.8760051890625 0.60423115 0.8706768 0.5948014500000001 0.8615254796875 0.40848311718749997 0.7172198859375001 0.23800789218750001 0.8221522109375 0.24724122187500003 0.8329161375 0.26543747500000003 0.8393124249999999 0.2743663140625 0.8352108218750001 0.2883654296875 0.8279868296874999 0.30829815781250003 0.81431481875 0.39250107968750003 0.7638577140625 0.40786870000000003 0.7622170765625 0.41436578593749995 0.7626863578124999 0.442352746875 0.774787940625
0 0.5681757984375 0.8325872562500001 0.5765538515624999 0.8349152468750001 0.5876812140625 0.8342094781249999 0.5943698796875 0.8281346703124999 0.5945864484375 0.8207370031250001 0.40200010312499995 0.6661981484374999 0.2376396375 0.7684211921874999 0.22821249375 0.7764618125 0.2249423921875 0.783504746875 0.24074854218750003 0.7930492890624999 0.257484665625 0.7969920046875 0.3835124515625 0.7177178 0.4081146609375 0.7145682671875 0.42212063750000006 0.72019226875 0.43452487968750003 0.728199634375 0.5681757984375 0.8325872562500001
0 0.46378773281249996 0.6836362703125001 0.5765848625000001 0.770144290625 0.5967492 0.773025378125 0.6049812921875 0.7665588875 0.6022060046875 0.7513234796875 0.41152848437499995 0.6131946359375 0.248067528125 0.7164104515624999 0.24957643906250002 0.7269839124999999 0.26322571093749997 0.731709996875 0.2715479609375 0.7352462453124999 0.2769582796875 0.733590821875 0.2835969671875 0.729223171875 0.393309496875 0.6554360781249999 0.4087902921875 0.649968721875 0.4386891828125 0.6644474140625001 0.46378773281249996 0.6836362703125001
0 0.26402985625 0.6469133515625 0.374782253125 0.5746664859374999 0.39988856875 0.57343133125 0.45199919531250005 0.6012823640625 0.5387535671875 0.682712175 0.55580404375 0.671199428125 0.3926864296875 0.5429256687499999 0.24357227343750001 0.6320811843749999 0.26402985625 0.6469133515625
0 0.367483503125 0.538527840625 0.38996515 0.5317978859375 0.515183896875 0.6314577906250001 0.5379986640625 0.6133489515625 0.3858550421875 0.490721484375 0.20799742656250003 0.6103030296874999 0.23132195000000003 0.6223543593749999 0.367483503125 0.538527840625
0 0.216088496875 0.57180025625 0.37195560781250003 0.48092127968750004 0.3886426796875 0.48182194218749996 0.414743290625 0.49419577343750004 0.567148046875 0.61673528125 0.5858289 0.5971082046875 0.38971055625 0.43041144062500003 0.1899878859375 0.5594264250000001 0.216088496875 0.57180025625
0 0.377785409375 0.424510490625 0.39308437343749997 0.4252498453125 0.554751246875 0.5644348203125 0.583027471875 0.55007434375 0.38306098125 0.37199679375 0.1889984078125 0.49807158749999997 0.21362018749999998 0.5133875140625 0.377785409375 0.424510490625
0 1 0.8568773625 0.8083794421875 0.7131830859375 0.61809996875 0.8289477140624999 0.6190309625 0.8482811937499999 0.652617103125 0.8553317078125 0.80100154375 0.7661205265625 0.8349820015624999 0.768559784375 0.8726968359375 0.7994807359375 0.964755525 0.8704516296874999 0.9985362140625 0.8914692609375001 1 0.8910848703124999 1 0.8568773625
0 1 0.8008036640625 0.8091367046875 0.6536211859375001 0.6189574671875 0.76560804375 0.6136435859375 0.7715621046875001 0.619127403125 0.780478475 0.63082656875 0.7864054781250001 0.6420094359374999 0.78696939375 0.6577782062499999 0.781542678125 0.780947203125 0.7034653921875 0.81179345 0.70122516875 0.836013475 0.7111761796875 0.858125128125 0.727734096875 0.9805726859374999 0.8230391218750001 0.9939235609375 0.82487560625 1 0.823514009375 1 0.8008036640625
0 0.653717609375 0.6855710375 0.7965470234375001 0.61186076875 0.8188165578125 0.6123719109375 0.9548067921875001 0.7247008296875 0.9785855703124999 0.721235459375 0.980125096875 0.7162245171875 0.820076953125 0.578555225 0.63458756875 0.6729689921875 0.653717609375 0.6855710375
0 0.9498882468750001 0.6769834218749999 0.969962334375 0.66896325 0.9797208140624999 0.6575263671875 0.8784417187500001 0.559245721875 0.8269083453125001 0.5180065125 0.602939240625 0.6422408234375 0.609774159375 0.6590307531249999 0.6301251234375 0.6651203640625 0.6476032765624999 0.661997953125 0.7974865484375 0.5789164796875 0.8075605734375 0.5746735421875 0.8293835203125001 0.5751991750000001 0.8479638312500001 0.5838039140625 0.860019325 0.595556628125 0.9498882468750001 0.6769834218749999
0 0.9910724343749999 1 0.811622646875 0.8673417406249999 0.6202728359374999 0.9719894546875001 0.6461918718749999 0.99056998125 0.796143271875 0.91145934375 0.818533940625 0.9078327140625 0.9543773578125 1 0.9910724343749999 1
0 1 0.5749826375 0.8486577343749999 0.400086328125 0.5979952468749999 0.519600471875 0.6124372203124999 0.5375870890625001 0.6277453390625001 0.55061103125 0.8200475031250001 0.45419778125 0.8595950796875 0.46374013906249995 1 0.6027469328125 1 0.5749826375
0 1 0.9527171937500001 0.829409465625 0.8251425234375 0.81816575 0.82148598125 0.8092027249999999 0.8260855578124999 0.6571168984375 0.9160632468750001 0.6352555093750001 0.9304460484374999 0.633779153125 0.9377956390625 0.64302776875 0.9449809578125 0.6599276296875 0.949294584375 0.8035966046875 0.8668003328125 0.8231474546875001 0.866721240625 0.8394325703125001 0.8704933828125 0.966646221875 0.9623632609375001 0.9982314078125001 0.9820148984375001 1 0.9823779078125 1 0.9527171937500001
0 1 0.9024026328125 0.8215460390624999 0.770641184375 0.6765241421875 0.8562687453125 0.6444565203125 0.8746366296874999 0.6276639609375 0.8881980781250001 0.631843746875 0.896204753125 0.64296403125 0.904077575 0.6580196546875 0.906766746875 0.7202283703125001 0.8712173765625 0.7323336968749999 0.8669828468749999 0.7401083734375 0.8598948734375 0.7889685546874999 0.8279655390625 0.8036288687500001 0.822617621875 0.8269641984374999 0.822508109375 0.8432081671875 0.8276856765625 0.8598611625 0.8404318640625 1 0.9390116531249999 1 0.9024026328125
0 1 0.42399041718749997 0.91588203125 0.3054207265625 0.9053490656250001 0.2990263390625 0.694802690625 0.38268264687500003 0.665399775 0.3961893390625 0.6664372609375 0.4038309640625 0.677488971875 0.41404616406250006 0.6900033234375 0.41738025156249997 0.8534127359375001 0.34987113124999997 0.8743439390625 0.3457217796875 0.8988813312499999 0.3476321890625 0.9180207390625 0.3616073625 1 0.4752955296875 1 0.42399041718749997
0 1 0.3568332796875 0.9325422812499999 0.253298271875 0.7291284109375 0.330262071875 0.6920879640625001 0.34617198125000004 0.6906390375 0.35258461875 0.697291525 0.3622887546875 0.7096961578125 0.36937064531249997 0.8761793000000001 0.3045689484375 0.899706634375 0.29790078124999997 0.9153770031249999 0.3011314375 0.9284100984375 0.3082863390625 0.93937951875 0.321312390625 1 0.416016659375 1 0.3568332796875
0 1 0.254781271875 0.9674553156249999 0.20235613125000002 0.71358389375 0.30119225625 0.7139929171875 0.308760871875 0.7194707703125001 0.3155081359375 0.7306596265625 0.3210385796875 0.9067479703125001 0.25124184375 0.9321195421875 0.24619813124999998 0.9522851375 0.24666052343749997 0.9752227390625 0.2601368 1 0.2960518046875 1 0.254781271875
0 1 0.6115123234375 0.8476343203125 0.45936787968750004 0.8330477875 0.4554257640625 0.6433573078125 0.56093905 0.605278440625 0.5848976609375 0.6035360921875 0.589745646875 0.6100117125 0.6003310749999999 0.6256433609375 0.6072040734375 0.638049496875 0.6083643640624999 0.8077611953125 0.5157012484375 0.8285473796874999 0.513901809375 0.848867703125 0.5151386640625 0.8667439625 0.5354769296875 0.99993268125 0.660238040625 1 0.6602284 1 0.6115123234375