0 0.5407031234375 0.482033403125 0.5503985 0.4593443875 0.31126461875 0.1326504484375 0.1084225453125 0.40075002968750006 0.068190915625 0.4552531765625 0.06831193906250001 0.4790687953125 0.0775848140625 0.4977923671875 0.0979877875 0.4959110765625 0.278592221875 0.257890740625 0.3016605484375 0.23558480624999997 0.3262846171875 0.2391786453125 0.51140878125 0.4857734953125 0.52798344375 0.49343421093749995 0.5407031234375 0.482033403125
0 0.5243900218750001 0.5959066984375 0.54297676875 0.57135888125 0.5434372234375 0.5529845812499999 0.30923821875 0.2554574703125 0.073134028125 0.5638880140625 0.0710501578125 0.5897539765625 0.076528559375 0.6013238359375 0.08633368125 0.608015678125 0.099030803125 0.60774535 0.2746214109375 0.3795148609375 0.2954961203125 0.3536940296875 0.319870984375 0.35495587500000003 0.3370271296875 0.368057909375 0.500486890625 0.5707053156249999 0.5243900218750001 0.5959066984375
0 0.5357662859375 0.6626670781249999 0.5422373890625 0.643830909375 0.32626313906250004 0.375076378125 0.30894085625 0.36041968281250003 0.20038416875 0.5070869921875001 0.13054132031250001 0.5963896734375 0.078752971875 0.6731762640625 0.08176599375 0.6900297125 0.0952938 0.6975326953125001 0.109342575 0.698569190625 0.29011314375 0.4621035171875 0.3064611609375 0.45630176093749997 0.3265205828125 0.45687638125 0.339870975 0.4683899421875 0.5149254109375 0.67179219375 0.5357662859375 0.6626670781249999
0 0.5302130546875 0.7297879 0.5393043953125 0.7127880421875 0.3177953515625 0.460289846875 0.306034540625 0.4579803421875 0.21224756562499997 0.5840766000000001 0.0932366046875 0.752002184375 0.09667624687500001 0.7671770515625 0.10664750625 0.77542355625 0.1217043828125 0.780222784375 0.2912843421875 0.552454165625 0.3075492890625 0.5458750765625 0.3290547109375 0.542968615625 0.35406028749999996 0.567144825 0.5136045546875 0.738822903125 0.5302130546875 0.7297879
0 0.2667650140625 0.8730749390625 0.279141140625 0.8641300453125 0.410515603125 0.9757392140625001 0.4601160203125 0.9731397656249999 0.27519896718750003 0.8045571875 0.1377286734375 0.9900353703125001 0.176804815625 0.9879874765625001 0.2667650140625 0.8730749390625
0 0.2779864203125 0.93271541875 0.29888780625 0.935498115625 0.3465870953125 0.9790895640624999 0.40459805 0.9760493390624999 0.2754902453125 0.869661475 0.188173590625 0.9873916640625 0.2357411109375 0.98489875625 0.2779864203125 0.93271541875
0 0.2813655515625 0.935982475 0.244728253125 0.9844277609375001 0.33122839531250003 0.9798944796875 0.2813655515625 0.935982475
0 0.6055507796875 0.8109910984375001 0.5899011484375001 0.8063157890625 0.47625884375 0.9564303765625001 0.47546611250000004 0.9716953515625001 0.49706021875 0.9696187609375 0.624081134375 0.8142694765625 0.6418033609375 0.7986440625 0.657796546875 0.8008634562499999 0.7577850203125001 0.914264021875 0.7920819109374999 0.9062993234375 0.6539148859374999 0.753198409375 0.6055507796875 0.8109910984375001
0 0.55515049375 0.9574745859375 0.6184448359375 0.8806129640625 0.6368428875000001 0.8656409609375 0.6513182828125 0.864998871875 0.7056223234375001 0.9251689953125 0.746611303125 0.917448378125 0.639243634375 0.808715559375 0.51272679375 0.96311105 0.55515049375 0.9574745859375
0 0.7145638078125 0.6062154828125 0.5776265281249999 0.76517353125 0.5754708671875 0.784696921875 0.58609539375 0.8047273171875 0.6085145703125 0.8103714984374999 0.8028242265625 0.5758435703125 0.8248618953125 0.5609053796875 0.8480512421874999 0.5624150640625001 0.9135500125 0.6536221390625 0.9596483390625 0.7175477906250001 0.9630270859375001 0.653077453125 0.8463703562499999 0.47296566562500003 0.8372410609375001 0.46692723750000004 0.805341878125 0.50299978125 0.7145638078125 0.6062154828125
0 0.5854575203125 0.6867260984375 0.5958036015625 0.699317125 0.6134779921875 0.7015237515625 0.6316007531250001 0.6763418359375 0.82462906875 0.455989753125 0.8461656234375001 0.45222508437500003 0.863983765625 0.461040934375 0.919986659375 0.5481846015625 0.9646978265625 0.621197809375 0.96854618125 0.54776685 0.8515480546875001 0.35519918281249996 0.7736735796875001 0.437134453125 0.583529759375 0.668686671875 0.5854575203125 0.6867260984375
0 0.5865674703125 0.5655116718750001 0.58584206875 0.5745156921875 0.5923259875 0.593078015625 0.612653540625 0.6043200453125 0.6682555859375 0.540319534375 0.8352159484375001 0.349761153125 0.8555749109375 0.3455049703125 0.8748895578125 0.352532571875 0.9063800000000001 0.3998011890625 0.9698284515625 0.5232996703125 0.9743802578125 0.436446021875 0.8659199921875 0.242277709375 0.7935479390625 0.32306266093749997 0.6905308359375 0.44345055625 0.5865674703125 0.5655116718750001
0 0.5968916140625 0.47261655312500006 0.6093510859375 0.489191946875 0.620576790625 0.49422211093749996 0.8240806468749999 0.261352278125 0.8515575234374999 0.23421482187499998 0.8750637156250001 0.22782529375 0.8951599390625 0.23690259375 0.974460328125 0.3951585921875 0.9607346796874999 0.2667178890625 0.894433534375 0.13008832343750001 0.8770780546875001 0.125601934375 0.8159526453125 0.20108490781250002 0.6912028890624999 0.344458603125 0.5930713265625001 0.4579235640625 0.5968916140625 0.47261655312500006