0 0.382490828125 0.1820810796875 0.3945776359375 0.1907555203125 0.4951612953125 0.0797567421875 0.5045588875 0.072750615625 0.5114539703125 0.07850167031250001 0.56697085625 0.22823976250000003 0.5733387265625 0.22876249375 0.580950346875 0.22074564375 0.511957115625 0.03965524375 0.382490828125 0.1820810796875
0 0.2871061203125 0 0.3764961359375 0.18434455 0.508957171875 0.038266853125 0.511752384375 0.0217548359375 0.50574385625 0.02283111875 0.3897607828125 0.1414870640625 0.38181571718749996 0.139788521875 0.37464167812500004 0.1381532734375 0.3123232796875 0 0.2871061203125 0
0 0.3270520234375 0 0.3796476734375 0.1144983296875 0.49155436249999995 0 0.461860528125 0 0.3864519703125 0.075819071875 0.34718372343750004 0 0.3270520234375 0
0 0.1980655 0.484685065625 0.043443815625 0.6477780625 0.045663959375 0.652148690625 0.0496041109375 0.6591173312499999 0.05964604375 0.6610491703125 0.1887337828125 0.5232364328125 0.1972231890625 0.52448711875 0.277722728125 0.6352033328125 0.28360439375 0.637347459375 0.293359615625 0.6270729234375 0.1980655 0.484685065625
0 0.06275140312500001 0.5955651328125 0.065628478125 0.6029676015625001 0.073072184375 0.6085625625 0.20258698125 0.47632255 0.21498800624999997 0.476233009375 0.228144490625 0.4822969296875 0.2998167375 0.5884121796875 0.3067155921875 0.57790314375 0.212805021875 0.4345213296875 0.06275140312500001 0.5955651328125
0 0.2157708765625 0.371635409375 0.0684670296875 0.5267808281249999 0.068256459375 0.5367313484375 0.069987421875 0.5418573328125 0.0788051828125 0.5436887265625 0.2061203265625 0.41237569531249996 0.2224329734375 0.41094593125 0.2322452671875 0.41728908125 0.30827523437500004 0.5331760828125 0.3138607046875 0.520344196875 0.2157708765625 0.371635409375
0 0.08079550468749999 0.4818302421875 0.0826953890625 0.4886313984375 0.0890933765625 0.49857063437500004 0.22313843281249998 0.3550734296875 0.232683053125 0.3547493984375 0.24246682812499998 0.35278370625 0.318356428125 0.47530438124999996 0.3250958609375 0.46588983281249996 0.2312459875 0.31642155 0.08079550468749999 0.4818302421875
0 0.2419416921875 0.3562291984375 0.23354594843749998 0.3630001421875 0.23023034375 0.3715882390625 0.32287513125 0.526495278125 0.3305389140625 0.524909309375 0.4470567265625 0.3855109546875 0.44056950625 0.37334933124999997 0.34035838749999997 0.48584418281249997 0.3309029796875 0.48839060625 0.326414365625 0.48802214062499993 0.2419416921875 0.3562291984375
0 0.3298986484375 0.4499265078125 0.3268676421875 0.4537258421875 0.33057819843749997 0.46510574687500006 0.33791364218750003 0.46293908593750005 0.43824249843749996 0.360975446875 0.4486924859375 0.36294081718750004 0.45125855000000004 0.373673015625 0.46268410781249997 0.3746109296875 0.46822793125000006 0.3734047171875 0.45088240625 0.3280615234375 0.444841321875 0.3270118625 0.3298986484375 0.4499265078125
0 0.32525670624999997 0.5413291734375 0.33268136875 0.5413848828125001 0.4312507421875 0.4259864203125 0.44227769375000003 0.4296604484375 0.49786698124999995 0.53279418125 0.50357015 0.530493515625 0.5047657625 0.5222851609375 0.446792496875 0.390159878125 0.3240227640625 0.5310855140624999 0.32525670624999997 0.5413291734375
0 0.3088691171875 0.6396619390625 0.4309116421875 0.4935180953125 0.4243637953125 0.4874429453125 0.4192280140625 0.48868265781250003 0.415864875 0.483422690625 0.3134029015625 0.605700559375 0.2287145734375 0.48688772187499996 0.22049287031249998 0.4923042515625 0.217330125 0.49841704218749994 0.3088691171875 0.6396619390625
0 0.2216480265625 0.42483954218750003 0.2177556375 0.4304574375 0.3090677859375 0.5787638875 0.3161641109375 0.578238890625 0.4153711390625 0.458462659375 0.4122375546875 0.44879137187499996 0.3330894453125 0.54141838125 0.327803790625 0.5465221546875 0.318727840625 0.5407932265625 0.308446809375 0.5405030171874999 0.23158167500000001 0.4190097921875 0.2216480265625 0.42483954218750003
0 0.3116148671875 0.5839568890625 0.3133648421875 0.5946221031250001 0.3181851625 0.5941176875 0.41609442812499997 0.4790113734375 0.427032165625 0.4804630171875 0.42957928437500004 0.485656 0.434813784375 0.4894083046875 0.4451744875 0.4891512765625 0.45114543749999997 0.4935177890625 0.4808845046875 0.5529969968749999 0.48445831406249995 0.5483064546875001 0.43179559999999995 0.4420903734375 0.3116148671875 0.5839568890625
0 0.4281373765625 0.5409142828125 0.47936894218750004 0.6342762640624999 0.49051721718749997 0.6257773859375 0.427924440625 0.50268693125 0.3070263078125 0.6494784484375 0.3117123921875 0.659830953125 0.3205946984375 0.6540908984375 0.4171104234375 0.5372402562499999 0.4281373765625 0.5409142828125
0 0.5363968953125 0.47494815468749996 0.535229634375 0.4829618703125 0.5397081953125 0.488195225 0.6196346640625 0.3823041359375 0.629749725 0.38205322812500003 0.6663180203125 0.476963109375 0.6733331421875 0.4786202421875 0.6777559515625 0.4676299484375 0.6314559 0.34543004375 0.5363968953125 0.47494815468749996
0 0.4651790765625 0.37989710312499997 0.45827054062499994 0.3875373984375 0.5204826875 0.5260834062499999 0.61962188125 0.40176595937500004 0.617679915625 0.3929563859375 0.6148041734375 0.3905577859375 0.5405920609375 0.49043033593749996 0.5348498609375001 0.48833705156249996 0.5315943187500001 0.491313609375 0.525531534375 0.48865338593749996 0.47218495000000005 0.3788502984375 0.4651790765625 0.37989710312499997
0 0.49876004687500003 0.6253990796875 0.59295378125 0.49905373124999997 0.5896610453125 0.49121454218749994 0.5851139828125 0.4892193671875 0.5068588625 0.5947070546875 0.5006311718750001 0.5904113390625 0.44772011093749997 0.49145671718750006 0.4396840484375 0.494040865625 0.4357670546875 0.500947171875 0.49876004687500003 0.6253990796875
0 0.5231435671875 0.5354926609375 0.5136417625 0.5287656625 0.5074604968750001 0.5379897171875 0.4992594890625 0.538938415625 0.442501728125 0.43318035312500003 0.43956673281249997 0.436723865625 0.43620772187499995 0.4418958625 0.49681580312499996 0.56955404375 0.5231435671875 0.5354926609375
0 0.609851740625 0.4328614328125 0.6170318406249999 0.43615404062499996 0.65327020625 0.527793015625 0.6616268515625 0.5257758265625 0.6620751921875 0.5171624734375 0.6238483890625 0.4031941984375 0.5244664671875 0.5264104328125 0.5250483453125 0.5334864640625 0.5305478406249999 0.5344785578125 0.609851740625 0.4328614328125
0 0.6324563109375 0.5267713953125 0.5982295265625 0.45131439218749997 0.5304614421875 0.5385118421875 0.527629003125 0.537979128125 0.5238726671875 0.538106296875 0.5009334671875 0.5691094671875 0.502604428125 0.5791531 0.5085234484375001 0.5769372171875 0.5844832234374999 0.4796051484375 0.58920976875 0.47789179062500003 0.5922685984375 0.4799440546875 0.5981979265625 0.48073097656249997 0.608297253125 0.48516236875 0.6271196625 0.531136453125 0.6324563109375 0.5267713953125
0 0.5820114281250001 0.5289736859375 0.5865488546875001 0.5305446328125 0.6262693078125 0.6137032484375 0.63137489375 0.6093284671875 0.63518115625 0.6036485859375 0.5936395515624999 0.504360871875 0.49818492656249996 0.6279572765625 0.5021336265625 0.6294798968750001 0.5076382734375 0.6278474328125 0.5820114281250001 0.5289736859375
0 0.5978670484374999 0.490438871875 0.6406135921875 0.5978152828125001 0.6444404296874999 0.598129425 0.7198108000000001 0.4876654484375 0.7177296234375 0.48150225625000004 0.7146065171875 0.48044690624999997 0.6468786671875 0.5711642984374999 0.642513696875 0.568409034375 0.6051413765625 0.48344570937500003 0.6001439140625 0.48503292187499997 0.5978670484374999 0.490438871875
0 0.71163104375 0.45383633437500004 0.652046909375 0.533636965625 0.6127452921875001 0.4353321390625 0.6062896984374999 0.44079454062499995 0.6028018921875 0.4464603203125 0.6468949734375 0.558781421875 0.7171872203125 0.46068425 0.71163104375 0.45383633437500004
0 0.664162525 0.5138580625 0.7448959625 0.4054323 0.7425066578124999 0.39524891875 0.670448159375 0.49320106875 0.62665555 0.384813078125 0.623902253125 0.3935025796875 0.6245759421875 0.4011481953125 0.664162525 0.5138580625
0 0.6747161296875 0.477812121875 0.6690423953125 0.48156099531249996 0.6705325546875 0.4872288875 0.6725202625 0.4868934421875 0.7428908640625 0.3924612703125 0.7461637718749999 0.3938390515625 0.746864759375 0.398111228125 0.7707595656249999 0.4850307734375 0.776668221875 0.48307576562500004 0.7775903375000001 0.47560949375000006 0.7476467796875 0.368894840625 0.6792394765624999 0.4626558625 0.6774400468749999 0.47160287187499994 0.6747161296875 0.477812121875
0 0.728544575 0.43951901718749997 0.735298259375 0.44313654375 0.7617696765625 0.521121946875 0.7645084140625 0.5219211046875001 0.76783364375 0.5128132375 0.7401645703125 0.4146277578125 0.7126496999999999 0.45161539531250006 0.7152054062500001 0.4566113203125 0.728544575 0.43951901718749997
0 0.6485357734375 0.5631973015625 0.650165484375 0.5660796296874999 0.7169344078125001 0.47352874062500006 0.72179991875 0.4753024296875 0.7505171296875 0.5537032203125001 0.7549107609375 0.5458182218750001 0.7252458265625 0.44695449218750005 0.6471056828124999 0.5603151921875 0.6485357734375 0.5631973015625
0 0.770246865625 0.560132796875 0.8055597125 0.554556878125 0.8063878484375 0.5500439312500001 0.8049229734375001 0.5460298906250001 0.777872346875 0.5499935828125 0.7758391484375 0.5475362140625 0.7865774421875 0.4808490109375 0.7845191421875 0.4809090875 0.7830739531249999 0.48262283281249996 0.770246865625 0.560132796875
0 0.8375121453125001 0.399447390625 0.83657690625 0.47340214375 0.8741655015625 0.4461663359375 0.8730513500000001 0.4427277078125 0.8703797828125 0.441917721875 0.8454046156249999 0.459162990625 0.8421628562500001 0.46125958437500003 0.8407052453125001 0.4591709984375 0.8412707984375001 0.3958180875 0.8388678125 0.3971959671875 0.8375121453125001 0.399447390625
0 0.8750681515625001 0.4218257796875 0.8415925296875001 0.45108541874999997 0.841890871875 0.45808697499999995 0.8685867453125 0.43507620156250004 0.8723305921875 0.4355804109375 0.87225233125 0.438133590625 0.87392185625 0.44279916718749995 0.8744023609375 0.44756402656249994 0.8730183531250001 0.45001001562500004 0.8740627 0.49223070625 0.8773044593750001 0.49013411093750003 0.8750681515625001 0.4218257796875
0 0.8277424359375001 0.485671825 0.830767615625 0.488085971875 0.8600250890625001 0.4676481828125 0.8622398453125 0.47058648124999997 0.86197588125 0.5288449484375 0.8641770953125001 0.5278442875 0.865957890625 0.45514030625 0.82760584375 0.48181709531249994 0.8277424359375001 0.485671825
0 0.8695067390625001 0.474364428125 0.8730111421875 0.5407768015625 0.9073423296875 0.5026414031249999 0.9074070453124999 0.49614927187499996 0.8794109078125001 0.5290948171875 0.8768526984375 0.5275065859375 0.87672580625 0.5243458890625 0.8736625578125 0.49396989375 0.8721689921875001 0.472976696875 0.8708065640625 0.473258640625 0.8695067390625001 0.474364428125
0 0.9218989421874999 0.46721437187500003 0.9218253609374999 0.4626798046875 0.8935356703125 0.4946168 0.8913877453125 0.49424358125 0.8871177250000001 0.44191347968750005 0.88485983125 0.4433032640625 0.883579096875 0.44576510625 0.8887385859375 0.5083992703125 0.9218989421874999 0.46721437187500003
0 0.9031742515625 0.4546513 0.8848225968750001 0.43178692500000004 0.883145053125 0.43390856875 0.8828933718749999 0.4366443953125 0.8856351640625 0.4410042015625 0.8881299296874999 0.4410121078125 0.8875631296875 0.44490342812500006 0.9036716703125001 0.464339859375 0.92575956875 0.4003909890625 0.9236014906250001 0.3970635546875 0.9031742515625 0.4546513
0 0.8785210843750001 0.5226584890625 0.8782650484375001 0.5248660187499999 0.8792341046875001 0.528292753125 0.9073787046874999 0.4963438328125 0.9097068234375 0.49850387031250004 0.9128593125 0.54641061875 0.9154120234375 0.5379568890625 0.9124727328125 0.48455467656250006 0.9103531359374999 0.4839868890625 0.8785210843750001 0.5226584890625
0 0.9311470078124999 0.4580912296875 0.9159784953125 0.5244759921875 0.9168409656250001 0.52868373125 0.9423659921875001 0.53023945625 0.944548815625 0.525382375 0.9437184296875 0.5227960687500001 0.921206615625 0.5189695609375 0.9212429343749999 0.5141161375000001 0.9343248375 0.4574527640625 0.9321721546875 0.4556572515625 0.9311470078124999 0.4580912296875
0 0.9152592171875 0.5424039890625 0.9130504921875 0.5474388140625 0.9004222484375 0.59730449375 0.9028110203124999 0.598399928125 0.9194239359375 0.5359109296875 0.9374232625 0.5375683421875 0.9422784906249999 0.5392259703125 0.9434755921875 0.5328490343750001 0.916964821875 0.5297734625 0.9163403890625 0.5331396640625 0.9166954984375 0.5362265578125001 0.9152592171875 0.5424039890625
0 0.8805309765624999 0.612549215625 0.879185671875 0.6155054453125001 0.90109216875 0.6179170671875001 0.90798909375 0.6176654546875 0.923258678125 0.5557454796875 0.920091528125 0.554463275 0.906307353125 0.6103718390624999 0.88211379375 0.60985545 0.8805309765624999 0.612549215625
0 0.8788691109375 0.6025500140625 0.8788949984375 0.602372290625 0.8772040656250001 0.603852275 0.8777206984375001 0.6076718999999999 0.9054698999999999 0.608690728125 0.9226172187499999 0.5397703953125 0.9196206124999999 0.5391646828125001 0.9055043078124999 0.595563265625 0.9031920250000001 0.6013090609375 0.8788691109375 0.6025500140625
0 0.9112423156249999 0.6089369375 0.9232345078125 0.5925435609374999 0.925137603125 0.5941308953125 0.9303391703124999 0.626451275 0.931617265625 0.6302361921874999 0.9338923828125001 0.6261296171875 0.925786325 0.58130413125 0.9132205125 0.6010988890625 0.9112423156249999 0.6089369375
0 0.94346268125 0.49424321562499995 0.9447966140625 0.493199925 0.941949053125 0.47697121249999996 0.9318838312500001 0.4911907765625 0.9322592546875 0.4929632875 0.9418307984375 0.47962733125 0.94346268125 0.49424321562499995
0 0.9566773390625001 0.5307656015625 0.9579599359375001 0.5313537625 0.955968825 0.510909525 0.94530905625 0.52674198125 0.9451177671875 0.52904408125 0.9553555328125001 0.5146256124999999 0.9566773390625001 0.5307656015625
0 0.83374779375 0.6897645109375 0.8564900062499999 0.6582477203125 0.860719403125 0.656508428125 0.8727511453125001 0.7186995109375001 0.8766881796874999 0.7213410109375 0.881606371875 0.711312346875 0.865093053125 0.6288552796875 0.8286013062500001 0.6847448375 0.83374779375 0.6897645109375
0 0.8567751640625 0.7386539140624999 0.8626050125000001 0.7357488265625001 0.8662780250000001 0.747651490625 0.8789003687499999 0.75255468125 0.8667712953125 0.70467106875 0.7426909578124999 0.9129232578125 0.7467512421875 0.9273249671875 0.8567751640625 0.7386539140624999
0 0.755699590625 0.9821981937500001 0.7607028171875 0.9874427562499999 0.8715533328125 0.790622040625 0.8793894984374999 0.7912653046875 0.90956059375 0.9083033125 0.9148674375000001 0.8918206265625 0.8815411671875 0.7542215999999999 0.754753515625 0.97631998125 0.755699590625 0.9821981937500001
0 0.41554753125 0.9136611421874999 0.4168569046875 0.9210172968749999 0.42056967187499994 0.926337209375 0.5183995328125001 0.7758890671875001 0.5272687640625 0.776617134375 0.5760452234375 0.865377278125 0.5809129765625001 0.862767765625 0.5849435656249999 0.8530683187499999 0.526201075 0.74543551875 0.41554753125 0.9136611421874999
0 0.06349669218750001 0.8876145125000001 0.0587586796875 0.8980510078125 0.0637455984375 0.90687095625 0.25697489375 0.8415954671874999 0.2630299828125 0.8430819921875001 0.2673589765625 0.8513532328125001 0.2539992875 0.9835972984374999 0.266066525 0.9843324515624999 0.285023646875 0.8161924624999999 0.06349669218750001 0.8876145125000001
0 0.639481396875 0.60599160625 0.6463615734375 0.6090105015625 0.656572328125 0.596016475 0.658412790625 0.5959444640625 0.666300903125 0.61488620625 0.68052999375 0.6234165625 0.661824359375 0.5748068890625 0.6400103015624999 0.6052791484375 0.639481396875 0.60599160625
0 0.1783849484375 0 0.067665803125 0.096670828125 0.0675308765625 0.1063662578125 0.067231584375 0.11719013125 0.0811353359375 0.124041190625 0.217677153125 0 0.1783849484375 0
0 0.265181359375 0 0.34679687812500004 0.17382671562500002 0.361542090625 0.18074685 0.370666925 0.1677926015625 0.28945929062500003 0 0.265181359375 0
0 0.5018600640625 0 0.39554038125 0.11102440625000001 0.394061071875 0.12118045625 0.3971803546875 0.123149434375 0.40393170312500004 0.12941333593749998 0.516666784375 0.010199190625 0.5257584796875 0.01208748125 0.5793728515625001 0.1672249734375 0.5874882125 0.178739621875 0.597372278125 0.1664186328125 0.537644453125 0 0.5018600640625 0