0 0.12856453125 0.44362699531249994 0.33093462812499996 0.2436377234375 0.3559332875 0.22617834218750002 0.379741534375 0.234908034375 0.53568555 0.519813384375 0.551160909375 0.5309239 0.5648506515625 0.522194209375 0.576754775 0.5015603953125 0.376170296875 0.12539009843749999 0.1488015421875 0.350774834375 0.10356587343749998 0.3968041109375 0.10118504843750001 0.4206123578125 0.10832752187500001 0.44124617187500004 0.12856453125 0.44362699531249994
0 0.11785082031250001 0.5555257546875 0.31426885625 0.3642661734375 0.337481896875 0.3428387515625 0.3612901421875 0.3491876171875 0.376765503125 0.365853390625 0.5160437453125 0.602348640625 0.5368759625 0.632505753125 0.5577081781250001 0.6118719390625 0.5600890015625 0.59361895 0.3612901421875 0.247605765625 0.0970186046875 0.5063220453125 0.09225695625 0.5317175078124999 0.0964233984375 0.5444152390625 0.105351490625 0.5531449296875001 0.11785082031250001 0.5555257546875
0 0.1184460265625 0.6483779171874999 0.3208161234375 0.4499758609375 0.337481896875 0.4475950375 0.3571237 0.4523566859375 0.3690278234375 0.466641634375 0.5196149828125 0.7063113171875 0.5410424046875 0.7015496671875 0.549375290625 0.6840902875 0.36545658593749997 0.3706150390625 0.349981225 0.35236205 0.22796396093750002 0.47616493281250005 0.149991953125 0.55076410625 0.09106654374999999 0.6166335875 0.09225695625 0.63409296875 0.1047562859375 0.644409875 0.1184460265625 0.6483779171874999
0 0.12201726406249999 0.7325003890625 0.3124832375 0.5404471984375 0.32914900937499997 0.537272765625 0.35057643125000004 0.5388599828125 0.37259905937500004 0.5682234859374999 0.511282096875 0.7729744078125 0.528543075 0.76741915 0.5392567859375 0.75234059375 0.34819560781250003 0.453943903125 0.336886690625 0.44918225312500004 0.23153519843749998 0.5555257546875 0.0970186046875 0.698375234375 0.0988042234375 0.7142474 0.107732315625 0.72456430625 0.12201726406249999 0.7325003890625
0 0.2547482390625 0.8555096624999999 0.267842775 0.8491607968749999 0.39521689375 0.9999463593750001 0.43747653125 1 0.2702236 0.788846571875 0.0744007703125 0.9872486281249999 0.0744007703125 0.9983591421875 0.10356587343749998 1 0.2547482390625 0.8555096624999999
0 0.2797468984375 0.924553578125 0.338077103125 0.9983591421875 0.3904552453125 0.9999463593750001 0.26367633125 0.853922446875 0.1202316453125 0.99915275 0.1708241703125 0.99915275 0.2595098890625 0.917411103125 0.2797468984375 0.924553578125
0 0.27081880625 0.9785189375 0.287484578125 0.9983591421875 0.326768184375 1 0.26248591875 0.9213791453125 0.1904659734375 0.992803884375 0.22736875625000003 0.9999463593750001 0.2517722078125 0.9769317203125001 0.27081880625 0.9785189375
0 0.6118719390625 0.8713818265625 0.6309185359375 0.859477703125 0.646393896875 0.8650329609374999 0.732698790625 0.99915275 0.7672207484375 0.9983591421875 0.647584309375 0.816622859375 0.594015753125 0.8642393531250001 0.5791356000000001 0.8563032703125 0.45176147968749997 0.982486978125 0.4493806546875 0.9975655343750001 0.470808078125 1 0.6118719390625 0.8713818265625
0 0.6190144125 0.9253471859375001 0.6332993609375 0.9277280109375001 0.6803206484375 0.99915275 0.7213898734375 1 0.6273472984375 0.8690010031250001 0.48687864375 0.9967719265625 0.5291382812500001 1 0.599372609375 0.9364577015625001 0.6190144125 0.9253471859375001
0 0.596991784375 0.8642393531250001 0.8124564171875001 0.670598946875 0.8356694578124999 0.6602820406250001 0.858287290625 0.66663090625 0.913046259375 0.7713871906249999 0.9838757921875001 0.9063005890625 0.998755946875 0.8999517234375001 0.998755946875 0.8602713124999999 0.866024971875 0.5769531765625 0.8576920859375001 0.5690170953125 0.822574921875 0.5983805984375 0.7225802859375 0.6825030703125 0.57139791875 0.8126548187499999 0.5672314765625 0.831701415625 0.5755643625 0.853922446875 0.596991784375 0.8642393531250001
0 0.6132914765625 0.75657699375 0.6337345265625001 0.7352130859375 0.8464527421874999 0.555461590625 0.8680008203125 0.5561982765625 0.884576265625 0.568721946875 0.9304349984375 0.6674379328125 0.9989468390624999 0.8228787750000001 1 0.7271095359374999 0.8834712359375001 0.46042903749999997 0.7983839500000001 0.5259941312499999 0.5873232796875001 0.7175326109375 0.5873232796875001 0.7359497734375 0.5961635171874999 0.7506835015625 0.6132914765625 0.75657699375
0 1 0.5782988703124999 0.9094394343750001 0.35066275468749997 0.8298772968750001 0.41622785 0.7160592375 0.514943834375 0.60113615 0.61513319375 0.59947860625 0.62397343125 0.603898725 0.643863965625 0.6226842296874999 0.65933438125 0.6840133765624999 0.6070296421875 0.8680008203125 0.4515888 0.8884438703124999 0.4515888 0.906676859375 0.462639096875 0.9326450578125 0.5164172078125 1 0.7027988828125 1 0.5782988703124999
0 1 0.3948639421875 0.9492205031250001 0.2445799046875 0.9326450578125 0.23647635312499998 0.86468573125 0.2990947015625 0.727109534375 0.41622785 0.618816625 0.50905034375 0.6210266843750001 0.524520759375 0.6315244671875 0.54367460625 0.6420222484375 0.551041471875 0.8663432765625 0.360976365625 0.8961790781250001 0.3396124578125 0.919937215625 0.338139084375 0.9387227203125 0.351399440625 1 0.5259941312499999 1 0.3948639421875