0 0.002629334375 0.27750416875 0.0244079234375 0.2396605953125 0.0270477515625 0.23878051562499997 0.030237550000000002 0.2383404734375 0.053116071875000004 0.259462465625 0.056305860937499994 0.25550209062499996 0.0303475390625 0.230566409375 0.0278177109375 0.22968632812499998 0.023967953125 0.22997968281249997 0.001419415625 0.271636946875 0.000209490625 0.2719303125 0.00031948593750000004 0.2788242984375 0.002629334375 0.27750416875
0 0.024737903125 0.22792616250000003 0.0269377625 0.22733943750000002 0.0303475390625 0.228659559375 0.057075810937500006 0.254475328125 0.059275668749999996 0.2500749125 0.02748773125 0.218978646875 0.024627912499999998 0.218978646875 0.0211081359375 0.21912533281250002 0.00018863906250000002 0.2583915421875 0.00031948593750000004 0.2585823859375 0 0.271196909375 0.024737903125 0.22792616250000003
0 0.0223180640625 0.2173651640625 0.02671778125 0.21721848124999998 0.060045618749999995 0.2494881984375 0.06158551718750001 0.245381140625 0.024297934375 0.20915105312499999 0.022098075000000002 0.20856433124999998 0.0172583890625 0.20944441406249997 0.000337075 0.2409750375 0.000209490625 0.25652885312499996 0.0204481859375 0.2188319671875 0.0223180640625 0.2173651640625
0 0.0238579734375 0.20768424843750002 0.060815567187499996 0.2436209703125 0.064445334375 0.239807284375 0.022538045312499998 0.197856653125 0.014288581249999998 0.197856653125 0 0.223525746875 0.000209490625 0.23672699062499997 0.0164884390625 0.20900437031250002 0.0198982171875 0.2072442046875 0.0238579734375 0.20768424843750002
0 0.0270477515625 0.25110167968749997 0.0297975890625 0.25066163750000003 0.03408730625 0.251395040625 0.05113619375 0.2669431765625 0.0537760234375 0.261515996875 0.031997437499999996 0.2414207671875 0.03067751875 0.2403939984375 0.027267740625 0.2403939984375 0.02407794375 0.2408340421875 0.004047978125 0.2775892796875 0.006589081250000001 0.2779442125 0.01065881875 0.27853093125 0.0270477515625 0.25110167968749997
0 0.0338673171875 0.2616626734375 0.0415668109375 0.2667964921875 0.0482763859375 0.2732504359375 0.0504762359375 0.26782325625 0.03408730625 0.252421803125 0.0303475390625 0.25212844375 0.0269377625 0.252861846875 0.012063528125 0.2781830234375 0.016708428125 0.2821979515625 0.029687589062500002 0.2609292703125 0.0338673171875 0.2616626734375
0 0.0321074375 0.2720769890625 0.0370571140625 0.27237035 0.045196578125 0.2794110171875 0.0483863765625 0.2745705578125 0.0358471859375 0.263569521875 0.033317346875 0.2631294796875 0.029577590625 0.2629828015625 0.017852537499999998 0.2821413203125 0.021878095312500002 0.28703841093750004 0.028037690625 0.276184046875 0.0321074375 0.2720769890625
0 0.0325473984375 0.283371390625 0.036727134375 0.282784671875 0.04211678125 0.28630500312499996 0.045196578125 0.2814645421875 0.04398666875 0.280291103125 0.0389269828125 0.2755973328125 0.036067175 0.27442388125 0.0332073578125 0.27442388125 0.0297975890625 0.2751572890625 0.02352799375 0.2871850875 0.02748773125 0.29158549218749996 0.029687589062500002 0.2867450453125 0.0325473984375 0.283371390625
0 0.0376070734375 0.2926122671875 0.041456821875 0.2940790734375 0.042006790625 0.2912921390625 0.042776740625 0.2871850875 0.039036982812499996 0.28542491718749996 0.036617134375 0.2841047875 0.032657396875 0.28513155 0.0285399375 0.29223497656249997 0.0324374171875 0.29671932968750003 0.0344172859375 0.2937857078125 0.0376070734375 0.2926122671875
0 0.2132963140625 0.2266574796875 0.3737235859375 0.38746917812500004 0.38664385 0.3652139953125 0.213834646875 0.186454540625 0.17938047343750002 0.186454540625 0.066327775 0.394648275 0.0830164625 0.41403182968749996 0.1966075828125 0.22952910625 0.2132963140625 0.2266574796875
0 0.23321513437500002 0.3321901671875 0.3748002515625 0.4671571046875 0.38610551718749997 0.45423475468749996 0.2294467125 0.2970126046875 0.20468275937499997 0.2948588703125 0.0953685359375 0.47810561093750004 0.11154888125 0.494437709375 0.214911359375 0.3372155296875 0.23321513437500002 0.3321901671875
0 0.16673863125 0.33859102343749997 0.169294965625 0.338442809375 0.1740741890625 0.3402214109375 0.1764082296875 0.3360713375 0.17374076249999998 0.3336998671875 0.1696283921875 0.33103196874999996 0.16484916875 0.3320694859375 0.122169528125 0.39654378125 0.1222806703125 0.39861882656250003 0.124059 0.4003974203125 0.16673863125 0.33859102343749997
0 0.1629597046875 0.331773059375 0.166294053125 0.32925336562499996 0.171184428125 0.3296980171875 0.1764082296875 0.33414451875 0.1800760125 0.33014266875 0.1712955703125 0.3216943109375 0.16862809375 0.3213978796875 0.1638488609375 0.3221389625 0.11988323906250001 0.386290084375 0.12094693593750001 0.38913294062500003 0.1239478484375 0.3897258171875 0.1629597046875 0.331773059375
0 0.168075253125 0.10820241093750001 0.18099551875 0.10317704999999999 0.1982226265625 0.10389495625 0.36672503125 0.27116784531250004 0.38018367343750004 0.2618350421875 0.38287542812500003 0.24460522187499997 0.1944541609375 0.0586666625 0.177227096875 0.056512934375000004 0.15138647656249998 0.0622562109375 0.0437172 0.2912693515625 0.0528690875 0.3041917015625 0.0636360203125 0.3092170640625 0.168075253125 0.10820241093750001
0 0.522307125 0.10389495625 0.5066951921875 0.0866651359375 0.3764152515625 0.283372303125 0.3672633640625 0.2912693515625 0.35811147656250003 0.289115615625 0.18422560625 0.1096382390625 0.173458675 0.1225606046875 0.17884214062499998 0.1405083625 0.35595809843750004 0.3257289625 0.38502885 0.3235752578125 0.5185387031250001 0.1125098671875 0.522307125 0.10389495625
0 0.512804634375 0.217037090625 0.502037703125 0.2134475421875 0.37767969375 0.3878995578125 0.3658360515625 0.38861745000000003 0.2081005796875 0.2321131921875 0.195718603125 0.2457534640625 0.19948702499999998 0.2601116578125 0.2102539578125 0.2687265671875 0.3620676296875 0.4223591984375 0.390600003125 0.41876965000000005 0.5171113890625 0.237138553125 0.512804634375 0.217037090625
0 0.36906613906249996 0.51999486875 0.37767969375 0.52143068125 0.398136846875 0.5171232406249999 0.5224949 0.3505682296875 0.5176497234374999 0.33764587968750004 0.507959546875 0.33262051718749996 0.3992135140625 0.47979194375 0.3857548703125 0.48840685468749995 0.36906613906249996 0.49127848125 0.2317877765625 0.355593621875 0.224250978125 0.35774735625 0.2102539578125 0.36923389375000004 0.36906613906249996 0.51999486875
0 0.23555624375 0.4403069109375 0.254398353125 0.44102483281250004 0.38683158125 0.556608303125 0.40244360312499994 0.54368589375 0.381448115625 0.5257381515625 0.36906613906249996 0.5257381515625 0.24093966562500002 0.405129378125 0.22371259999999998 0.405129378125 0.11658165625000001 0.5795813484375001 0.133808765625 0.591067975 0.225866021875 0.4503576640625 0.23555624375 0.4403069109375
0 0.26678032812499997 0.5343530624999999 0.39975189218749996 0.6441932203125 0.4072887359375 0.634142496875 0.3895232921875 0.6118872546875 0.3825247828125 0.6118872546875 0.257628440625 0.505636675 0.23770962031249998 0.5092262234375 0.1386538984375 0.662858825 0.15426591875 0.6786528609375 0.25116826406250004 0.536506796875 0.26678032812499997 0.5343530624999999
0 0.3841398265625 0.6922931625000001 0.41428724531250005 0.6872678015625 0.5241099 0.5458396 0.520341478125 0.5314814359375 0.5074211234375 0.5300455921875 0.3992135140625 0.6664484609375 0.38360149374999997 0.6657305109375 0.2565517296875 0.5594799015625 0.24578479843749998 0.5580440875 0.23878633124999998 0.5716843890625001 0.3841398265625 0.6922931625000001
0 0.23555624375 0.48050986562500003 0.3825247828125 0.60757984375 0.405673690625 0.606144059375 0.5257249890625 0.445332303125 0.5095745468749999 0.432409921875 0.39975189218749996 0.5795813484375001 0.384678159375 0.5802993 0.252244975 0.46830540625 0.24524650937499998 0.4639979375 0.236632909375 0.46686956406249996 0.23555624375 0.48050986562500003
0 0.269006734375 0.636335865625 0.392826409375 0.7296640953125 0.4089768078125 0.7203312937499999 0.2754669109375 0.6097732437500001 0.24101273750000002 0.6090553515625 0.14303368125 0.75550885625 0.15918407968749998 0.769149128125 0.2533947140625 0.6349000828125 0.269006734375 0.636335865625
0 0.27869700000000003 0.72176710625 0.3992865859375 0.8107878656249999 0.41059185156250005 0.79571178125 0.28031204375 0.6944865328125001 0.256086425 0.699511925 0.1542152 0.837481953125 0.16510587968749998 0.852426634375 0.265776690625 0.7224849984375 0.27869700000000003 0.72176710625
0 0.515031084375 0.6069016171875 0.404670053125 0.7346894875000001 0.392826409375 0.7354073796875 0.2641616453125 0.6370538171875 0.2602844984375 0.6505287625 0.39174974218749997 0.7583804828125 0.413821940625 0.7540730421874999 0.5236445953125 0.6176702625 0.515031084375 0.6069016171875
0 0.5134159953124999 0.682282103125 0.41059185156250005 0.8150953359375 0.398748253125 0.8158132281249999 0.2722368234375 0.7239208421875001 0.2682760203125 0.738677675 0.39497983125 0.8323251562499999 0.4235121609375 0.83160729375 0.5284896828125001 0.695204484375 0.5134159953124999 0.682282103125
0 0.2727752 0.7985834078125 0.284080465625 0.7914043109375 0.3992865859375 0.8675027203125 0.411130184375 0.873963925 0.415436984375 0.8588877796875 0.2948473984375 0.7705849421875001 0.26846840156249996 0.774174490625 0.17425781093749998 0.9019623609374999 0.175334478125 0.9019623609374999 0.187178121875 0.9112952515625 0.2727752 0.7985834078125
0 0.2770494953125 0.8232222203124999 0.3989151 0.9057226203125 0.4091742 0.9073809125000001 0.423163865625 0.90489345625 0.527309240625 0.7842521984374999 0.5301071578125 0.7734732421875 0.5176719390625 0.7689129203125 0.41756797968750003 0.8870667640625 0.40730890468750003 0.888725040625 0.29259358281250003 0.80829753125 0.28357800312500003 0.808712121875 0.2758059734375 0.8128578546874999 0.2770494953125 0.8232222203124999
0 0.198707309375 0.9637630796875 0.2882412171875 0.852242475 0.296635021875 0.850998746875 0.4138374390625 0.925207621875 0.423163865625 0.912770390625 0.415391809375 0.908624640625 0.4017130171875 0.910697515625 0.2854433 0.8306845718750001 0.27549509843750003 0.8344157484375 0.1884856625 0.9512686734375 0.1890699828125 0.9521549953124999 0.193422321875 0.9583736187499999 0.198707309375 0.9637630796875
0 0.2969942296875 0.9060365375 0.3072533296875 0.9043782531250001 0.41419662187500006 0.9690519265624999 0.42569921875 0.958687553125 0.3088077265625 0.8819912203125 0.287356903125 0.8882098359375 0.20279710781250002 0.9930972609375001 0.20155356093750001 0.998901303125 0.2158541515625 0.998901303125 0.2969942296875 0.9060365375
0 0.5528443875 0.045247134375 0.6830267078125 0.22004844375000002 0.697391634375 0.1996948703125 0.5645159171875 0.0057372640625 0.5178298375 0.0015468125 0.3745482359375 0.2169323546875 0.393932175 0.24339519062499998 0.530848046875 0.0440498703125 0.5528443875 0.045247134375
0 0.5420706828124999 0.1679672203125 0.66866174375 0.3272040640625 0.6821288828125 0.30505453125000004 0.553742175 0.1278587171875 0.51827873125 0.1314505109375 0.3863008 0.3361836109375 0.3975233984375 0.351748075 0.5295013296875 0.16676997968750001 0.5420706828124999 0.1679672203125
0 0.526442084375 0.39580842031249996 0.544847165625 0.3946111796875 0.658419978125 0.52271896875 0.67368273125 0.5053585703125 0.5479894937500001 0.35989035625 0.52150414375 0.3640808078125 0.40254442343749997 0.5305012265625 0.4011977046875 0.538283459375 0.41242034062500005 0.5502561546875 0.526442084375 0.39580842031249996
0 0.527339871875 0.499372221875 0.53946029375 0.49578040312500005 0.553825259375 0.49578040312500005 0.65393096875 0.6071264625 0.66425574375 0.6035346921875 0.6700915078125 0.5891674171875 0.553825259375 0.4592637203125 0.526442084375 0.467644571875 0.40604981562500003 0.623221959375 0.4070334703125 0.629874565625 0.4200517171875 0.6364595328125 0.527339871875 0.499372221875
0 0.5375993578125 0.5787371140625 0.5483730625 0.5817302875 0.6511722078125 0.6852940640625 0.667332746875 0.6691309296875 0.553759896875 0.5488053734375 0.5281723703125001 0.5529958374999999 0.41392521093749995 0.6959179125 0.412803909375 0.7020558203125 0.42312868281249993 0.7152257796875 0.5375993578125 0.5787371140625
0 0.5331103109375 0.6535664390625 0.5456796265625 0.6499746453124999 0.6475809859375 0.7463547859374999 0.658354653125 0.735579378125 0.5676759671875 0.6475800921875 0.552862109375 0.6248319890625 0.5281723703125001 0.6254306093750001 0.4169542078125 0.762152003125 0.41819077968749996 0.76850426875 0.42941334062500003 0.7744906406250001 0.5331103109375 0.6535664390625
0 0.534905921875 0.733184825 0.5461285203124999 0.7325862046875 0.6466831609375 0.8157964578125 0.6570079718749999 0.8032250921875 0.552862109375 0.7062462828125 0.5245811109375 0.71223263125 0.42582211875000003 0.8367486015625 0.42582211875000003 0.8427349984375001 0.4339023875 0.8505172078125 0.534905921875 0.733184825
0 0.53713296875 0.7966046375 0.5475022203125001 0.79556754375 0.642380846875 0.8733492843749999 0.652750096875 0.8612499 0.5526868453125 0.7720601874999999 0.5355775781250001 0.77482575 0.43266283124999994 0.9006593015625001 0.43810668125 0.9061904546875 0.52676371875 0.80455565625 0.53713296875 0.7966046375
0 0.5443914359375001 0.862286978125 0.6395292875 0.9314263015625001 0.6496393140625 0.9231295859375 0.5532052953125 0.8425822843749999 0.530133728125 0.8439650656250001 0.4342389671875 0.9560125953125 0.44251358906249993 0.9663416437500001 0.5366144984375001 0.8640154765625001 0.5443914359375001 0.862286978125
0 0.5438729859375 0.8992765203124999 0.603496178125 0.9431799968749999 0.631233878125 0.9445627640625001 0.5586491671875 0.8937453671875 0.55787145 0.8878685265625 0.5475022203125001 0.8802632031250001 0.52883758125 0.8833744671874999 0.437037640625 0.9872644484374999 0.446402046875 0.995725846875 0.532466815625 0.9010050046875 0.5438729859375 0.8992765203124999
0 0.53586943125 0.952957621875 0.5426094484374999 0.9515748265624999 0.5589409984375 0.9626371171875 0.5677548578125 0.9495006546875 0.55142330625 0.933252928125 0.5309440296875 0.9353271 0.5330178937500001 0.9467350937499999 0.48671409375 0.997992696875 0.4902447453125 0.9996266609375001 0.5304255812500001 0.9557231843749999 0.53586943125 0.952957621875
0 0.9003643406249999 0.002652271875 0.87387929375 0.002652271875 0.741453921875 0.1727603203125 0.72037399375 0.1713187328125 0.6036234781250001 0 0.583084046875 0.001210684375 0.5798409671875 0.016347418750000002 0.7079422625 0.208079365625 0.7295626890625 0.21240415937499998 0.741994465625 0.2116833515625 0.9003643406249999 0.002652271875
0 0.88901360625 0.09563506875 0.9754954953125001 0.2520479703125 0.9906298093749999 0.23763205781250002 0.9068505 0.061757640625 0.8949592234375 0.053108053125 0.8711767125 0.053828846875 0.711385953125 0.25731106875 0.71983345 0.271509484375 0.8717172546875 0.0927518765625 0.88901360625 0.09563506875
0 0.8690146734375 0.1078886125 0.7284816484375 0.2794382640625 0.7079422625 0.2844838375 0.5928132421875 0.12086296562500001 0.5825435046874999 0.129512525 0.579300446875 0.1475324515625 0.579300446875 0.1496948203125 0.7019966 0.3205236921875 0.73550835 0.3118741328125 0.8863110703125001 0.12014218750000001 0.8690146734375 0.1078886125
0 0.8560424 0.20663780781250002 0.870095715625 0.20952098281249998 0.9490104046875001 0.34358922187499996 0.9684688375 0.33205642812499997 0.8819869484374999 0.1734811296875 0.8733387499999999 0.1677147765625 0.85333981875 0.16843555625 0.7625338968750001 0.28592542656250003 0.7033622890625 0.35164990625 0.7149688750000001 0.37025864999999997 0.8382055046874999 0.21744976249999998 0.8560424 0.20663780781250002
0 0.8511777796875 0.2116833515625 0.833881428125 0.2282616890625 0.713887834375 0.3789082375 0.6965914828125 0.378187459375 0.5814625078125 0.2354696609375 0.571733290625 0.24195682187499998 0.57119276875 0.2563727640625 0.6884838281250001 0.40990251874999994 0.7160499171875 0.4091816796875 0.8614475171875 0.2268201015625 0.8511777796875 0.2116833515625
0 0.52627340625 0.2850602828125 0.54140771875 0.2828978859375 0.660860815625 0.425615684375 0.6759951281250001 0.4068749484375 0.5522179546875 0.2468580625 0.5230303265625 0.24469566406249998 0.3976316359375 0.42849886093749995 0.39276703749999997 0.44147318437500005 0.41060393125 0.4508435515625 0.52627340625 0.2850602828125
0 0.8400839578125 0.32124980625 0.7033345109375 0.48126669218749996 0.6957673984375 0.47838351562500003 0.5795573593750001 0.3450361 0.5687471234375 0.3558480578125 0.5660445640625 0.36593921875 0.573071221875 0.37242638125 0.6827951234375 0.5057738109375001 0.7098206703125001 0.5057738109375001 0.8492726546875 0.342152925 0.8400839578125 0.32124980625
0 0.8308952625 0.30971705625 0.8449485781250001 0.311879453125 0.9249443078124999 0.433694103125 0.944402696875 0.4214405890625 0.8579208515625 0.2758396140625 0.8265711843749999 0.281605996875 0.6930648171875 0.444506059375 0.6941458593750001 0.451714059375 0.703875053125 0.4589220015625 0.8308952625 0.30971705625
0 0.827111684375 0.40774542656249996 0.8400839578125 0.40774542656249996 0.91791765 0.521631340625 0.9357545437500001 0.5072154 0.8481916578125 0.374588778125 0.82278760625 0.37819279375 0.69023265625 0.5393550125 0.701172471875 0.551184003125 0.816841990625 0.416394984375 0.827111684375 0.40774542656249996
0 0.8281927250000001 0.43081092656250003 0.7103612125 0.568483121875 0.6984699359375 0.5713662984375001 0.683335578125 0.566320725 0.5865840171875 0.4560388546875 0.5764425140625 0.4741931359375 0.6844166640625 0.59947743125 0.7087396734375 0.5951526078125 0.8465701171875001 0.43657733906249996 0.8281927250000001 0.43081092656250003
0 0.8465701171875001 0.49712425156249995 0.91791765 0.60019818125 0.9406191187499999 0.5879446359375 0.8557588140625001 0.46540916250000003 0.829273721875 0.46757155937499995 0.701713015625 0.6225428734375 0.7103612125 0.6326340203124999 0.8314358046875 0.49352026718750003 0.8465701171875001 0.49712425156249995
0 0.8222470640624999 0.5050530015625 0.711982753125 0.6326340203124999 0.6990104781250001 0.639841990625 0.6903622359375 0.6441667859375 0.5790168609374999 0.540372046875 0.5725307234375 0.5555087671875001 0.6773899609375 0.6686739328125 0.6957673984375 0.667232315625 0.831976303125 0.517306546875 0.8222470640624999 0.5050530015625
0 0.8115623203125001 0.602074928125 0.6980151703125 0.7236162687500001 0.69004029375 0.7281740625 0.6778881390625 0.7231098593749999 0.58105025 0.6289153140625 0.5710455578125 0.6433852265625 0.6847237421875 0.7590658203125 0.8229550124999999 0.6167611625 0.8187777015625001 0.5985299656249999 0.8115623203125001 0.602074928125
0 0.8138408640625 0.5757409546875001 0.8886528468750001 0.6653777265625 0.908020446875 0.6582878 0.82865134375 0.5504198515625001 0.8054862109375 0.5524455328125 0.6827669875 0.69121703125 0.6911795671875 0.7028529609375 0.80282791875 0.5782730671875 0.8138408640625 0.5757409546875001
0 0.7933340234374999 0.6517043140625 0.7849793703125 0.65626211875 0.681305925 0.7686878609375001 0.6706727265625 0.7697007015625 0.5700373203125 0.6795575390625 0.561820853125 0.693950278125 0.66117883125 0.787931896875 0.68282494375 0.78691905625 0.7971315875 0.6653777265625 0.7933340234374999 0.6517043140625
0 0.7883971875 0.7043722328124999 0.8632091687500001 0.7818548328125 0.8780196796874999 0.7742584953125 0.800929153125 0.6825960609374999 0.7849793703125 0.6815832203125 0.6663675109375 0.8060133625000001 0.6763690875 0.8147723125 0.775105728125 0.710449296875 0.7883971875 0.7043722328124999
0 0.7777640203125 0.7139942718750001 0.6763690875 0.8243943109374999 0.6661156671875 0.8259135828125 0.65548246875 0.8223686499999999 0.6444695546875 0.8183172453124999 0.5639612109375001 0.7509630734375 0.5597709171874999 0.7629647390625001 0.65548246875 0.8476897328125 0.6786476015625 0.844144778125 0.7857388953125 0.7281740625 0.7777640203125 0.7139942718750001
0 0.7777640203125 0.7858625015625 0.7713081640625 0.7843432296875 0.6733310484375 0.887146953125 0.6649763953125001 0.888666225 0.65396348125 0.8891726562500001 0.5711765765625 0.8167542593749999 0.5602834015625 0.8312958874999999 0.6577610140625 0.9109488046875001 0.670292978125 0.9089231234374999 0.78118180625 0.7954845203125 0.7777640203125 0.7858625015625
0 0.777384240625 0.770669828125 0.8514367296875 0.8441010640625001 0.862829421875 0.8324533640625 0.7891567125 0.7504129609375 0.76827009375 0.7539578921875 0.663077628125 0.8689157578125 0.66763471875 0.878031365625 0.7675106 0.7732019609375 0.777384240625 0.770669828125
0 0.8176384296875 0.8699285984375 0.8377654921875 0.8608130109375001 0.7792830390625001 0.805106559375 0.7728271828125 0.8066258312500001 0.66915370625 0.9129745078125 0.656630321875 0.9180901140625 0.668773959375 0.925635090625 0.7625737625 0.8263763000000001 0.7735866765625 0.826882709375 0.8176384296875 0.8699285984375
0 0.769409365625 0.8537230828125001 0.7667510734375 0.8415689734375 0.7599154703125001 0.8420753828124999 0.667254940625 0.9403212921874999 0.6596598109375 0.9418405640625 0.6467481 0.9312057046875 0.6380136984375 0.933737815625 0.5643409734375 0.8785377765625 0.5590243734375 0.894743290625 0.56168268125 0.89069190625 0.635735153125 0.9438662859375 0.6725715234375 0.9469048296875 0.688141559375 0.9367763390625001 0.769409365625 0.8537230828125001
0 0.521605465625 0.8815175015625 0.44217085625 0.9697921718750001 0.43451700468750004 0.9612405671875001 0.42686316875 0.9689646062499999 0.42003675625000003 0.9728266203124999 0.41527895312499996 0.973378334375 0.303987815625 0.9049654703125001 0.29840257187499997 0.9176549515625 0.2987769 0.9173458906249999 0.409900565625 0.9893781265625 0.43451700468750004 0.9863436796875 0.52491519375 0.884276096875 0.521605465625 0.8815175015625