0 0.089428834375 0.3693551984375 0.091754578125 0.3680864203125 0.0968288984375 0.3682450140625 0.1441892515625 0.39885439375 0.146092109375 0.3982200046875 0.1467264015625 0.3956824375 0.0936574375 0.35936353906249996 0.09048599375000001 0.35904634375 0.045239953124999996 0.40012318437500005 0.0469313953125 0.402082275 0.0501028484375 0.40319245937500003 0.089428834375 0.3693551984375
0 0.0898517015625 0.35888774375 0.09386887968749999 0.35793616093749997 0.1427092234375 0.389021321875 0.1446121 0.389021321875 0.14588066718749998 0.385849378125 0.094714596875 0.351433653125 0.09069741875000001 0.3495304796875 0.044017528125 0.39066221875 0.0456628109375 0.3920346984375 0.0486228296875 0.392986275 0.0898517015625 0.35888774375
0 0.0940803234375 0.3492132796875 0.14144063906249998 0.38029844687500003 0.1439778078125 0.38029844687500003 0.1448235421875 0.37776089218750003 0.09090884375 0.34112479218749997 0.0431615484375 0.38146044687499997 0.046719962500000004 0.38473918125 0.089005984375 0.348896084375 0.0940803234375 0.3492132796875
0 0.09154313593749999 0.33922162031249997 0.13869204531249998 0.3707825828125 0.1416520828125 0.371416971875 0.14503495 0.368562209375 0.089217409375 0.3304987453125 0.0417349171875 0.371830684375 0.046297103125 0.375381925 0.0881602671875 0.340014615625 0.09154313593749999 0.33922162031249997
0 0.08498880625 0.3293885546875 0.0900631265625 0.32907136718749996 0.13763490312499999 0.3614253125 0.1395377625 0.3614253125 0.14186350625 0.35841195 0.086257390625 0.3206656765625 0.040022959375 0.36198692656250003 0.0399541984375 0.3625354953125 0.04375994375 0.365866046875 0.08498880625 0.3293885546875
0 0.09027456874999999 0.320031290625 0.13615489375 0.351433653125 0.140594921875 0.3520680421875 0.14207493124999998 0.3490546859375 0.0858345234375 0.31051541718750003 0.038025674999999995 0.3523571640625 0.043337084375 0.3558743875 0.08498880625 0.3192382984375 0.09027456874999999 0.320031290625
0 0.190915275 0.369038003125 0.19366386875 0.367610625 0.19725817968749998 0.3668176359375 0.2344698734375 0.39726841562500004 0.237852778125 0.397427009375 0.2391213265625 0.394413659375 0.1959895953125 0.3596807328125 0.1513002125 0.3951561078125 0.1515892796875 0.39536525 0.1528578640625 0.39853719375 0.190915275 0.369038003125
0 0.1970467546875 0.35888774375 0.235738459375 0.3891799296875 0.24017848593750002 0.38680096875 0.1962010375 0.3509578578125 0.15328073281250001 0.386007971875 0.1545492984375 0.3902901125 0.1945095859375 0.35888774375 0.1970467546875 0.35888774375
0 0.1968353296875 0.34984766875 0.23764131718749998 0.3820430328125 0.2397556375 0.37871248125 0.19746962343750002 0.3423935765625 0.151800721875 0.376967896875 0.154972165625 0.38045704062499996 0.1938753125 0.35000627500000003 0.1968353296875 0.34984766875
0 0.20190965 0.34080759843749997 0.23764131718749998 0.3734787453125 0.2420813453125 0.371258371875 0.1997953484375 0.3333535078125 0.1541264484375 0.365866046875 0.1558178828125 0.3696723921875 0.19725817968749998 0.339856009375 0.20190965 0.34080759843749997
0 0.1989496328125 0.3324019171875 0.20233249999999997 0.3322433171875 0.23890990156249997 0.3665004421875 0.2433499296875 0.3649144640625 0.20296679218749997 0.324472025 0.15386815 0.3564230640625 0.1541264484375 0.35793616093749997 0.154972165625 0.35983933437500004 0.1989496328125 0.3324019171875
0 0.24123564687500001 0.3582533546875 0.2446185140625 0.35682597656250004 0.20465824531250001 0.31543195 0.154724128125 0.346575028125 0.1585664765625 0.34984766875 0.20423537656250002 0.32383763593750003 0.24123564687500001 0.3582533546875
0 0.035244700000000004 0.47370654375 0.0348087875 0.4697826125 0.037642290625000005 0.4694556125 0.0413476359375 0.46961910625 0.0439631640625 0.46798413437499997 0.042655409374999995 0.465531675 0.047668510937500005 0.464060203125 0.068374875 0.4473834859375 0.072298178125 0.44705649375 0.100851146875 0.4627522234375 0.1115312546875 0.4627522234375 0.0690287625 0.43822764531249997 0.0175898125 0.4836798578125 0.0212951765625 0.4861323234375 0.0350267609375 0.4764859828125 0.035244700000000004 0.47370654375
0 0.066195240625 0.43691966562499995 0.0707724484375 0.43691966562499995 0.11349291406249999 0.46226173125000003 0.12286524843749999 0.46242523750000003 0.0677209890625 0.4280908171875 0.013904271874999999 0.4722212234375 0.0158461265625 0.4745240234375 0.019769428125 0.47566851562499995 0.066195240625 0.43691966562499995
0 0.0637976859375 0.42727333749999996 0.06728505781250001 0.42727333749999996 0.1215574921875 0.45817430000000003 0.124390978125 0.4557218484375 0.06445157343749999 0.418117496875 0.013230596875 0.4614442453125 0.0130126234375 0.46242523750000003 0.01737185625 0.465695175 0.0637976859375 0.42727333749999996
0 0.072734090625 0.456866328125 0.0853758578125 0.4627522234375 0.09736375625 0.4630792171875 0.0712083609375 0.44820097187499996 0.050937943750000006 0.46455068906249997 0.059002523437499996 0.464060203125 0.0677209890625 0.45735681406250006 0.072734090625 0.456866328125
0 0.17539399687499999 0.42727333749999996 0.2150630046875 0.4550678546875 0.2178965078125 0.45245190312499994 0.17212458125000002 0.42056995625000004 0.1295015125 0.4585436875 0.1337633296875 0.460299765625 0.1708168078125 0.429071803125 0.17539399687499999 0.42727333749999996
0 0.21484504843750002 0.44640250625 0.22007610625 0.445094528125 0.17299640624999998 0.4115776078125 0.129840028125 0.44983594531250004 0.13245555625 0.452615396875 0.17212458125000002 0.41844449062500005 0.21484504843750002 0.44640250625
0 0.1786634125 0.4380641515625 0.2087421296875 0.45735681406250006 0.21375523125 0.456212334375 0.174958084375 0.429889296875 0.1381225625 0.4617712375 0.14487936875000001 0.4619347375 0.17299640624999998 0.43724666562500003 0.1786634125 0.4380641515625
0 0.17779155156249998 0.4460755140625 0.19784402968749998 0.4585013 0.205036765625 0.4576838140625 0.17844545625 0.43937212499999995 0.175611953125 0.4383911453125 0.1488026890625 0.46209823749999995 0.15512356249999998 0.46160774531250004 0.1743041796875 0.44656599999999996 0.17779155156249998 0.4460755140625
0 0.4450649234375 0.8101628296875001 0.45603345468749995 0.8065426390624999 0.4696343984375 0.8095046031249999 0.5731771296875 0.8684148687500001 0.5872168046875 0.8740096968750001 0.6034501999999999 0.86907308125 0.607398875 0.8608453875000001 0.4863065609375 0.78547975625 0.4718281203125 0.7815304656250001 0.437606375 0.7871252875 0.291465196875 0.8972586109374999 0.2932607734375 0.907578684375 0.30730044843750004 0.908236909375 0.4450649234375 0.8101628296875001
0 0.311125725 0.873138453125 0.44625775 0.7757225859375 0.46994972968750004 0.7734188468750001 0.5848997218750001 0.844835209375 0.6072754765624999 0.8445060828125 0.6072754765624999 0.828708909375 0.5024165203125001 0.7625582890625 0.43967666093749996 0.7536723828125 0.29182115 0.8645816749999999 0.2900661953125 0.8701764765625001 0.2975247796875 0.8737966531250001 0.311125725 0.873138453125
0 0.3106869765625 0.8339746515625001 0.43221807500000003 0.7441282515625 0.44318657031250003 0.7355714578125 0.46687855 0.7355714578125 0.5774411359375 0.8040258421875001 0.59235830625 0.8086333453125001 0.604204296875 0.8043549562500001 0.6024493046875 0.792836184375 0.48047949531249995 0.71417946875 0.431779309375 0.714837675 0.2908731140625 0.8279849 0.2900661953125 0.8339746515625001 0.29884098593749997 0.837265715625 0.3106869765625 0.8339746515625001
0 0.3041058875 0.8033676296875001 0.4352892546875 0.7062808890625 0.4488902 0.701344265625 0.46292987500000005 0.7003569390625 0.5875321359375001 0.7760516984375 0.5976231703125 0.7717732953125 0.6059592515625 0.7678240046875 0.6037655296875 0.7622291765625 0.4769695859375 0.67896495 0.442309075 0.6796231625 0.2913824015625 0.78855778125 0.28743374374999997 0.7941526109375 0.292259896875 0.8023803046875001 0.3041058875 0.8033676296875001
0 0.30015721093750003 0.7767099109375 0.435727984375 0.6773194046875 0.45064519062499997 0.669091725 0.4690722703125 0.6710663703125 0.59367453125 0.75136861875 0.6050817546875 0.75005219375 0.6099079265625 0.737546096875 0.4962741609375 0.6529654453125 0.4401154265625 0.6496743671874999 0.2913824015625 0.759596325 0.2856787890625 0.7628873890625 0.28699499687499996 0.772760621875 0.30015721093750003 0.7767099109375
0 0.306068690625 0.73631455 0.439987128125 0.6381891328125 0.45590206875000006 0.6326568406249999 0.46715899531250005 0.634695053125 0.587103321875 0.714476553125 0.5987484078125 0.7127295078125 0.603794615625 0.7086531078125 0.605735478125 0.7005002359375 0.4838502546875 0.6134394000000001 0.4341646015625 0.6119835328125001 0.2878247265625 0.7226294249999999 0.2862720546875 0.730199915625 0.291706421875 0.7351498609375 0.306068690625 0.73631455
0 0.3029633328125 0.70166495 0.43726994531249996 0.60353950625 0.44930319062499996 0.5985895484375 0.46288910781250003 0.5980072046875 0.580892603125 0.6774975375000001 0.5937022015625 0.680409271875 0.60107743125 0.6766240156250001 0.60728811875 0.6684711562500001 0.478027728125 0.5755868671875 0.43532908125 0.57616920625 0.28510754375 0.6897268203125 0.283554871875 0.6955503140625 0.2886010625 0.69904438125 0.3029633328125 0.70166495
0 0.2986934765625 0.664103565625 0.43688178437499997 0.5619017171875 0.44775051875000005 0.5586988046875 0.46521813125 0.560737015625 0.5824453078125 0.64343025625 0.591373178125 0.6451772906250001 0.60107743125 0.639645 0.6014655906249999 0.6291627625 0.4749223859375 0.5377343203125 0.4330000890625 0.53656963125 0.283013934375 0.6508294546875 0.2812258484375 0.6542036609374999 0.2886010625 0.660900653125 0.2986934765625 0.664103565625
0 0.30294450781250004 0.62712241875 0.43841561718750005 0.5295793093750001 0.448896190625 0.5255028984375001 0.461317596875 0.5249205406249999 0.5851436515625 0.61227255625 0.5967887359375 0.6116902 0.6037758078125 0.6081961328125 0.6037758078125 0.5971315265625 0.47762072812499995 0.5025001875 0.43026406718750004 0.502791378125 0.286253215625 0.6113990578124999 0.2835360328125 0.618096025 0.29168758281249996 0.626248896875 0.30294450781250004 0.62712241875
0 0.28780588749999997 0.5892698453125 0.30216815625 0.5930551265624999 0.433369409375 0.494929696875 0.4446263359375 0.4899797375 0.4512252140625 0.489106215625 0.46442297187500003 0.49260029375 0.572334053125 0.570052415625 0.5870844828124999 0.5784964421875001 0.5991177609375 0.5782052625 0.605328446875 0.5653936359375 0.47762072812499995 0.4672682109375 0.433369409375 0.46552117187500003 0.283537771875 0.5765755390625 0.28431236875 0.5782052625 0.2839242078125 0.583155209375 0.28780588749999997 0.5892698453125
0 0.3025563328125 0.5546202203124999 0.4337575703125 0.45824184062500006 0.44656716718749995 0.45445658437500003 0.463258459375 0.4562036296875 0.5839791390625 0.5447203265625 0.5882489953125 0.54617619375 0.601446784375 0.5423909375 0.60571660625 0.5336557453124999 0.475679865625 0.43087154375000003 0.466363803125 0.4294156765625 0.4504488953125 0.431162715625 0.4275468828125 0.43261858281250004 0.283013934375 0.542395165625 0.2808188484375 0.5438468046875 0.2885822390625 0.5519996640625 0.3025563328125 0.5546202203124999
0 0.302571340625 0.5202568750000001 0.433772578125 0.42329614531250004 0.4485230390625 0.41863737656250005 0.46831967499999994 0.4209667671875 0.5839941484375 0.512686359375 0.5940865625 0.51239519375 0.6018499203125 0.5080276031250001 0.6014617609374999 0.498127721875 0.47957656875000004 0.398837584375 0.47297769062499995 0.39534349999999996 0.43027907499999996 0.395634684375 0.283537771875 0.5007736859375 0.28005750625000003 0.511230528125 0.28626822500000004 0.5167627828125 0.302571340625 0.5202568750000001
0 0.44104167031249997 0.385117746875 0.4505124828125 0.38353903125 0.462088003125 0.3839337015625 0.5809994703125 0.477867690625 0.5899441390625 0.47905173593750006 0.6020457171875 0.4770783484375 0.6057288578125 0.468395359375 0.4826081078125 0.36222627812499997 0.4342016203125 0.3582794859375 0.2827931921875 0.4705354953125 0.287929959375 0.48063048437500006 0.300031559375 0.4861559765625 0.44104167031249997 0.385117746875
0 0.44104167031249997 0.35117522968750003 0.452090959375 0.347623109375 0.468401865625 0.3488071390625 0.591522615625 0.4494506953125 0.598888809375 0.44984536718749996 0.608359621875 0.446293246875 0.611516575 0.43524218281250004 0.481555775 0.322758228125 0.436306240625 0.3207848078125 0.2806630359375 0.4359204375 0.2842468625 0.446293246875 0.301610034375 0.4514241 0.44104167031249997 0.35117522968750003
0 0.30108386875000004 0.411956025 0.443672434375 0.307365684375 0.46524491250000005 0.307365684375 0.594679525 0.4131400703125 0.60415038125 0.40998262187499995 0.6104642421875 0.3993262453125 0.47945115468750005 0.2844741984375 0.435780096875 0.280132703125 0.2831945296875 0.39340605 0.2758283375 0.400904978125 0.28477300625 0.4080092171875 0.30108386875000004 0.411956025
0 0.44419862187500003 0.27144973125 0.45524791093749994 0.26987101406249997 0.46524491250000005 0.27105505937499996 0.5873133312500001 0.373277325 0.59573185625 0.3776188203125 0.607307290625 0.375645415625 0.6167781484375 0.3630156515625 0.48786963749999995 0.2485582640625 0.4799773 0.24263805781249997 0.435780096875 0.2406646453125 0.279511434375 0.35906882812499996 0.279511434375 0.3724879828125 0.293717675 0.37604010312499997 0.44419862187500003 0.27144973125
0 0.6266336953125 0.8568461328125 0.7490729375 0.7674677062499999 0.7605772843749999 0.765310296875 0.7708490515624999 0.765618490625 0.865349128125 0.8294161859375 0.8752100015625001 0.826334196875 0.8813730359375 0.8189373640625 0.7889273265625001 0.7502084250000001 0.7630425109375001 0.7474346171875 0.7420881500000001 0.7502084250000001 0.6133958015625 0.8477466984375001 0.609788034375 0.8531477296875 0.6167728203125 0.8559215515625 0.6266336953125 0.8568461328125
0 0.6295097828125 0.8303407937499999 0.746607709375 0.7375721562499999 0.757701196875 0.734490153125 0.76797293125 0.7329491453125 0.8624730406250001 0.8010616578124999 0.876031721875 0.8038354796875 0.88260565 0.79859605625 0.88260565 0.7911992109375 0.7959121140625001 0.7227784921875 0.770438159375 0.715689853125 0.749483796875 0.71877188125 0.6217032578125 0.8130815140625 0.61841629375 0.815547128125 0.6155402078125001 0.8220193531250001 0.6295097828125 0.8303407937499999
0 0.631975009375 0.79859605625 0.7556468640625 0.7104504421875 0.76468601875 0.7079848203125 0.7766012265625 0.708909421875 0.871923021875 0.7770219468749999 0.88260565 0.7733235296875 0.887125209375 0.7637692890625 0.7881055734375 0.6891845390625 0.751127303125 0.6891845390625 0.6194949890625 0.7899430296875 0.6167728203125 0.7939730328125 0.6217032578125 0.79982885625 0.631975009375 0.79859605625
0 0.75687944375 0.6780892781250001 0.7770120859375 0.6780892781250001 0.8702795484375001 0.7462018031250001 0.8850708765625 0.7502084250000001 0.8936991375 0.7391131765625001 0.7946795015625 0.6586725906249999 0.7507164109375 0.6571315890625 0.615059215625 0.7595857078125 0.622935871875 0.7702415140625 0.6356728328125001 0.7702415140625 0.75687944375 0.6780892781250001
0 0.629705090625 0.73478130625 0.7574856296875 0.644478284375 0.7681682578125 0.643245496875 0.7800834984375 0.643553678125 0.8692422265624999 0.7138236359375 0.8766379078125001 0.7169056265625 0.88526616875 0.71536463125 0.8914292015624999 0.7051939765624999 0.7903552328125001 0.6238287953125 0.750911703125 0.625061596875 0.61672263125 0.7242381421874999 0.6161463765625 0.7295419078125 0.6198442171874999 0.73416491875 0.629705090625 0.73478130625
0 0.629705090625 0.700262746875 0.7566639109375 0.60903513125 0.7665247843749999 0.608726925 0.78090521875 0.612733546875 0.788300865625 0.6179729578125001 0.8725292078125 0.6860854828125 0.8819792218750001 0.680846059375 0.884855309375 0.669442603125 0.874583540625 0.65896375625 0.787479146875 0.588385621875 0.777207378125 0.5868446281249999 0.7722769578124999 0.587769228125 0.7636486640625 0.5917758390625 0.6473724890625 0.6793050515625 0.62600725 0.6789968578125001 0.6239307625 0.67849423125 0.6132702890624999 0.6870100906250001 0.6108050796875 0.69132490625 0.6202550765625 0.700262746875 0.629705090625 0.700262746875
0 0.6453181390625 0.6771476421875 0.7706334515625 0.5831462046875 0.7878900062499999 0.58468720625 0.879103134375 0.6608129703125 0.8881422546875 0.662970378125 0.896770515625 0.6592719625 0.9025226906249999 0.6509505234375 0.8026813 0.5652705124999999 0.7718660640625 0.5634213031249999 0.6531246796875 0.6515669234375 0.6412094390624999 0.653416125 0.6267031203125 0.6680978890625 0.62600725 0.668826203125 0.631759440625 0.6771476421875 0.6453181390625 0.6771476421875
0 0.6481942265625 0.6491013078125001 0.6818855484374999 0.625678009375 0.7652921703125 0.5634213031249999 0.7817269390625 0.5550998640625 0.798161740625 0.556332671875 0.893072709375 0.6364650515625 0.9021118296875 0.63399945 0.9123835640625 0.624445196875 0.8100769812499999 0.5335257671875 0.8043248078125 0.531368353125 0.7866573921875 0.531368353125 0.7681682578125 0.535066771875 0.6399768421875 0.63399945 0.6321703015625 0.6364650515625 0.6329920546875 0.6447864921875001 0.6481942265625 0.6491013078125001
0 0.6371085140625 0.616121475 0.6523107031250001 0.614888675 0.7768042953125 0.524893846875 0.7850216953125 0.521503625 0.7952934640625 0.5205790296874999 0.8951348187500001 0.60286880625 0.9049956937499999 0.6044098265625 0.9144457078125001 0.6007114234375 0.9185544078125 0.5948555859375 0.8133717046875001 0.5027033375000001 0.8059760578124999 0.49715571875000003 0.7928282359375001 0.49931312656250004 0.774749928125 0.5027033375000001 0.6371085140625 0.6016360296875 0.6350541640625 0.60225241875 0.6329998140625 0.6071836484375 0.6371085140625 0.616121475
0 0.6498454921875 0.5834521171875 0.7817347484375 0.49099168750000005 0.7907738703125 0.4869850640625 0.8055651640624999 0.49037528750000003 0.8992435203125 0.5742060703125 0.9095152531249999 0.5772880859375 0.92019788125 0.5705076546875001 0.923895721875 0.561878021875 0.8207673515625 0.46787657656250004 0.80474344375 0.46602736875 0.779269521875 0.4669519703125 0.6350201953125 0.5691247015625 0.630123728125 0.5763634921875 0.639162865625 0.5853013328125 0.6498454921875 0.5834521171875
0 0.6436824421875 0.54708434375 0.654365053125 0.550166359375 0.789130396875 0.4552403140625 0.7973477625000001 0.45462391406249997 0.8121390906249999 0.45801412968750005 0.9095152531249999 0.54677615 0.9128022343750001 0.54646794375 0.9222522140624999 0.54122851875 0.9308805093749999 0.5362973015625 0.8285739265625001 0.4395220421875 0.8166586515625 0.4308924015625 0.790363009375 0.43181700312500004 0.659295490625 0.522120025 0.6344657234375 0.5366881109375 0.633410690625 0.537838309375 0.6375193921875 0.543077734375 0.6436824421875 0.54708434375
0 0.6681068078125 0.5162327078125 0.7970426890625 0.4227089390625 0.8140718843749999 0.42134029375 0.9107737468750001 0.510301928125 0.924762075 0.5098456875 0.9326685250000001 0.50026523125 0.827452040625 0.397617190625 0.7933935515625 0.3985296328125 0.649861165625 0.5034587046875 0.6437793359375 0.5112143328125 0.646212078125 0.517601353125 0.6681068078125 0.5162327078125
0 0.6620249265625 0.4852101796875 0.794609896875 0.3912302265625 0.8085982265625 0.386668071875 0.8225865578124999 0.38894914062499997 0.9211129375 0.4797356203125 0.9344930937499999 0.4779107734375 0.940574975 0.4687865015625 0.8347502671875 0.3661384796875 0.794001725 0.3638574109375 0.6571594421875 0.471523771875 0.6486448203124999 0.4733486375 0.6516857359375 0.48338533281249996 0.6620249265625 0.4852101796875
0 0.7976508124999999 0.3542769375 0.8092064000000001 0.35108342656249997 0.827452040625 0.356101784375 0.9284112140625 0.44688824531250004 0.9387504046874999 0.44551961875 0.940574975 0.4336580578125 0.8329257484375001 0.3273603328125 0.7915689828125 0.3273603328125 0.6529021312500001 0.4354829234375 0.6504693890625 0.4450633984375 0.6559430468749999 0.44962553437499997 0.7976508124999999 0.3542769375
0 0.6504693890625 0.41449710937499995 0.6620249265625 0.41267224375 0.802516396875 0.317323646875 0.812247365625 0.3141301359375 0.827452040625 0.3182360609375 0.9302357828125001 0.41769058125 0.9436158890625 0.4140408875 0.9442241125 0.40126690312499996 0.8444812859375 0.295425390625 0.79582629375 0.290863253125 0.6559430468749999 0.397617190625 0.6559430468749999 0.39807343125 0.6486448203124999 0.40628526093749995 0.6504693890625 0.41449710937499995
0 0.800691828125 0.278545490625 0.812247365625 0.27763306718749997 0.8311011796875001 0.2831076265625 0.9320603515625001 0.38073731093749996 0.9448322859375 0.3766313765625 0.9478732015625001 0.36522605625 0.843264940625 0.255734815625 0.79947538125 0.25299753593749996 0.6516857359375 0.3620325453125 0.6516857359375 0.370700615625 0.659592184375 0.3770875984375 0.800691828125 0.278545490625