0 0.10699022968750001 0.3795079671875 0.14719129687500002 0.34679683125 0.27937773906249996 0.2425300984375 0.2909610875 0.2374189828125 0.3100395296875 0.24201898906250002 0.493328975 0.378485746875 0.5076378625 0.38257464531249996 0.5355741703125 0.37593018906250003 0.536936884375 0.35753018281250004 0.2855100625 0.1735300609375 0.0692129 0.3603840296875 0.0695146453125 0.367752415625 0.079053921875 0.3769524078125 0.10699022968750001 0.3795079671875
0 0.0967695953125 0.44595245625 0.214647259375 0.35037460781249996 0.2575738125 0.3212412703125 0.2759708984375 0.3120412578125 0.3107208859375 0.3248190484375 0.476294659375 0.44901913593750004 0.5001427125 0.44493025937499997 0.503549609375 0.43470800625 0.267794390625 0.253263440625 0.06270093437499999 0.4265302109375 0.06338232031249999 0.435219125 0.07496566875 0.44288577812499996 0.0967695953125 0.44595245625
0 0.0736028984375 0.5062636328125001 0.23031880624999998 0.387174640625 0.2568923984375 0.38104130625 0.2759708984375 0.38973019999999997 0.29300515781250003 0.3994413109375 0.4408632578125 0.5123969890625 0.4551720890625 0.5123969890625 0.47288781718750006 0.5026858140625 0.2528041453125 0.32788572656250004 0.049903020312500004 0.48865679687499997 0.05520581249999999 0.49348582187499995 0.060656807812500005 0.501152475 0.0736028984375 0.5062636328125001
0 0.057931325 0.5782134937500001 0.21260313281249998 0.45043562968749995 0.22895609218750002 0.451968946875 0.24190215468749998 0.455035625 0.41224553750000004 0.5751468578125001 0.4347308765625 0.5751468578125001 0.4483583515625 0.5659468234375 0.21532861718750002 0.39830226875 0.0324321765625 0.550724265625 0.035445984375 0.557769028125 0.035445984375 0.5659468234375 0.057931325 0.5782134937500001
0 0.281421809375 0.61017981875 0.2936865703125 0.61017981875 0.44018184375 0.710357684375 0.45108383593749996 0.708313246875 0.463348540625 0.7026909890625 0.2759708984375 0.569290909375 0.11978639218750001 0.687962334375 0.12334318749999999 0.694002096875 0.145828528125 0.7032020890624999 0.281421809375 0.61017981875
0 0.2555296859375 0.5820687 0.27869632499999997 0.5672464500000001 0.30118166562500004 0.5626464546875 0.4490397078125 0.6664020765625 0.46471131093749996 0.665890978125 0.476976015625 0.6577131828125 0.2773336125 0.5207353265625 0.11702783750000001 0.6507218531250001 0.1247059578125 0.6597576421875 0.14446575781249998 0.66333541875 0.2555296859375 0.5820687
0 0.11380396718750001 0.766974196875 0.24122085312500002 0.6821297000000001 0.26098065312499996 0.68110748125 0.2732453578125 0.6841741390625 0.41292695 0.7853742234375 0.43336810625 0.7817964468749999 0.436775003125 0.7679964375 0.25348555781250004 0.6340852375 0.08859314375 0.7480630703125 0.0899558578125 0.7557297875 0.0892745 0.761863121875 0.11380396718750001 0.766974196875
0 0.7747362843750001 0.2675745609375 0.7754176421875 0.2553078796875 0.76383435 0.24559676718749998 0.7447557953125 0.24201898906250002 0.5253535359375 0.3994413109375 0.31549049687499997 0.24713009531250002 0.3045885625 0.2527523421875 0.29300515781250003 0.2578634375 0.2936865703125 0.2685967796875 0.29709341093749997 0.2747301140625 0.523990821875 0.44646359843749994 0.7747362843750001 0.2675745609375
0 0.5015054828125 0.460263628125 0.48447116562500003 0.458219128125 0.3032257921875 0.32021905156249997 0.287554190625 0.3186857125 0.270519875 0.32073015 0.2596179390625 0.3314634828125 0.49537310156250003 0.515974725 0.7386234703125 0.34577461249999997 0.7386234703125 0.3375968171875 0.726358709375 0.323796828125 0.704599871875 0.32245390937499996 0.6970596875 0.328396825 0.5192212109375001 0.4556636125 0.5015054828125 0.460263628125
0 0.5787831328124999 0.498672425 0.7675235453125 0.37345011875 0.7838765609375 0.3673167625 0.8111314546875 0.3708945609375 0.9821562500000001 0.50940575625 1 0.5037835203125 0.999871978125 0.4715835046875 0.8022735890625 0.308027846875 0.7913716546875 0.309561175 0.5464427671875 0.483829328125 0.5494840562500001 0.49100574999999996 0.559704634375 0.49509462656250003 0.5787831328124999 0.498672425
0 0.49497421093750005 0.5942502734375 0.728685303125 0.4347834921875 0.719146025 0.42149458125 0.702793065625 0.41740570625 0.5174595515625 0.5375169375 0.49497421093750005 0.5456946484375 0.47793983906250004 0.5410946734375 0.300782690625 0.4102501296875 0.2721650265625 0.4179168046875 0.2714836703125 0.4306945953125 0.27761602343749997 0.43580571093750003 0.4820280375 0.59016135625 0.49497421093750005 0.5942502734375
0 0.7668421875 0.4680057265625 0.9385482843749999 0.6024280265625 0.9807935359375 0.6008946875000001 0.978749353125 0.584539140625 0.768886315625 0.4122945890625 0.5317683828125 0.5717613703125 0.5262133703125 0.5776339609375001 0.539263421875 0.5911836375 0.574013465625 0.5911836375 0.74571961875 0.47107240624999996 0.7668421875 0.4680057265625
0 0.6689017046875 0.6583513625 0.6563668500000001 0.6464413328124999 0.49508467187500005 0.7486168875 0.327117178125 0.637665525 0.3053900921875 0.6395460625 0.308174990625 0.6534357421875 0.3137466859375 0.6583513625 0.485892440625 0.779959096875 0.6689017046875 0.6583513625
0 0.5502381296875 0.788108075 0.663052096875 0.7116331171875 0.6780940046875 0.706618359375 0.6914644984375 0.699096234375 0.7081777515625001 0.7003499171875001 0.8577606453125 0.80377920625 0.8769808843750001 0.802525496875 0.8778165234375 0.7856007093749999 0.695642828125 0.6520829203125 0.5111659046875 0.7803050625 0.5143048421875 0.79249603125 0.5377032749999999 0.7931228078125 0.5502381296875 0.788108075
0 0.5101265109375 0.7373337125 0.66555908125 0.6389192078125 0.6797652828125 0.6357849875 0.8218273578125 0.746109521875 0.8502397593750001 0.7448558375000001 0.8602676984375 0.73231900625 0.6755870203125001 0.5944133125 0.48861135781250004 0.720253584375 0.48756371718749997 0.72855793125 0.4942489640625 0.735453175 0.5101265109375 0.7373337125
0 0.651460128125 0.5750717953125 0.4953023359375 0.6772180343749999 0.4767121140625 0.6747776828125 0.45347437656249995 0.6698969781249999 0.4274480578125 0.6556034796875 0.3070764 0.570191084375 0.2996403421875 0.574025925 0.298246071875 0.5799524984375 0.4836834671875 0.7141719703125 0.66958560625 0.5872735609374999 0.6621495484375 0.5771635265625 0.651460128125 0.5750717953125
0 0.5729165078125 0.593628453125 0.5659451546875001 0.59188534375 0.5459607015625 0.592582584375 0.531553253125 0.58874775 0.5273704796875001 0.5904908609375 0.5055269734375 0.6037384890624999 0.47996540000000004 0.613848525 0.467417003125 0.6107109312500001 0.3121887375 0.5057757203125 0.3061469125 0.50368398125 0.287556690625 0.5089133125 0.2815148640625 0.5190233484375 0.2856976765625 0.5225095703125 0.48228919687499994 0.656380434375 0.5729165078125 0.593628453125
0 0.6677300453125 0.5722494375 0.6788841718749999 0.5764329 0.8215640796875 0.6827626015625 0.8373657609375 0.6817167468750001 0.85084364375 0.6789277671875 0.8513083874999999 0.6642856421875 0.847125615625 0.6573132 0.6649415046875 0.5265799531249999 0.47996885312500004 0.6607994203125 0.4743258453125 0.662580971875 0.48229265000000004 0.67300119375 0.496235278125 0.6747443046875 0.6547168671875 0.571552203125 0.6677300453125 0.5722494375