0 0.1297573671875 0.1332527203125 0.27569319062500003 0.014617 0.29735926562500004 0.010115840625 0.31464786562499997 0.01795793125 0.45915151718749997 0.147005209375 0.47754446093749997 0.1476168265625 0.49387592343750003 0.13626322500000002 0.34536854687499996 0.0060284296875 0.2516928359375 0.0043933140625 0.230783828125 0.0188835625 0.119335975 0.1207941875 0.1193131765625 0.130267696875 0.1297573671875 0.1332527203125
0 0.431004621875 0.2387663640625 0.324886665625 0.31474615 0.3232809546875 0.3218522875 0.3329531453125 0.33294013125 0.4458424015625 0.2574546671875 0.48297203125 0.25481349375 0.510879540625 0.2625242125 0.5739320453125 0.32792623125000003 0.5941842312500001 0.3203096875 0.500255915625 0.22987229999999997 0.431004621875 0.2387663640625
0 0.325606384375 0.363110390625 0.32416399687499997 0.3718368921875 0.335345984375 0.38092935781250004 0.4697379953125 0.299322375 0.49538650625 0.3076577796875 0.561447209375 0.373805803125 0.573829453125 0.3705570359375 0.5775365390625 0.3588374671875 0.4806902328125 0.2649116890625 0.325606384375 0.363110390625
0 0.3346243 0.402868440625 0.3384434125 0.41408464062499994 0.3493889671875 0.4171939953125 0.478152934375 0.3464352328125 0.5007144343750001 0.35203026249999997 0.574132315625 0.418422934375 0.5835120593750001 0.4120597828125 0.58128155625 0.4008425796875 0.491781028125 0.31189820468749996 0.3346243 0.402868440625
0 0.3155476015625 0.4779205828125 0.3147756046875 0.48602340625 0.3247915375 0.4932468421875 0.4604730265625 0.431707896875 0.48796368125 0.4389202734375 0.55276241875 0.5083100296875 0.5705134734375 0.49770343749999996 0.48286648750000005 0.40289928125 0.42705618437500004 0.42026112656250003 0.3155476015625 0.4779205828125
0 0.48330712499999995 0.3587724484375 0.32047774218749997 0.4443862703125 0.3200323875 0.4557298171875 0.329625765625 0.46482329062499994 0.454530721875 0.3994269765625 0.472518209375 0.39480349531250003 0.49248266406249996 0.40251924062500005 0.5501891578125 0.465805571875 0.5623852796875 0.470409953125 0.571782121875 0.45694166562499994 0.48330712499999995 0.3587724484375
0 0.324936778125 0.537124 0.326756121875 0.545474484375 0.33869871093750004 0.5512008859375 0.4722057125 0.48991262031250005 0.4946038890625 0.49388728750000005 0.5517188046875 0.55979166875 0.5637516046875 0.562775684375 0.573886246875 0.555414846875 0.4873379046875 0.4557485921875 0.324936778125 0.537124
0 0.48281892343750005 0.49214962656249994 0.47312963437500005 0.4881669171875 0.3263050703125 0.559186409375 0.3264626921875 0.563175153125 0.32862008125000003 0.5700296078125 0.340900715625 0.5742599796875 0.46368719531249997 0.5205822234374999 0.48265461875 0.5256809234375 0.5406032453125 0.5925819890625 0.557334465625 0.5888318640625 0.5597738859375 0.58272240625 0.48281892343750005 0.49214962656249994
0 0.4755898875 0.542887271875 0.3703911375 0.5843380703125 0.3243489328125 0.607676996875 0.3269962890625 0.6193925421875 0.33585186875 0.6223785671875001 0.4510219375 0.5719465671874999 0.467324903125 0.57243485625 0.486939915625 0.5863833859375001 0.5823267359375001 0.6961408 0.59527775625 0.699747490625 0.600736778125 0.6896472828125 0.4755898875 0.542887271875
0 0.55536594375 0.677210865625 0.4819376484375 0.5804032890624999 0.38697515 0.607014109375 0.31936278125 0.6297434281250001 0.31516572656249997 0.63660190625 0.3194976046875 0.64320568125 0.329772771875 0.6469387171875 0.45444600937499996 0.6083425734375 0.47576834218749997 0.607705825 0.49803071093750007 0.6333699 0.5390344812500001 0.6885644671875 0.5539121578125 0.6906741249999999 0.55536594375 0.677210865625
0 0.454377615625 0.6367631109375 0.28904238125 0.6866036 0.28868723749999997 0.6952047625 0.2992045390625 0.7025525312500001 0.42278483125 0.66645010625 0.435916275 0.6645720265625 0.4555483859375 0.671415425 0.5024555484375 0.7403178953125 0.5109844812500001 0.740063196875 0.5212824453125 0.7343227203125 0.454377615625 0.6367631109375
0 0.8251542609375001 0.861025425 0.74941095 0.75337465 0.5655080531250001 0.8057199171875 0.5620658984375 0.81158070625 0.5664822875 0.8178104749999999 0.5785938984375 0.8227888609375 0.717311103125 0.7853056921875 0.731935246875 0.7885373718750001 0.7530600578125 0.8004905265625 0.8023107312500001 0.8683943062499999 0.819700940625 0.8687572546875 0.8251542609375001 0.861025425
0 0.5874135125 0.7017468874999999 0.58487248125 0.7153354843749999 0.5886915953125 0.7265516828125 0.7421459515625 0.6800842953124999 0.78242430625 0.6892830015625 0.8862156484374999 0.8157383671874999 0.897527746875 0.8055098046875001 0.8949649000000001 0.7934202515625 0.77308544375 0.6439158453125 0.5874135125 0.7017468874999999
0 0.5835706171874999 0.7351558625 0.5805282203125001 0.748620125 0.59422274375 0.7559658859375 0.749828790625 0.71872133125 0.78264835625 0.73515453125 0.8333974296875001 0.8057996890625001 0.8473625828125 0.8049182953124999 0.8536496140625 0.7981831453125 0.7727293171875 0.6876686703125 0.5835706171874999 0.7351558625
0 0.6200043125 0.639525275 0.6197279796874999 0.6501208078125 0.636430703125 0.658212571875 0.79457778125 0.60737941875 0.8177251578125 0.612724778125 0.8737414296875 0.6834912546874999 0.8904612515625001 0.684477884375 0.8986749375 0.6762457000000001 0.813642096875 0.57221569375 0.6200043125 0.639525275
0 0.8909730328125001 0.7150171234375 0.807117646875 0.6081193921875 0.61593068125 0.6645827609375 0.6118181390624999 0.671067228125 0.6191582171875 0.678417009375 0.63670605 0.6827687 0.7534305359375 0.646545959375 0.7810398984375 0.6391740640625 0.805437840625 0.6460144437500001 0.8667156140625 0.7192706171875 0.8815932890625 0.7213802734375 0.8909730328125001 0.7150171234375
0 0.8213221859375001 0.507766121875 0.6199274671875 0.56722758125 0.61772448125 0.57932015 0.6281572703125 0.5870419265625 0.7650437296875 0.545945028125 0.7937346375 0.5408161703125 0.8292300593749999 0.557123025 0.8835675109375 0.6306328921875 0.898619909375 0.6296261578125 0.9052506843750001 0.6190266015625 0.8213221859375001 0.507766121875
0 0.9142933671875 0.57900781875 0.8460876546874999 0.466116921875 0.629500015625 0.51549124375 0.6266323390624999 0.5258391125 0.6274432515624999 0.53630930625 0.63537490625 0.5410410359375 0.820252040625 0.500786328125 0.8466440515625001 0.5128607984375 0.866618921875 0.5509914515625 0.895117025 0.5912357781249999 0.9115159015625001 0.5866133046875001 0.9142933671875 0.57900781875
0 0.8960924453124999 0.359633084375 0.725406484375 0.374574603125 0.7209615968749999 0.3801867234375 0.719851553125 0.389785575 0.7272761437499999 0.3967613484375 0.9202026578125 0.3818057546875 0.9408935140624999 0.40036570156250006 0.9617799249999999 0.47663906718750004 0.9856090890625 0.4766239859375 0.9537781078125 0.3620896046875 0.8960924453124999 0.359633084375
0 0.6932496390625 0.430189425 0.6968095187500001 0.4448960203125 0.8865759093750001 0.42283730625000004 0.9189843218749999 0.43640378750000003 0.9479486109374999 0.526134378125 0.967428796875 0.52662065625 0.9738848515624999 0.51913749375 0.9293620828125 0.3975060203125 0.700967659375 0.41946453124999994 0.6932496390625 0.430189425
0 0.6724276921875 0.4661021703125 0.6694755046875 0.476824046875 0.672714440625 0.485921540625 0.6854964390625 0.490276246875 0.8469327640625 0.4623768484375 0.8877124859375 0.4716998890625 0.9330699499999999 0.5591763828125 0.9575695046874999 0.558537621875 0.9310721515625 0.48600734531249995 0.8966706562500001 0.43205511406249997 0.6724276921875 0.4661021703125
0 0.21043687656249999 0.9481164984375001 0.264589840625 0.9620384421875 0.18773748750000002 0.8309002718749999 0.005090740625 0.875024040625 0.00521413125 0.8962330953125001 0.02883009375 0.9035723421874999 0.1502238328125 0.8802277125 0.1779868578125 0.8897604984375 0.21043687656249999 0.9481164984375001