0 0.10103063281249999 0.4094697328125 0.09784792812500001 0.409559940625 0.060370834375 0.4560768546875 0.062379525000000005 0.45780405156250004 0.0657001296875 0.45850035624999996 0.098597971875 0.4199195859375 0.1006709015625 0.4183642984375 0.1057025671875 0.41787389218750004 0.157729975 0.44218815625 0.159496184375 0.44131605625 0.1596804484375 0.438718240625 0.10103063281249999 0.4094697328125
0 0.096401746875 0.40009476718750003 0.057520193750000004 0.44684915312499995 0.0593813609375 0.44800041718749994 0.062465878125 0.4485663984375 0.09719483749999999 0.4094835984375 0.10099094687500001 0.408027015625 0.1545605921875 0.432624265625 0.1564371328125 0.432381375 0.157136584375 0.4290733984375 0.1006942609375 0.40146963593749996 0.096401746875 0.40009476718750003
0 0.059155289062500005 0.44062951406249995 0.0946234109375 0.3996814515625 0.09968267187499999 0.39934835 0.1517927765625 0.424134521875 0.1542948296875 0.42381066718750005 0.1546876109375 0.4211858734375 0.0951486109375 0.39173070625 0.055075998437499996 0.43783175312499995 0.059155289062500005 0.44062951406249995
0 0.05711118281250001 0.431402615625 0.09224503125 0.3909804328125 0.0954431890625 0.38976210624999996 0.1474275453125 0.41504717500000005 0.1504569265625 0.41529855624999995 0.1532965671875 0.41203529375 0.0916328609375 0.3814073 0.051994628125 0.42846269843749996 0.05711118281250001 0.431402615625
0 0.0485946671875 0.41891781406249995 0.0486222484375 0.41947068125 0.0529544578125 0.4222882671875 0.0872697375 0.3808459265625 0.0922186703125 0.3798836234375 0.14475793125 0.40590122500000003 0.1466344546875 0.4056583359375 0.1484040265625 0.40237270625 0.0870039734375 0.372032325 0.0485946671875 0.41891781406249995
0 0.0508000359375 0.41243214375 0.08550474531249999 0.3707785265625 0.09085523906250001 0.37089035 0.1415609921875 0.3961800390625 0.146049878125 0.396242509375 0.14698542187500002 0.3930648359375 0.0848219671875 0.362018896875 0.0449505421875 0.40962160000000003 0.0508000359375 0.41243214375
0 0.20200159375 0.3967222703125 0.1640994328125 0.43761238750000003 0.16442086718749999 0.43778292499999993 0.16622345 0.44076705 0.19862460937499998 0.4066508640625 0.2010869578125 0.404884296875 0.2044936296875 0.403638990625 0.246485265625 0.4290913609375 0.2498489265625 0.428816853125 0.2505759359375 0.4256661796875 0.20200159375 0.3967222703125
0 0.20040417812500003 0.39612466875 0.2029062296875 0.3958008140625 0.246329815625 0.42090697343750005 0.25029471875 0.41798068906249997 0.20069331875000002 0.38804360937500004 0.1644618046875 0.42828612499999996 0.16645741875 0.43237138750000004 0.20040417812500003 0.39612466875
0 0.198234315625 0.387396659375 0.20112578593750002 0.3868615203125 0.24696532499999999 0.413585446875 0.24847124531250003 0.41001220156249996 0.2004551328125 0.3793873109375 0.16143033125 0.4195087578125 0.16516459375 0.4225646046875 0.198234315625 0.387396659375
0 0.1998053671875 0.37689744687500004 0.2045579265625 0.3772475375 0.2454761125 0.4050910671875 0.2494685921875 0.4023220765625 0.2011767234375 0.3701241703125 0.16179340625 0.4082006671875 0.1641233015625 0.4117600390625 0.1998053671875 0.37689744687500004
0 0.16041450625 0.40033551093749997 0.16157945468749998 0.4021151984375 0.20017724375 0.36928829687500003 0.20348571249999997 0.3686991890625 0.2455137046875 0.39800779999999997 0.2496165 0.3958680265625 0.20275990156249998 0.360910371875 0.159896675 0.3988677359375 0.16041450625 0.40033551093749997
0 0.2463732046875 0.389531165625 0.24946104687499998 0.3876836375 0.20285599687500003 0.3517281859375 0.159028365625 0.3889908265625 0.1633866015625 0.3917463015625 0.20390061718750002 0.36011923281249997 0.2463732046875 0.389531165625
0 0.07388356406249999 0.5191819734374999 0.0914034796875 0.499998346875 0.095215621875 0.4991732390625 0.1261026703125 0.5110962375 0.13663495781249999 0.5097329875 0.0904562390625 0.4908337796875 0.04763276875 0.5424808359375 0.0517132984375 0.5444403140625 0.0635774578125 0.5331199640625 0.063309075 0.5303353953125 0.062196878125 0.5264991359375 0.06493430156249999 0.525813125 0.06861679062500001 0.5255023203125 0.07091181875 0.5235468390625 0.069195715625 0.521281325 0.07388356406249999 0.5191819734374999
0 0.044321140625 0.5336223109375 0.048389151562499996 0.534256675 0.087434496875 0.4898981578125 0.0919483515625 0.48931390625000004 0.1384841765625 0.5089961046875 0.1477552234375 0.50796195625 0.087403909375 0.4809466265625 0.0420057375 0.5315861734375 0.044321140625 0.5336223109375
0 0.039423040625 0.5219839625 0.0442905375 0.5246707796875001 0.083392759375 0.48063660468749997 0.0868318625 0.4801914640625 0.1457263859375 0.503912646875 0.14809420625 0.5011185359375 0.08244552031249999 0.4714720375 0.039467415625 0.52098315625 0.039423040625 0.5219839625
0 0.0924928703125 0.5099737296875 0.0973512984375 0.50884735625 0.1108415703125 0.5130715609375 0.12272040937499999 0.5118657062499999 0.0943398984375 0.5004474828125 0.07719303281249999 0.5192511328125 0.085060703125 0.51773525625 0.0924928703125 0.5099737296875
0 0.1892433859375 0.4687600625 0.19344449375 0.4663920265625 0.23739754375 0.48889615781250007 0.23973695 0.48593988125000004 0.18905470156249998 0.4601606859375 0.1536246875 0.5032650140625 0.158132875 0.5044627609375001 0.1892433859375 0.4687600625
0 0.23567581718750003 0.48032936406250004 0.24060703437500003 0.4783643515625 0.18835081250000002 0.45113045625000003 0.152444359375 0.4945851421875 0.1555069953125 0.4970080484375 0.1886851125 0.45805256875 0.23567581718750003 0.48032936406250004
0 0.192814315625 0.47658998124999996 0.19854503437499998 0.4766774359375 0.23156217343750002 0.491973253125 0.23630688125 0.490198225 0.19346949375 0.4690422734375 0.1626876421875 0.50536579375 0.16937935937499998 0.5046654937499999 0.192814315625 0.47658998124999996
0 0.17942490625000002 0.5030335625 0.19572449375 0.4856663140625 0.19907830937499998 0.484734690625 0.22101392031249997 0.49449947187500004 0.2279649546875 0.49277055000000003 0.1985575328125 0.47800255312499995 0.1955926703125 0.47739126093750006 0.17327680781250002 0.504326871875 0.17942490625000002 0.5030335625
0 0.6948624203125 0.8412821390625 0.56234105 0.7819883921875 0.5473762718749999 0.7799194218750001 0.5146010453125001 0.7898367671875001 0.3896332671875 0.9177251046875 0.3931985140625 0.9277317421875001 0.407158325 0.9265925156250001 0.5259622796875 0.8117342203125 0.5361494953125 0.8067435156249999 0.5500772390625001 0.8079452265624999 0.6624305578125 0.8531580249999999 0.6772487796875 0.8569151078124999 0.6923990812499999 0.8499466953124999 0.6948624203125 0.8412821390625
0 0.5742423015625 0.75719769375 0.5108256703125 0.7563926750000001 0.384302215625 0.8852694703124999 0.3835444109375 0.8910426125 0.39152926250000003 0.8936811953125 0.404827509375 0.8912922921875 0.521149903125 0.7774228515625 0.5441133796875001 0.7721137828125 0.6698907171874999 0.8282745265625 0.6918995453125001 0.8250919624999999 0.6891526296875 0.8094237390625001 0.5742423015625 0.75719769375
0 0.681889134375 0.7856606 0.6781554734374999 0.77445986875 0.544196478125 0.7120139062499999 0.49628479218750005 0.7188830187499999 0.37700361718750003 0.849092440625 0.377249403125 0.855136296875 0.386475015625 0.8572804484375001 0.39758477812500004 0.8525041828125 0.5018107203125 0.74787849375 0.5111394921875 0.7379914875 0.5345035578124999 0.734967353125 0.6554391671875 0.788750325 0.6709510546875 0.7914161328125 0.681889134375 0.7856606
0 0.6772675593749999 0.7492038359375 0.6741313359375 0.74393469375 0.5346118203125 0.6775348578125 0.500545490625 0.6826118984375 0.37065001249999996 0.809922153125 0.367728871875 0.8159753343749999 0.3739189140625 0.8235198390624999 0.385772628125 0.8229870375000001 0.49825824843750005 0.7099480578125 0.5108125328125 0.7033156546875 0.5244862078125 0.700544309375 0.6605261734375001 0.7597164765625 0.6697335843750001 0.7541849390625 0.6772675593749999 0.7492038359375
0 0.6758966640625 0.718669059375 0.5491282421875 0.649283475 0.4931745125 0.6531875765625 0.3656140078125 0.7811971062499999 0.3605616078125 0.7851893359375001 0.363576421875 0.79481396875 0.3772431875 0.7970509453125 0.49365489531250006 0.68116698125 0.506934953125 0.6711023734375 0.5254503515625 0.670708796875 0.6622915 0.7344508421875 0.6733119296875001 0.7316891015625 0.6758966640625 0.718669059375
0 0.664843865625 0.690792246875 0.6653401890625 0.6824581859375 0.530003246875 0.611665909375 0.480752125 0.6165639921875 0.35567752812500003 0.7449860765625 0.355462753125 0.752692959375 0.36168263437500003 0.756908834375 0.3760486421875 0.7562307625 0.4910508625 0.6418124703125 0.5057835390625 0.63429389375 0.517239078125 0.6348785921875 0.6493962109375 0.6986986953125001 0.6605763312499999 0.6954794875 0.664843865625 0.690792246875
0 0.6565948625 0.659371434375 0.6613019171875 0.6504923703125 0.517679265625 0.5748655703125001 0.4756728609375 0.5808933749999999 0.3472766359375 0.7126988828124999 0.34675808125 0.7186730296875 0.35234200000000004 0.721494459375 0.3669611671875 0.7222603828125 0.48234618593749995 0.607792515625 0.4933521515625 0.6013469953125 0.5066487671875 0.599035246875 0.6368413 0.66281429375 0.649979915625 0.6640671953124999 0.6565948625 0.659371434375
0 0.6501647109375 0.6226942734375001 0.648724778125 0.6122480546875 0.50803485625 0.5377183875 0.466490271875 0.5419143265625 0.3384482765625 0.6743862671875 0.33727166875000003 0.67796116875 0.3457093203125 0.68366209375 0.356218990625 0.6855506265625 0.47472315 0.56654415625 0.4848845078125 0.5619800625 0.5024647734375 0.561772003125 0.632448675 0.6288269078125001 0.6415567640625001 0.6294200921875001 0.6501647109375 0.6226942734375001
0 0.6473572078125 0.5911576890625 0.6454332218750001 0.5801834 0.5045691125 0.5024274390625 0.4579185375 0.5087610375 0.3347863109375 0.6348642609375 0.3332712484375 0.6418533937500001 0.34272765 0.6488992203125 0.35398066250000004 0.6483287343749999 0.4706153234375 0.5342898078125 0.48024200468749995 0.528908890625 0.492390225 0.526745771875 0.62969176875 0.597579115625 0.6410744125 0.595515090625 0.6473572078125 0.5911576890625
0 0.609717953125 0.557338678125 0.625732528125 0.5638309765625 0.637548625 0.5620062 0.64144558125 0.5485063984375 0.498442746875 0.46748305625000003 0.45450011406249996 0.4713986859375 0.3260531125 0.6006716109375 0.327100375 0.6021891593750001 0.327578315625 0.607148246875 0.332469521875 0.612717496875 0.347291215625 0.6146386265625 0.4596138578125 0.500567153125 0.46985425000000003 0.494220721875 0.4762099015625 0.492512025 0.489832565625 0.49429296875000006 0.609717953125 0.557338678125
0 0.6336177859375 0.5261869375 0.636309578125 0.5169780328125 0.490199859375 0.4316312296875 0.480759584375 0.4313763828125 0.46536873593749994 0.4351406015625 0.443036859375 0.43950788437500005 0.31959301875 0.5668371125 0.31768073750000003 0.5685570921875 0.326754346875 0.5756524515625 0.340990709375 0.5764679109374999 0.45361712499999995 0.4641292265625 0.46559122343750003 0.45873980468750003 0.4823552828125 0.4583420484375 0.6167969546875 0.53072695 0.6212608687500001 0.5316259109375 0.6336177859375 0.5261869375
0 0.6280400234375 0.4920526484375 0.62593578125 0.48228312500000003 0.4884723578125 0.39936136875 0.48135723906249994 0.3967381125 0.4393002359375 0.40247713437500005 0.3128721953125 0.52548851875 0.3112584015625 0.5363042359375 0.31834514375 0.540998571875 0.3350301875 0.5423831515625 0.447555340625 0.42946687343749995 0.4612915484375 0.4229633296875 0.48121923281249995 0.42274678750000005 0.6112414828125 0.4989525546875 0.62114358125 0.49737553125 0.6280400234375 0.4920526484375
0 0.6249737609375 0.4522487953125 0.48509572656250005 0.3626619578125 0.43667292812499997 0.364926171875 0.3068799078125 0.4955921984375 0.3137009609375 0.5049491078125 0.32659587343749996 0.5088848015625 0.4480851171875 0.390672265625 0.457150328125 0.387897546875 0.4686342625 0.38681145156249996 0.6022337578125 0.46480035781250006 0.6112605140625 0.46483300625 0.622851453125 0.4613310359375 0.6249737609375 0.4522487953125
0 0.6249164828125 0.418627478125 0.4771949984375 0.3236504046875 0.4322286015625 0.327468915625 0.29876014375 0.4615316 0.304098059375 0.47136228593749996 0.32211309843749997 0.47423495468750004 0.442182971875 0.35700681562500003 0.4524616640625 0.35207331875 0.468752703125 0.351165696875 0.6076699234375 0.43527211250000003 0.615002790625 0.4347233140625 0.6237248546874999 0.4299912984375 0.6249164828125 0.418627478125
0 0.46846243125000003 0.2859475234375 0.42464088593750005 0.2872158078125 0.293863921875 0.41904112187500003 0.287903646875 0.42741908593750005 0.29795984531249997 0.433323603125 0.31473125 0.4351562140625 0.4371594359375 0.31321908125000003 0.4584333359375 0.3104654890625 0.6044692109375001 0.3988549265625 0.613259946875 0.39451435468749996 0.61763341875 0.3831390390625 0.46846243125000003 0.2859475234375
0 0.6175460140625 0.3463189140625 0.4705191015625 0.2492502 0.46170655624999996 0.244385728125 0.41777792500000005 0.24806992343749998 0.284261025 0.385454315625 0.2865944359375 0.39876393125 0.301221715625 0.4004737171875 0.4314330421875 0.277529140625 0.4420548828125 0.2745529375 0.45211940781250004 0.2744512625 0.590273378125 0.3602578234375 0.5993303125 0.3634893078125 0.6104023859375001 0.3600544796875 0.6175460140625 0.3463189140625
0 0.9577573328125 0.7647451000000001 0.8546401078124999 0.7083773078125 0.8286312312499999 0.7089301796874999 0.808449221875 0.714356040625 0.6984986578125 0.827524903125 0.6958799921875001 0.83334235625 0.7032504328125 0.8352019703125 0.7131355984375001 0.834860325 0.818338490625 0.7305828703125 0.8293084625 0.7269746125000001 0.8394916515625 0.7259691640625 0.9437773328124999 0.7771837374999999 0.952965809375 0.7728682265625 0.9577573328125 0.7647451000000001
0 0.9554358078125 0.7444124999999999 0.954149596875 0.737076034375 0.8567585265625001 0.68027971875 0.8304045312499999 0.676500534375 0.8102761171875 0.6822321 0.7006633265625 0.792082290625 0.6978505937499999 0.7949473390625 0.696139746875 0.8017338468749999 0.7113629578125 0.8082042296875 0.8107089500000001 0.701246025 0.8211129765624999 0.696773165625 0.8309745812499999 0.6939336125 0.9360105843750001 0.7494277796875 0.9498639328125 0.7504482765625 0.9554358078125 0.7444124999999999
0 0.9538369093749999 0.7092931265625 0.8432185000000001 0.6479564437499999 0.8067520375000001 0.6526764921875 0.6944621515625 0.7694145546875 0.6924784234375 0.773759128125 0.6983588671875001 0.7789378124999999 0.708274084375 0.77640395 0.8149068968750001 0.6731919093750001 0.8233922046875 0.669592621875 0.8353032734375001 0.6689887734375 0.941149590625 0.72437806875 0.9510412578125 0.7193462703125 0.9538369093749999 0.7092931265625
0 0.8007732578125 0.6209376328125 0.6848090453125 0.739871234375 0.694429584375 0.7494346515625 0.70699025625 0.7478088578125 0.810495246875 0.6409375749999999 0.8303492390624999 0.6383677671875 0.9341696562499999 0.694019284375 0.9494529593750001 0.6961051796875 0.9560324843749999 0.68399915625 0.844395825 0.6168544390624999 0.8007732578125 0.6209376328125
0 0.943586684375 0.661520884375 0.9478958765625001 0.6506465765625 0.8340725421874999 0.5828470343750001 0.7953893078125 0.589104496875 0.6803029734375 0.70459988125 0.6806569484375 0.7099339078125 0.6851074875000001 0.7140471749999999 0.6949390609375 0.7133998515625 0.8052485453125 0.6075235671875 0.8155689531249999 0.6049372703125 0.827372865625 0.60372203125 0.9275165671875 0.6620378234375 0.9353458015625 0.66415064375 0.943586684375 0.661520884375
0 0.9343429171875 0.627703640625 0.9351962921875 0.616026153125 0.9232445625000001 0.606943971875 0.825073175 0.54806029375 0.8146756171874999 0.5478430078125001 0.8099742125 0.549389396875 0.8021620359374999 0.55446465 0.7027153578124999 0.6561213078125 0.6815922390625 0.6585427703125 0.6794570921875 0.6583092984375 0.670424959375 0.6681163875 0.668744159375 0.67271065 0.67961753125 0.6803692984375 0.68893675 0.6791630625 0.798275115625 0.57247461875 0.8079459140624999 0.5709102484375 0.8228240093749999 0.5730485921875 0.8310283578125001 0.5773012265624999 0.9259347640625 0.6341065312499999 0.9343429171875 0.627703640625
0 0.9494036203125 0.595429890625 0.8360455140624999 0.5231934093749999 0.80533523125 0.5252926687499999 0.7035646484375 0.627875371875 0.692135875 0.631230384375 0.6803832937500001 0.6476439453125 0.6798237 0.6484551390625 0.6869432609375 0.6559744171874999 0.700314296875 0.6542437343749999 0.807549571875 0.5450138953125 0.8248352421874999 0.544339625 0.9280231546875 0.60820119375 0.937312309375 0.6091872031250001 0.94517804375 0.6044176328125 0.9494036203125 0.595429890625
0 0.9460508828125 0.57866963125 0.9545190937499999 0.5678822453125 0.8378188515625 0.4907637796875 0.831771146875 0.4893582046875 0.8143482625 0.4916133421875 0.7967581359375 0.49764159374999994 0.687544040625 0.6121295390625 0.6802742828125 0.6155714703124999 0.6825316484374999 0.62372009375 0.6982736984375 0.626059225 0.7274257125 0.5985266375 0.798852325 0.5261317859375 0.8136126375 0.515780478125 0.8300343390625 0.514905421875 0.93756560625 0.58226889375 0.9460508828125 0.57866963125
0 0.9437495968749999 0.5489534359375 0.9524257140625 0.5440789859375 0.9554592953125001 0.5377464984375 0.83570836875 0.45977239687499993 0.8274504281249999 0.45521407187499996 0.814859725 0.45903210625 0.797621146875 0.464702228125 0.6790878499999999 0.5803964203125 0.6771691171875001 0.5812700046875 0.6760006749999999 0.5864232046875 0.681606675 0.5947636234375 0.6963840859375 0.5916004203125 0.803505709375 0.48644937343750005 0.8110198593750001 0.4820379234375 0.8209886859375001 0.4798097484375 0.9337572406250001 0.548683675 0.9437495968749999 0.5489534359375
0 0.9528462453125 0.5133875375 0.9549923281250001 0.504356340625 0.8369457499999999 0.4242859140625 0.8208220734375 0.4244971546875 0.79586150625 0.428665796875 0.67137515625 0.5484170390625 0.6678051875000001 0.55622174375 0.6782733859375 0.5639328359375 0.688486603125 0.5607351453125 0.80247279375 0.45219460937499995 0.8106901093750001 0.4470669046875 0.8258661953124999 0.44854143750000003 0.9328250125 0.5197304578125 0.9434904984375001 0.5214761921875 0.9528462453125 0.5133875375
0 0.9413727796875 0.49048806875000006 0.9497808984375 0.48408518125000005 0.9574323 0.47809286718750005 0.83971380625 0.3951663734375 0.8264628703125 0.3881280875 0.80069195625 0.3924016171875 0.687140984375 0.498697465625 0.6651880734375 0.5163159984375 0.664347646875 0.5175914765625 0.6693105453125 0.522263684375 0.6760849906249999 0.5254509125 0.6871556671875 0.5271442000000001 0.8035494015625 0.41579106093749996 0.8115458484375001 0.414130796875 0.8267219656250001 0.41560531718749993 0.9381848843749999 0.491213321875 0.9413727796875 0.49048806875000006
0 0.8313207625000001 0.3537467875 0.7978923296875 0.3589991375 0.6745922859375 0.48139270625 0.6699432328125 0.48986133593750003 0.6734529218749999 0.49588569531250004 0.694806621875 0.49173349375 0.8056954140625001 0.38251528125 0.8222509234375 0.3789841359375 0.9330835859375 0.4548761953125 0.9467989703124999 0.4526381546875 0.9529300781250001 0.44212669218749995 0.8313207625000001 0.3537467875
0 0.955253371875 0.4098957109375 0.833044253125 0.32159345781250004 0.7924630546875 0.324532309375 0.676236496875 0.448786875 0.66815704375 0.45168368281250004 0.672901115625 0.46125029531250006 0.6834145203124999 0.46174051406250005 0.797822571875 0.35160405625 0.81082399375 0.34529361718749996 0.8250153640625 0.34577054218750003 0.9379646062500001 0.4232396625 0.9508422546874999 0.419721815625 0.955253371875 0.4098957109375
0 0.8245019921875001 0.28336474218749996 0.7837176343750001 0.2886436765625 0.66577109375 0.4135836421875 0.6650379359375 0.4233964375 0.6712291296874999 0.42722265468750004 0.794395721875 0.31456425781249997 0.8052360625 0.3099218140625 0.82410179375 0.312570265625 0.9394501562500001 0.3897288359375 0.9494082578124999 0.387051646875 0.949145009375 0.375054015625 0.8245019921875001 0.28336474218749996
0 0.9487326734374999 0.35520882343750004 0.94711125625 0.342461475 0.8303445375 0.2502154859375 0.781569671875 0.25190109843749997 0.6621855812499999 0.3756388484375 0.662264915625 0.376091365625 0.656495628125 0.3851677359375 0.659722871875 0.3930796578125 0.670801153125 0.3897946953125 0.792768284375 0.27729155 0.8018092609374999 0.2728820078125 0.81751745625 0.275013634375 0.9361723906250001 0.36053661406250004 0.9487326734374999 0.35520882343750004
0 0.8222433718750001 0.211004159375 0.7785839171875 0.213878690625 0.6517995062499999 0.34088809375 0.653306765625 0.349485409375 0.66221439375 0.3548110453125 0.784225971875 0.2390628296875 0.7954629140625 0.23668286093750002 0.8150077281250001 0.239706159375 0.9315460328125 0.3236520921875 0.9434272265624999 0.3179494171875 0.9444428234375 0.30624904218750004 0.8222433718750001 0.211004159375