0 0.2728217 0.48981864374999995 0.2820069953125 0.4963415609375 0.2864646125 0.4974205625 0.374674146875 0.38055125312500004 0.3923103234375 0.379635271875 0.4102599265625 0.39005000624999997 0.49459080625 0.48191204218749994 0.5019296640625 0.46484591093749994 0.3911533734375 0.3384362109375 0.2728217 0.48981864374999995
0 0.38310073125 0.291287040625 0.3826015296875 0.2910021859375 0.27206469843750003 0.4462597375 0.277256784375 0.46130059375 0.28361382812499997 0.455504671875 0.368132190625 0.343685525 0.3784069765625 0.330238628125 0.39882798125 0.334675684375 0.49752497656249994 0.433302971875 0.5070010968750001 0.42155966874999995 0.5083283703125 0.41378752343749997 0.38310073125 0.291287040625
0 0.27042838593749996 0.3641633390625 0.2740553015625 0.374778625 0.28441682031250004 0.37526328593749997 0.36615041718749997 0.2580910640625 0.378983403125 0.2525980109375 0.4002899203125 0.2692630796875 0.49395714062499996 0.365914184375 0.5009505359374999 0.34535002812500004 0.37959715781250003 0.20823276562499998 0.27042838593749996 0.3641633390625
0 0.3758140296875 0.15611516718750001 0.2679985875 0.32487854843749997 0.2689595734375 0.33623955156249996 0.28004423125 0.33588762031249997 0.3571691 0.2193703203125 0.3669906875 0.2111250015625 0.376887853125 0.202012803125 0.49044747187500004 0.309169515625 0.49767864843750004 0.3008030296875 0.5018229640625 0.29055124375 0.3758140296875 0.15611516718750001
0 0.3662904453125 0.10863568906250001 0.25668559687500003 0.275603025 0.26138111406250003 0.28887970625000003 0.2755848515625 0.282580353125 0.35396147187500004 0.159157834375 0.3688883515625 0.1520218125 0.387787609375 0.1589991015625 0.48203825 0.27134595 0.49151431093750003 0.2596026453125 0.49097437812500005 0.2508726640625 0.3662904453125 0.10863568906250001
0 0.249269453125 0.241307815625 0.349048946875 0.11105222968749999 0.3639758265625 0.10391620937499998 0.37456391718750004 0.10180005781250001 0.48296536718749994 0.23831149218749997 0.4917504484375 0.21957205625 0.3617873734375 0.048326040625 0.24499498125 0.230662240625 0.249269453125 0.241307815625
0 0.36016370000000003 0 0.2579338765625 0.16424131875 0.2680367859375 0.17515952031249998 0.3648369265625 0.0343188984375 0.378544153125 0.02625536875 0.3972168390625 0.03583346875 0.49010799218749995 0.1637851421875 0.4959363671875 0.16405776562500002 0.50499144375 0.149683359375 0.49892522812499995 0.137213021875 0.395269934375 0 0.36016370000000003 0
0 0.4978882765625 0.22123409062500002 0.6302837593749999 0.052462485937500004 0.6235699265625 0.03996185625 0.5180375796875001 0.1690778984375 0.5079894203124999 0.1799240265625 0.49267365312500006 0.176596221875 0.38893120312499996 0.03914369375 0.3794048359375 0.0511732484375 0.4978882765625 0.22123409062500002
0 0.6177141749999999 0 0.50967178125 0.13822017343749998 0.51105380625 0.15221231875000002 0.5208432921874999 0.1517997671875 0.6202451078125 0.0258788359375 0.6326571046875 0.017754684375 0.6442496625 0.033965381249999996 0.7216306296874999 0.15335737656249998 0.7328550734375 0.13647299375 0.6491045453125001 0 0.6177141749999999 0
0 0.5030951546875 0.355530003125 0.504477125 0.36952210625 0.5146442296875 0.36477485625 0.6088445140625 0.26124285 0.621299875 0.2600844953125 0.6381166171875 0.283503325 0.6895598078125 0.3572880875 0.6973630749999999 0.3498188578125 0.6221081046875 0.220951165625 0.5030951546875 0.355530003125
0 0.50272704375 0.3224348828125 0.5913688859375 0.22299524218750003 0.6070189078125 0.21502254999999998 0.624050896875 0.221042040625 0.689040703125 0.32592689531249996 0.69687606875 0.3106249421875 0.6156071890625 0.1699445046875 0.492743140625 0.3176155640625 0.50272704375 0.3224348828125
0 0.5060388296875 0.269491153125 0.5119861578125 0.27586261562500003 0.516368253125 0.27780853906249997 0.6088523140625 0.171584846875 0.623207103125 0.163551571875 0.6389872796875 0.176476278125 0.70100905625 0.2855746671875 0.7114348921875 0.2703938828125 0.6295187296875 0.12225470624999998 0.5060388296875 0.269491153125
0 0.61118223125 0.129911284375 0.63509993125 0.124066265625 0.7107213140625 0.233800778125 0.7186322078125 0.2176318578125 0.6312899468750001 0.0816285140625 0.5090163640625 0.22784788281249999 0.513938453125 0.23852375 0.5243000328125 0.2390084125 0.61118223125 0.129911284375
0 0.8184830968749999 0.41445000781249997 0.8295278390625 0.4116304609375 0.908898109375 0.4731698515625 0.91569528125 0.45235876406250003 0.8269759828125001 0.3837097421875 0.7330099453125001 0.5183213125 0.7368161015625 0.5318440078125 0.8184830968749999 0.41445000781249997
0 0.72251524375 0.47668440468749995 0.73136745625 0.47042613906249997 0.796598796875 0.3700562234375 0.812166090625 0.36300001875 0.8914809609375001 0.41564035937500005 0.8960445203124999 0.401397121875 0.8075814343750001 0.331911640625 0.72007434375 0.4665617375 0.72251524375 0.47668440468749995
0 0.8009960749999999 0.3291158890625 0.8014785 0.3235781625 0.8910661578125 0.38225930625000004 0.8967465234375 0.36473214375 0.8042705765625 0.2983747921875 0.7151369875 0.4374173453125 0.7175778890625 0.447540015625 0.8009960749999999 0.3291158890625
0 0.7122956765625 0.41281924999999997 0.7221271312499999 0.4143911546875 0.8036421640625001 0.2892056796875 0.8164380234375 0.2853559546875 0.8917271546875 0.3556009078125 0.8968286140625 0.3447189953125 0.8088427515625 0.26019937656250003 0.7149151515625001 0.40182124531249996 0.7122956765625 0.41281924999999997
0 0.710998121875 0.37050045 0.800497003125 0.24902458749999998 0.812176059375 0.24845878593749998 0.8837699125 0.3229791453125 0.895048634375 0.307937921875 0.8119542984375 0.2128626875 0.8079318421874999 0.2134219953125 0.7054407734375 0.358007934375 0.710998121875 0.37050045
0 0.8851833375 0.29166078125 0.8930621328124999 0.2833245890625 0.8200127296874999 0.175586084375 0.7041485562500001 0.3171411875 0.7092216953125 0.3260831671875 0.809660075 0.210656359375 0.8851833375 0.29166078125
0 0.8130907531249999 0.16381146562499999 0.8321732125000001 0.1612221828125 0.8873301109374999 0.259553790625 0.8986734999999999 0.248768284375 0.8301506640625 0.1264132734375 0.7096297109374999 0.2616874828125 0.7151238906249999 0.2732606046875 0.8130907531249999 0.16381146562499999
0 0.8229219015625 0.1181364109375 0.8401370953124999 0.1145893109375 0.8917217671875 0.224069978125 0.9002916031250001 0.2227298828125 0.8400618859375 0.07984286093750001 0.7127582921875 0.21831036093749998 0.7133416515625 0.23400610312499998 0.8229219015625 0.1181364109375
0 0.6041833640625 0.3575079421875 0.615122071875 0.3590786453125 0.688098040625 0.4567484109375 0.694991596875 0.4411849640625 0.6118723640625 0.3220021875 0.4991463625 0.45532358593750005 0.5080498625 0.46209440312499994 0.6041833640625 0.3575079421875
0 0.4945741671875 0.5075608453125 0.49378752812500004 0.5021237937499999 0.38236416875 0.3865442 0.3631225125 0.4048825890625 0.2688433859375 0.529403821875 0.2811944234375 0.538081928125 0.3603112796875 0.43715263593750003 0.3670389390625 0.4293669390625 0.378804078125 0.42451699375 0.389598603125 0.425021909375 0.39908363593749996 0.43187837812499996 0.48411025781249994 0.5148342671874999 0.4897041234375 0.5113832421875 0.4945741671875 0.5075608453125
0 0.4642958984375 0.577360471875 0.4812701953125 0.587942409375 0.45922466249999994 0.5487719125 0.387846059375 0.47117963749999997 0.3095449 0.5569588578125 0.32390422343749997 0.5657309015624999 0.336874240625 0.5528369328125 0.332673471875 0.543189990625 0.3389243265625 0.549557665625 0.371265653125 0.5139436625 0.38077147031249997 0.508988040625 0.394134921875 0.508938084375 0.4053018671875 0.513848128125 0.4642958984375 0.577360471875
0 0.37711978125 0.43191559531249996 0.288718253125 0.539023865625 0.29996734687500004 0.5502790906249999 0.354121953125 0.4853321265625 0.3670577671875 0.47238472187499997 0.38245766406250004 0.4674581875 0.394109175 0.47167364999999994 0.4437150609375 0.5194512375 0.41382799062500003 0.4607375796875 0.3819007734375 0.43270391249999995 0.37711978125 0.43191559531249996
0 0.9043664890625 0.54705583125 0.905960490625 0.542174503125 0.8463103437499999 0.4778270421875 0.811374090625 0.51662249375 0.7565624718749999 0.575616 0.7622307109375 0.5865754140624999 0.8253649390625 0.51701608125 0.8374997109375 0.5074110765625 0.8508859187500001 0.508037215625 0.899034778125 0.5590657359375 0.903238059375 0.5488289015625 0.8955555046875 0.545339515625 0.8964899328125 0.5435573703125 0.9043664890625 0.54705583125
0 0.7824621328125 0.600302709375 0.8403940437499999 0.5479760578125 0.849909865625 0.546073634375 0.8575794609375 0.5474757265625 0.879376040625 0.5790130875 0.8923320875 0.5689248265625 0.8578539624999999 0.5174924125 0.770773409375 0.5958434265625 0.7824621328125 0.600302709375