0 0.510037659375 0.376576190625 0.537770775 0.3691215203125 0.538597809375 0.35068841562499997 0.2819083859375 0.1740668578125 0.07112305468749999 0.367145790625 0.07163901406249999 0.3745027796875 0.0814424984375 0.38342203750000003 0.10944321093750001 0.3851641125 0.1486785328125 0.3512952859375 0.277785225 0.24322074218749998 0.289215790625 0.2377745234375 0.3084212515625 0.241817965625 0.49561492500000004 0.37290494218750003 0.510037659375 0.376576190625
0 0.5043588921875 0.439127653125 0.507467246875 0.42880993749999996 0.2665181890625 0.2542871921875 0.0665373765625 0.43345787500000005 0.06747125312499999 0.44212388125 0.07927348125 0.4494508890625 0.101158859375 0.4518822734375 0.21621458906250002 0.352909721875 0.25827849375 0.32253814687500004 0.2764014453125 0.3128062921875 0.3115107453125 0.3245687796875 0.480638246875 0.44390873593749997 0.5043588921875 0.439127653125
0 0.46136663437500003 0.507878453125 0.47879360000000004 0.4976554375 0.2537037859375 0.32931897499999996 0.055551067187500004 0.49593463125000004 0.0609924359375 0.5006076984375001 0.06666449218750001 0.5081130765624999 0.079754646875 0.5128458593749999 0.23295095781250003 0.38924084375 0.25933670625 0.38233675 0.2786611578125 0.3904676265625 0.295971828125 0.399679815625 0.4470628875 0.5082946484375 0.46136663437500003 0.507878453125
0 0.4561129046875 0.56160744375 0.218289759375 0.40080053125 0.03989176875 0.5584882109375 0.043109415625 0.565442809375 0.043347279687500004 0.5736176984375 0.066181425 0.585225984375 0.21708163281249998 0.45299464062499994 0.23347337812500002 0.454051759375 0.246504040625 0.4567407890625 0.4202805234375 0.5718546124999999 0.44275787187500004 0.5712005875 0.4561129046875 0.56160744375
0 0.13120674062499998 0.6931366625 0.13493795 0.699070825 0.15768289687499998 0.707613521875 0.29052228125 0.6106803515625 0.3027826828125 0.610323609375 0.4521397359375 0.7062048125 0.4629783890625 0.7038439984375 0.475075203125 0.697867 0.283883984375 0.569964521875 0.13120674062499998 0.6931366625
0 0.2838338921875 0.5213865578125 0.127365965625 0.655989653125 0.135304178125 0.6647989 0.1551610203125 0.667800659375 0.26382169843750003 0.5833323390625 0.2865489765625 0.567841515625 0.3088925265625 0.56258913125 0.45971592968749997 0.6620071796875 0.47536709843749997 0.661040428125 0.487389578125 0.6525087984375 0.2838338921875 0.5213865578125
0 0.45041062812500005 0.763922175 0.2632912859375 0.6353898484375 0.101772709375 0.7541233484375 0.10335793906249999 0.7617477046875 0.102855221875 0.767898678125 0.12752463593750002 0.77229445625 0.2524283953125 0.6837739765624999 0.27215144062499996 0.6821773734375001 0.28450098437500004 0.6848862015625 0.4270765109375 0.781987446875 0.4474063390625 0.777816375 0.45041062812500005 0.763922175
0 0.30328441875 0.252706053125 0.291853796875 0.2581522546875 0.2928471640625 0.26886196406249996 0.29643119218749997 0.2748940234375 0.5282431265625 0.439966784375 0.7736961890625 0.253847965625 0.7740205062500001 0.24156582499999998 0.76215886875 0.23219508437499997 0.7429830265625 0.22917350937499997 0.5282376328125 0.392921571875 0.3140189484375 0.2467687046875 0.30328441875 0.252706053125
0 0.5016574234375 0.5102856015625 0.7398707890625 0.333070628125 0.7396329234375 0.3248957390625 0.726971125 0.31145739687499996 0.705180959375 0.310747846875 0.6978163140625 0.31690796875 0.5237428078125 0.44930226093750003 0.5061671750000001 0.45441593437499994 0.4890794453125 0.4528676328125 0.3038845171875 0.3201884265625 0.288173884375 0.3191114671875 0.2712050890625 0.32165065 0.260619225 0.33269726875 0.5016574234375 0.5102856015625
0 1 0.4475817734375 0.8024003593750001 0.29348590625000004 0.7915468984375 0.295335790625 0.5517739374999999 0.47666618281249995 0.555022884375 0.48375159375 0.5653587625000001 0.48754173281249996 0.584534546875 0.4905633296875 0.76956558125 0.35989569062500004 0.7857343859375 0.3532888609375 0.8130836609375001 0.3560726328125 0.988076509375 0.489560059375 1 0.4854182765625 1 0.4475817734375
0 0.4849610140625 0.5359036984375 0.3040609890625 0.4102585703125 0.27567649375 0.41875491406250004 0.27536704218749997 0.43154798124999993 0.28164588125 0.43647891093749996 0.49047494687500004 0.5848340328125 0.5035354515625 0.5885449359375 0.7325251265625 0.42233694374999997 0.7226027078125 0.409330221875 0.706136628125 0.4057184546875 0.5243626171875 0.5311777375 0.5021231296875001 0.5400065671875 0.4849610140625 0.5359036984375
0 0.5342801953125 0.571025884375 0.547719725 0.5841911625 0.5824574203124999 0.5831803984375 0.7506089140625 0.458117490625 0.771634775 0.4544375140625 0.94718975 0.58381768125 0.9893753890625 0.5810561140625 0.9868562046875 0.5647658359375 0.772057725 0.3986867203125 0.5396624203125 0.5649938046874999 0.5342801953125 0.571025884375
0 0.3242368203125 0.657894553125 0.49985856406250007 0.7744519203125 0.6792656234375001 0.64756426875 0.6663888 0.6360230703124999 0.5081358859375 0.742853478125 0.337000878125 0.6368271640625001 0.3153362125 0.6393390015625 0.3185241265625 0.653142740625 0.3242368203125 0.657894553125
0 0.8914644031250001 0.7856348328125 0.891807459375 0.7686917531249999 0.705814915625 0.6405202437499999 0.525133109375 0.774062640625 0.5286255265625 0.786157975 0.552033875 0.7861039484375001 0.5644184125 0.7807264 0.674967884375 0.7009972343750001 0.6898585828125 0.695546740625 0.70300553125 0.687638384375 0.7197493109375 0.6884054875000001 0.8722874609375 0.78744715 0.8914644031250001 0.7856348328125
0 0.6840888171875 0.5834544890625 0.5008398781250001 0.7146885421875 0.50003415625 0.723020409375 0.5069175875 0.7297187515625 0.522844190625 0.73113679375 0.6753589718749999 0.628236246875 0.689468959375 0.624689928125 0.8346895234374999 0.730843140625 0.8630553624999999 0.7287634796875 0.8727150828125 0.7159394234375 0.6840888171875 0.5834544890625
0 0.3076827421875 0.574009390625 0.3064613515625 0.5799744109375 0.49573684531250006 0.708752425 0.6778818640625001 0.5764918359375 0.6701543828125 0.5666016843749999 0.65940791875 0.564821615625 0.50627671875 0.671473665625 0.48762212031249996 0.6695749109375 0.464250678125 0.6653718484375 0.43781785781250004 0.65184045 0.3150046140625 0.569959621875 0.3076827421875 0.574009390625
0 0.48910202343750003 0.608572778125 0.47646682343749996 0.6058012921875 0.3182415046875 0.5054184484375 0.3121409859375 0.503503190625 0.293709475 0.509271390625 0.2879638625 0.5195535703124999 0.29224659218750004 0.5229168890625 0.49266210624999995 0.65102198125 0.5814319625000001 0.585656253125 0.5744123859375 0.5841165359375 0.5544553156250001 0.5853948109375 0.5399414453125 0.5819804046875 0.5358108578125 0.583844559375 0.51436044375 0.5977228343750001 0.48910202343750003 0.608572778125
0 0.8573959999999999 0.6413425312500001 0.6714740359375 0.515954878125 0.4904711203125 0.6555068890625 0.48488193749999997 0.65745194375 0.4931490015625 0.667636734375 0.507137375 0.6689736796875 0.6625611265625 0.561208546875 0.675589959375 0.5615270234375 0.68686180625 0.5653845625 0.8325837875 0.667526390625 0.8483494328125 0.6660212890625 0.861741403125 0.6628412734375 0.861780090625 0.648190834375 0.8573959999999999 0.6413425312500001