0 0.2786981625 0.271516559375 0.2870398078125 0.2666775703125 0.39498980625 0.361349378125 0.3982040671875 0.337780478125 0.2770072359375 0.2319380640625 0.20889946250000002 0.3868428828125 0.21929735625000002 0.399998953125 0.2786981625 0.271516559375
0 0.210003846875 0.3302630375 0.2203000484375 0.34306150468749996 0.2849251796875 0.20932776562500002 0.2931453859375 0.209293978125 0.3991653234375 0.3055043796875 0.4055976015625 0.289873384375 0.2836230875 0.1745098125 0.21415208749999998 0.3244208296875 0.210003846875 0.3302630375
0 0.291174865625 0.336179625 0.30386621875 0.3405494578125 0.3999232265625 0.42804188906249996 0.4082752546875 0.41703753906249996 0.28947359375000004 0.3027664578125 0.21678452343750002 0.444739646875 0.22117943437499998 0.4607938625 0.291174865625 0.336179625
0 0.276008534375 0.3690225484375 0.19325890625 0.5186500781250001 0.190626909375 0.5263953531250001 0.195399965625 0.5303288859374999 0.20528478906249997 0.5314422750000001 0.277877184375 0.4064349015625 0.2820347796875 0.406466915625 0.381822025 0.5017674703125 0.38911891249999997 0.5038982171875 0.3966963109375 0.4949294609375 0.276008534375 0.3690225484375
0 0.4098851578125 0.5364939609375 0.29049841249999997 0.4156152515625 0.20972728906250002 0.5567635546874999 0.2089334953125 0.561579384375 0.21052923437499999 0.5665817921875 0.21909507343749998 0.573347996875 0.2897470359375 0.4536522265625 0.2962038796875 0.4491323453125 0.3025204890625 0.45016216406250004 0.4023017609375 0.5490230421875 0.40803497499999997 0.5465440859374999 0.4098851578125 0.5364939609375
0 0.292324453125 0.52732800625 0.19847921875000002 0.675552453125 0.1995758390625 0.6853449578124999 0.2118501984375 0.6866449578125 0.288909003125 0.5727175265625 0.29553223281249996 0.5666009328125 0.3024001125 0.5707468453125 0.4061285984375 0.6779643828124999 0.416999678125 0.676618309375 0.41908038124999997 0.6657569609375 0.292324453125 0.52732800625
0 0.2883584859375 0.5202233609375 0.2974815671875 0.5265453015625 0.40183149843750005 0.634104009375 0.4132457140625 0.6212399765625001 0.2858362609375 0.4820770890625 0.189691778125 0.634853446875 0.20220481562499998 0.6499762921875 0.2883584859375 0.5202233609375
0 0.47967428593749994 0.17756351875 0.47405039687499995 0.167975053125 0.46960985156249996 0.1691697421875 0.3986928609375 0.3084289984375 0.2909289796875 0.21140446875 0.2857507140625 0.21467968437499999 0.2855955375 0.227595925 0.4013537734375 0.33359843749999996 0.47967428593749994 0.17756351875
0 0.3883996796875 0.26141099843750004 0.3887099328125 0.27140030625 0.3959726609375 0.2788294484375 0.47464897031250003 0.1493751625 0.47795335625 0.1490862421875 0.57616385 0.2513813546875 0.5811397765625 0.2493334578125 0.58666330625 0.2391735015625 0.472476375 0.1116635609375 0.3883996796875 0.26141099843750004
0 0.40265569062499995 0.353241809375 0.4101678421875 0.3711325296875 0.47806254531250003 0.24302413281250002 0.48300581875 0.24057587656249999 0.49071191562500005 0.2423213453125 0.5836910234375 0.33983219062500003 0.5891635375 0.340160096875 0.5918588 0.325005740625 0.4812316640625 0.2040390734375 0.40265569062499995 0.353241809375
0 0.41267988593749994 0.40796452031249997 0.49188936562499996 0.259109615625 0.4859978375 0.24994775625 0.47909476093750003 0.246922453125 0.409025790625 0.3780434109375 0.29966178593750004 0.27994916875000003 0.2966783359375 0.2878709734375 0.29699925 0.2955038703125 0.2988936515625 0.300176725 0.41267988593749994 0.40796452031249997
0 0.311216578125 0.3547419703125 0.31379159218749997 0.37145154375 0.42295325781250004 0.4707731125 0.4979388921875 0.3331741453125 0.49488172031250005 0.3253772875 0.48914146562500005 0.325475990625 0.4215266296875 0.44589896875 0.411756521875 0.4411083140625 0.399517840625 0.435727071875 0.31635603125 0.354695815625 0.311216578125 0.3547419703125
0 0.4887119484375 0.283176703125 0.415156775 0.42347306093750003 0.40903852656249995 0.4300561328125 0.41113521718749996 0.43350167500000003 0.4186983578125 0.44090455312500004 0.48751475468749994 0.32037653125 0.4964612953125 0.31878785625 0.5903149125 0.41219015781249996 0.5966027734375 0.40397941406250004 0.5972872171875 0.3938393671875 0.4887119484375 0.283176703125
0 0.42347899062499994 0.498867421875 0.42423109375 0.5080754328125 0.42892715625 0.5137129875 0.500015940625 0.39137340468750004 0.5068208890625 0.39319765 0.5945213500000001 0.4742352828125 0.6043629734375 0.476197246875 0.6070460328125 0.46830168906249997 0.49783723281250003 0.3572912296875 0.42347899062499994 0.498867421875
0 0.507639165625 0.4450385109375 0.41513681875 0.6200545796875 0.41405994531249996 0.625390428125 0.4188214046875 0.6318286421875 0.42495406406249997 0.6365341578125 0.5121373765625 0.4889980828125 0.5272165265625001 0.49211492031250004 0.631402265625 0.5934843875 0.640250659375 0.5906946843750001 0.644977209375 0.5781851921875 0.507639165625 0.4450385109375
0 0.42998544375 0.6610931015625 0.429523759375 0.6776649921875 0.44082856875000004 0.6827246890625001 0.5243173296875 0.5492207437500001 0.5331064328124999 0.5420009453125 0.5458478140625 0.546128590625 0.654455834375 0.657191596875 0.66156503125 0.6368127953125 0.5292090265625 0.497988825 0.42998544375 0.6610931015625
0 0.65729309375 0.686031040625 0.5381035468750001 0.5565392499999999 0.5304301296875 0.5551941453125 0.4338956921875 0.7067734640625 0.4321526171875 0.7113611671875 0.4346804984375 0.7163818656250001 0.44168165000000004 0.7206082109375 0.5360113234375 0.590188434375 0.5417127671874999 0.5933188109375 0.6434238484375 0.6977271015625 0.6488963640625001 0.6980550234375 0.6554069890625 0.6962761375000001 0.65729309375 0.686031040625
0 0.69094624375 0.17227573125 0.6812759265625 0.1605775984375 0.6737672796874999 0.1668090859375 0.5907418421874999 0.2855676296875 0.49664303125 0.1748627203125 0.4927463 0.18263670468749998 0.49257453125 0.193337071875 0.5931908765625 0.31555120937500003 0.69094624375 0.17227573125
0 0.7652242140625 0.27077630468749997 0.771258971875 0.27210696562500003 0.7756665546875 0.257784203125 0.6808729609374999 0.1257693375 0.5827456421874999 0.25735337343750003 0.5805063640625 0.26695020937499997 0.5891759953125 0.27920042500000003 0.6830512359375 0.1567057375 0.7652242140625 0.27077630468749997
0 0.7787178109374999 0.226855134375 0.6824477515625 0.08103196406249999 0.5793639109375001 0.214552575 0.5783632234375 0.21510465937499998 0.5791544484375 0.22479165 0.5866350078125 0.2352875203125 0.68050323125 0.11697463906250001 0.685688009375 0.12070253125 0.763361421875 0.235166528125 0.7707736359374999 0.2405579671875 0.7748587546875 0.2350904125 0.7787178109374999 0.226855134375
0 0.59487616875 0.3321536359375 0.5964522078125001 0.3426762765625 0.60274369375 0.35141781875 0.683398021875 0.22496866875000002 0.6895458109375 0.2276832109375 0.77147609375 0.3259792703125 0.7785421984374999 0.331400990625 0.7829121046874999 0.3166169125 0.6840334203125 0.19006961718749998 0.59487616875 0.3321536359375
0 0.6011452828125 0.3873302078125 0.69048774375 0.23921533749999999 0.685851496875 0.22939996875 0.681427309375 0.2307159546875 0.599463828125 0.35820867343749996 0.500618321875 0.25767495625 0.4978353078125 0.266280715625 0.4980543578125 0.27323026562499997 0.5001994125 0.2781531015625 0.6011452828125 0.3873302078125
0 0.6055107453125 0.3980984296875 0.6184845140624999 0.41183060625 0.690749559375 0.2893670875 0.6980251265625 0.2845497328125 0.7888792265625 0.3811364171875 0.7972142015625 0.3636827546875 0.6951169515625 0.25321257343750003 0.610603534375 0.3878969296875 0.6055107453125 0.3980984296875
0 0.6929612406250001 0.3118435296875 0.6826670359375 0.3053103171875 0.61880530625 0.41542459374999996 0.6034559609375 0.41955413750000004 0.5943437609375 0.41895712031250004 0.5027457171874999 0.3303333890625 0.5043281671875001 0.3497073828125 0.6033997546875 0.45300882187499997 0.6929612406250001 0.3118435296875
0 0.6217703109375 0.481600315625 0.6302515515625 0.49154406406250006 0.7065053140625001 0.3752359078125 0.71411995 0.3745701203125 0.8020990796874999 0.4658332203125 0.8064172749999999 0.4589515046875 0.7095941906250001 0.34476813906250003 0.6222370875000001 0.47707202656250003 0.6217703109375 0.481600315625
0 0.623228578125 0.443135215625 0.622014903125 0.4504520421875 0.6302700546875 0.45762811093750005 0.7091043828125 0.33877142031249996 0.7139877421875 0.33880903125 0.7989954406249999 0.4363714265625 0.805654109375 0.432537165625 0.81147691875 0.42273644531250004 0.7098151374999999 0.3047949484375 0.623228578125 0.443135215625
0 0.6545533171875 0.6140904843749999 0.662033846875 0.624586375 0.7536816765625 0.5004280999999999 0.7630269281250001 0.4996109953125 0.8585102296875 0.6101948593750001 0.86481323125 0.589202271875 0.7558663218749999 0.45888947656249995 0.660022915625 0.608501915625 0.6545533171875 0.6140904843749999
0 0.6520429609375 0.5748207015625 0.6568369374999999 0.582299415625 0.7459182296875 0.45232599999999995 0.7546089078125 0.452030715625 0.8528375171875 0.553547528125 0.8636127109375 0.5403624875 0.74701351875 0.41025419999999996 0.6500589359375 0.5642795421875 0.6520429609375 0.5748207015625