0 0.2592302734375 0.098274840625 0.278845621875 0.10050101874999999 0.4199092078125 0.26078812500000004 0.429090909375 0.2591184625 0.43451636718750003 0.24631770625 0.25338740937500004 0.034827871875 0.1240595296875 0.2610528328125 0.14070350468749998 0.2752584515625 0.2446231140625 0.1060665421875 0.2592302734375 0.098274840625
0 0.24629249843749998 0.029818909375 0.265490509375 0.034827871875 0.4165704375 0.20068045781250002 0.428673503125 0.1812010984375 0.2725854203125 0.001991275 0.21290469843749998 0.0003216140625 0.10439427187500001 0.209735728125 0.1210881890625 0.2234990703125 0.22918124374999999 0.0376106109375 0.24629249843749998 0.029818909375
0 0.2834061203125 0.3745775421875 0.303880090625 0.37389495625 0.4333779203125 0.4933454015625 0.444126784375 0.47696362968750006 0.28187056875 0.322019328125 0.16670454375 0.505631771875 0.17642969375 0.5186007 0.270098071875 0.3854987140625 0.2834061203125 0.3745775421875
0 0.27265729843750003 0.3138284421875 0.2905720015625 0.313145884375 0.4292831421875 0.4305486 0.437472696875 0.4148494140625 0.26702696875 0.257857384375 0.154222934375 0.461941265625 0.1718230796875 0.4728682 0.25934925 0.3227019125 0.27265729843750003 0.3138284421875
0 0.25934925 0.2530793703125 0.28135873125 0.252396784375 0.42160538281250004 0.3861813 0.42979497968749997 0.37184725625000004 0.253207084375 0.1943780125 0.1328098796875 0.410365734375 0.1482779625 0.419627428125 0.243993771875 0.26331795625 0.25934925 0.2530793703125
0 0.22966196718749998 0.2032514546875 0.244505609375 0.18823482656249999 0.26702696875 0.19096511249999998 0.40880917187500004 0.3431791421875 0.4175106046875 0.3397662703125 0.4236527703125 0.3254322265625 0.24297005624999998 0.1281683109375 0.11070607968749999 0.3458963203125 0.112960390625 0.3541003140625 0.125244765625 0.3636563421875 0.22966196718749998 0.2032514546875
0 0.3258496171875 0.6768455234374999 0.44357490781250003 0.7669453515625 0.45330005624999997 0.7546590375 0.3176600203125 0.6386213796875 0.1949768140625 0.7732364390625001 0.21119547187499998 0.784009625 0.30895858593750003 0.6788932515625 0.3258496171875 0.6768455234374999
0 0.300257153125 0.63043049375 0.31970745 0.6297479078125 0.43333792187500003 0.7225779953125 0.44818156406250004 0.7116567953125 0.3017927046875 0.5908411796874999 0.176326734375 0.7474486734375 0.1896977859375 0.7594369953125 0.28746094218749996 0.6386213796875 0.300257153125 0.63043049375
0 0.2946268234375 0.58060259375 0.31561263125 0.5819677640625 0.438456415625 0.6754803796875 0.45176450468749996 0.665241765625 0.29667421250000003 0.5376004078125 0.171491528125 0.7078460328125 0.186114803125 0.720530265625 0.2849017171875 0.59015865 0.2946268234375 0.58060259375
0 0.295138659375 0.5376004078125 0.30844675 0.53145725 0.3314799453125 0.538965578125 0.44971711562500005 0.6399865234375001 0.4604659375 0.624969921875 0.304863809375 0.48640736406249996 0.176326734375 0.6617964515625 0.1753659796875 0.6625114796875 0.18918590625 0.6727500937500001 0.295138659375 0.5376004078125
0 0.2941149875 0.47821647812499996 0.3176600203125 0.47958164999999997 0.450228953125 0.584698021875 0.461489653125 0.570363978125 0.290532046875 0.42634085 0.16665632187499999 0.6203518265625 0.1799726359375 0.6317956375 0.27978318125 0.488455078125 0.2941149875 0.47821647812499996
0 0.3289207203125 0.7191651234374999 0.364238290625 0.7478332375 0.392901859375 0.7546590375 0.31561263125 0.6823061234375001 0.21708061406249998 0.7842883390625001 0.2321812375 0.79151798125 0.3140770796875 0.7184825375 0.3289207203125 0.7191651234374999
0 0.565855921875 0.1012367828125 0.4404529140625 0.265737140625 0.4276566609375 0.26915001250000004 0.28024410781250003 0.1066973953125 0.2668141625 0.1303842765625 0.43584625781249997 0.3271687984375 0.5776284609375 0.11898372500000001 0.5714862515625 0.10396708125000001 0.565855921875 0.1012367828125
0 0.5755810296874999 0.0882678953125 0.5965668796875 0.0971413390625 0.6917708109375 0.240481896875 0.704567021875 0.22683041093749998 0.5796758484375 0.026836209374999996 0.43840548281249997 0.234338740625 0.447618753125 0.253450796875 0.556642653125 0.095776196875 0.5755810296874999 0.0882678953125
0 0.53668051875 0.023423353124999997 0.5479411765625 0.015915023437500002 0.565855921875 0.017280181250000002 0.5817232375 0.023423353124999997 0.6728323921875 0.1572078671875 0.68665231875 0.1408260671875 0.585818015625 0 0.5249079812499999 0.0002158234375 0.4249944765625 0.165381959375 0.42868037656249997 0.1858759828125 0.4276566609375 0.20294033906250003 0.53668051875 0.023423353124999997
0 0.6657704734375 0.7310689781249999 0.6862444453125 0.72560840625 0.5982063953125001 0.6102533625000001 0.47024411875 0.7303864203125 0.47536261093750004 0.7447204640625 0.5961589640625 0.6389214765625 0.6657704734375 0.7310689781249999
0 0.5900167984375 0.5863632625 0.671400803125 0.674415334375 0.681125953125 0.6600812625 0.5864338578125 0.5501868484375 0.463676125 0.6857422343749999 0.46870856562499996 0.6955751203125 0.5777324234375001 0.588410990625 0.5900167984375 0.5863632625
0 0.595647128125 0.5392656484375 0.6780548484375 0.636191190625 0.6918747749999999 0.6225397046875 0.5900167984375 0.49831121874999995 0.46574835625000005 0.64337661875 0.47331517968750003 0.6573509765625001 0.5792679765625001 0.5399482328125 0.595647128125 0.5392656484375
0 0.58745753125 0.4867074609375 0.671400803125 0.5890935765624999 0.683173340625 0.5788549625 0.5797798125 0.44984846093749997 0.4567686875 0.598248028125 0.46410190937499995 0.6088882203125 0.5700546640625 0.489437775 0.58745753125 0.4867074609375
0 0.583874590625 0.426640946875 0.595647128125 0.42800611718750003 0.6693534156250001 0.5379005046875001 0.6841970140625 0.525614190625 0.5895049609375 0.38227363125 0.4559123125 0.5303922328125 0.4600071328125 0.5474565625000001 0.5669836015625 0.4300538328125 0.583874590625 0.426640946875
0 0.56084139375 0.3761304609375 0.5690309906250001 0.3699872890625 0.5879694093750001 0.37066987500000004 0.6678178625 0.47305600312499996 0.681125953125 0.466912846875 0.5792679765625001 0.3222071234375 0.4513057 0.4791991609375 0.44772275937500006 0.48534231875 0.45540051875 0.4976286609375 0.56084139375 0.3761304609375
0 0.5632966546875 0.31897791249999996 0.5786521328124999 0.31829532656250004 0.66515463125 0.4329678125 0.675903453125 0.4193162703125 0.5714862515625 0.27392802656250004 0.43673711875 0.4352325078125 0.447618753125 0.44798441406249995 0.5494767296874999 0.3271687984375 0.5632966546875 0.31897791249999996
0 0.5791640124999999 0.2595939546875 0.5945194484375 0.2671022828125 0.67692716875 0.390648184375 0.68869970625 0.379727040625 0.5837706265625 0.209083496875 0.44640753125000004 0.3781310265625 0.45632022812499995 0.39133074218749997 0.5643203703124999 0.2664196984375 0.5791640124999999 0.2595939546875
0 0.5776284609375 0.20294033906250003 0.593495775 0.20976605468749998 0.68409305 0.3346771546875 0.694841871875 0.322390784375 0.580699521875 0.154477553125 0.44640753125000004 0.3385283859375 0.456832065625 0.352424040625 0.5597137140624999 0.21249636875000003 0.5776284609375 0.20294033906250003
0 0.5971826796874999 0.7433552921875 0.6693534156250001 0.8252642078125 0.678566684375 0.8198036359374999 0.5935997390625001 0.7099091921875 0.47433889531249995 0.8129778359375001 0.48355216562500003 0.826629321875 0.5813153640625 0.7433552921875 0.5971826796874999 0.7433552921875
0 0.60127745625 0.6955751203125 0.6360832328125 0.7406250062499999 0.6534861000000001 0.7337993203125001 0.5925760234374999 0.658033534375 0.46298538125000005 0.7796833796875 0.46870856562499996 0.7945483359375001 0.5864338578125 0.6928448625 0.60127745625 0.6955751203125
0 0.8139240234375 0.47721649062499993 0.89142875 0.5238469125 0.90656919375 0.51327094375 0.8020279734375 0.447892234375 0.7137086296875 0.6002823265624999 0.7169530234375 0.6084546640624999 0.7973416359375001 0.4825045046875 0.8139240234375 0.47721649062499993
0 0.7948182296875 0.44308496249999996 0.8081562515625 0.43683552031249995 0.8910682718749999 0.4901960890625 0.9058482375000001 0.47721649062499993 0.7984231015625001 0.4070305203125 0.700662453125 0.5698748734375 0.707940828125 0.5781689390625 0.7854455859375 0.455583828125 0.7948182296875 0.44308496249999996
0 0.8127660562499999 0.3958298796875 0.8973511828125 0.4627217703125 0.9032524890625 0.44960570625 0.8034223765625 0.3617281203125 0.6976910000000001 0.533548490625 0.7021169390625001 0.5440413515625 0.7975210703125 0.39976470937499997 0.8127660562499999 0.3958298796875
0 0.8048977031250001 0.34861205625 0.8840732859375 0.42206200625 0.89538409375 0.41091335781250005 0.7950622203125 0.31385453750000003 0.6877234203125 0.48275781406249996 0.695232109375 0.4909213109375 0.7926033296874999 0.35451430156249997 0.8048977031250001 0.34861205625
0 0.815224946875 0.3059849046875 0.8845650468749999 0.39189504999999997 0.8944005296875 0.382058028125 0.807848315625 0.2672925015625 0.6857324640625 0.42966563906250005 0.691297890625 0.4404245265625 0.7985046359375 0.3046732765625 0.815224946875 0.3059849046875
0 0.8216180156249999 0.2554880390625 0.888007503125 0.35451430156249997 0.898826509375 0.34598885468749996 0.815224946875 0.2043354140625 0.6883472390625001 0.370909353125 0.6932650203125 0.3853370171875 0.80538950625 0.249585821875 0.8216180156249999 0.2554880390625
0 0.8294863687499999 0.2049912140625 0.8919416796874999 0.32303574375 0.9052195765625 0.3112313078125 0.8299781718749999 0.1531828015625 0.6967073953125 0.30860807968750004 0.6927732171875001 0.3302495890625 0.8132578593750001 0.1984331953125 0.8294863687499999 0.2049912140625
0 0.820412809375 0.5430759546874999 0.836995196875 0.5363457781250001 0.9181047953125001 0.586341278125 0.927837946875 0.57384239375 0.8276225531250001 0.5065407671875 0.7375007890624999 0.649316378125 0.72920958125 0.6570079640625 0.732814453125 0.66566105625 0.820412809375 0.5430759546874999
0 0.8777720359375 0.6899352515625 0.9242748593749999 0.75242961875 0.9350894750000001 0.7408922015625 0.8759696140625 0.6591688140625 0.7478509796874999 0.776790884375 0.754845946875 0.78271534375 0.8622710843749999 0.6870509078125 0.8777720359375 0.6899352515625
0 0.864794490625 0.6442662984374999 0.92391438125 0.6995497734375 0.932205590625 0.6822436671875 0.860829140625 0.6106154953125 0.7425893890624999 0.74714164375 0.748357190625 0.7591598140625 0.8525379624999999 0.6447470328125 0.864794490625 0.6442662984374999
0 0.860426846875 0.5978786953124999 0.9314428187500001 0.65652725 0.9436993765624999 0.6445091171875 0.853938090625 0.5656700546875 0.7526412328125 0.69979259375 0.7551646703125 0.712291478125 0.8496122625 0.5998015921875 0.860426846875 0.5978786953124999
0 0.8644340125 0.746660909375 0.8763300921875 0.74714164375 0.9012036875 0.805309503125 0.91994903125 0.80098295625 0.8831793578125 0.71829808125 0.7497991328125 0.8154047375 0.7494386546875 0.8149239843749999 0.750880596875 0.8235770375 0.8644340125 0.746660909375
0 0.9635076343750001 0.286944921875 0.9503087265625 0.2843234484375 0.9449729906250001 0.278331509375 0.8817867765624999 0.1498791703125 0.8713961250000001 0.16394615625 0.9489045984375 0.32926305624999996 1 0.26934359375 0.9980494421874999 0.25024426875 0.9635076343750001 0.286944921875
0 0.8372097203125 0.0992231703125 0.8504086281250001 0.0954782171875 0.8633267140625 0.10072115 0.9287595874999999 0.2374124453125 0.941677675 0.22505405 0.862484228125 0.0363077375 0.7046244796875001 0.2317175453125 0.715049653125 0.24565135625 0.82625745 0.109709065625 0.8372097203125 0.0992231703125
0 0.9797718296875001 0.3796968765625 0.9894972015624999 0.3680928015625 0.999222615625 0.3622907515625 0.9997345093750001 0.34351946718750004 0.9935921328124999 0.34556724375000003 0.976444715625 0.347956309375 0.9674871203125001 0.3622907515625 0.9205347046875 0.5358335015625 0.9319126171875001 0.5366931953125 0.972349784375 0.3957378078125 0.9797718296875001 0.3796968765625
0 0.9708142328125 0.35375835312500004 0.98258705 0.3414716890625 0.9999903921875 0.33396315625 1 0.31655704375 0.9626244125 0.3254307515625 0.9201893234374999 0.5063609640625 0.9290973546875 0.5083655859375 0.96416000625 0.3691166953125 0.9708142328125 0.35375835312500004