0 0.471955303125 0.0765445890625 0.47966517968750005 0.0816853234375 0.55676368125 0.2256254265625 0.5631886140625 0.2256254265625 0.569613440625 0.21705759218749998 0.4745252984375 0.0431299125 0.3661263140625 0.19487559062499998 0.3794371015625 0.2024921859375 0.46360300781249997 0.0842556921875 0.471955303125 0.0765445890625
0 0.465887121875 0.0269552421875 0.3674794140625 0.1540367890625 0.35931119375 0.1529993921875 0.3519209109375 0.15196199531250001 0.258180778125 0.0015389453125000002 0.2391215625 0.0010202359375 0.2316268 0.0024981765625 0.36047808593749997 0.19760761093749998 0.471332603125 0.0419975453125 0.47172155625 0.025399137500000002 0.465887121875 0.0269552421875
0 0.4250459828125 0 0.3546436515625 0.089199265625 0.2931874828125 0.0010202359375 0.273619478125 0.0017982984375 0.3534767578125 0.1281017703125 0.4526623734375 0 0.4250459828125 0
0 0.11379622812500001 0.6960261859375 0.2224877296875 0.5488849953125 0.23113363750000002 0.5494340609374999 0.32747381249999996 0.6526524734375 0.33364945156250003 0.65429958125 0.3418836578125 0.6433188921874999 0.22619313281250003 0.5099035859375001 0.095714646875 0.6841871484375 0.09856294843749999 0.6883397359375001 0.10350346875000001 0.69492814375 0.11379622812500001 0.6960261859375
0 0.22948676875000001 0.501244540625 0.24183807812499997 0.500146475 0.25583625625 0.5050878 0.3427070921875 0.6044629984375 0.3480593296875 0.5934822859375 0.23360390625 0.45896891406250007 0.10738236406249999 0.6308490109375 0.111325959375 0.6379540625 0.119560165625 0.6428953859375001 0.22948676875000001 0.501244540625
0 0.11585477968749999 0.578109340625 0.22372286406250003 0.43755657968749995 0.239779578125 0.4348113859375 0.25048401875000004 0.44030172968750003 0.34311879218749997 0.5490105093750001 0.3468241953125 0.5358336921875 0.2274282671875 0.3963790078125 0.103091753125 0.562187328125 0.1043268875 0.5720699515625001 0.10679715625 0.577011253125 0.11585477968749999 0.578109340625
0 0.232368771875 0.37935893125 0.24183807812499997 0.37826085625 0.25130741875 0.37551568281250003 0.3447656265625 0.49081287187499995 0.3501178640625 0.48093027031249996 0.234839040625 0.3403775 0.10885570781250001 0.5166174859375 0.1117376765625 0.5232058953125 0.119560165625 0.5325394765625 0.232368771875 0.37935893125
0 0.3641160078125 0.5390023921875 0.46004451875 0.3913121703125 0.4518103125 0.3797824546875 0.3682331125 0.49947191718750006 0.3591755046875 0.5027661328125 0.35464666718750004 0.5027661328125 0.25128421562500003 0.3789744703125 0.24389664687499998 0.3863708625 0.24183807812499997 0.39515541718749997 0.3567052359375 0.5411985453125 0.3641160078125 0.5390023921875
0 0.45839765000000005 0.3688017765625 0.46251471874999994 0.3792334171875 0.47404266249999993 0.3792334171875 0.47939489999999996 0.3775863140625 0.45551568124999997 0.334042315625 0.44934004375000003 0.3334932953125 0.3525881328125 0.4647124734375 0.3501178640625 0.46872602499999994 0.35547010156250003 0.47970669062500004 0.36246917343749996 0.4769615296875 0.44769317500000005 0.3677037015625 0.45839765000000005 0.3688017765625
0 0.46169131874999997 0.435473334375 0.532093809375 0.5332014484375 0.537445978125 0.5304562765624999 0.537445978125 0.522220759375 0.46045621875 0.3959428703125 0.35851609687499997 0.5456561515625 0.3612340390625 0.555711846875 0.36864481250000003 0.555162803125 0.45016344375 0.4327281625 0.46169131874999997 0.435473334375
0 0.44728147500000004 0.4958671234375 0.4431644046875 0.49092582343749996 0.3587637703125 0.62049789375 0.2570713578125 0.5095929625 0.24966061874999998 0.51563235 0.2473949765625 0.5219503125 0.3591755046875 0.6545380468750001 0.45963275000000003 0.4997103375 0.45222201249999994 0.494220015625 0.44728147500000004 0.4958671234375
0 0.43451843125 0.45688566875000003 0.3690565453125 0.555162803125 0.3645277421875 0.5606531484375 0.35464666718750004 0.555711846875 0.3443539265625 0.5562608671875 0.250072284375 0.44206174374999996 0.241014678125 0.4486501515625 0.23794968125 0.45453683125 0.3505295640625 0.5941442359375 0.3575286359375 0.593046171875 0.4390472671875 0.4662192734375 0.43451843125 0.45688566875000003
0 0.4629264875 0.4953180796875 0.47321919375 0.494220015625 0.4798066 0.49806325312500005 0.5180955968750001 0.5546137828125 0.5209776328125 0.549672459375 0.4530454125 0.4486501515625 0.3538232671875 0.599085559375 0.3571169359375 0.6095172046874999 0.36184973125000003 0.6086247859375 0.44275263750000005 0.4865335203125 0.4538688125 0.4870825640625 0.45716254999999995 0.4920238640625 0.4629264875 0.4953180796875
0 0.538269446875 0.6259882375 0.45798595000000003 0.509043940625 0.3587637703125 0.6644206500000001 0.36493944218749996 0.674303296875 0.37296184375 0.667889384375 0.45222201249999994 0.5441821140624999 0.4637498875 0.5469272859375 0.5283884390625 0.6353218187499999 0.538269446875 0.6259882375
0 0.6316458421875 0.374087046875 0.6416945187499999 0.3730150421875 0.69193800625 0.46413765468749996 0.6991730203125 0.46520968281249997 0.7019866515625 0.45395334531250003 0.6380769796875 0.3365659640625 0.5621088734375 0.47271389218750004 0.5621088734375 0.4807541265625 0.5673341984375 0.485578259375 0.6316458421875 0.374087046875
0 0.6280283015625 0.38266330625 0.5685400453125 0.487722334375 0.5625108453125 0.48611428281249996 0.5596972140625 0.48933036406249997 0.55326604375 0.487186309375 0.48413104687499997 0.38266330625 0.47729793750000005 0.3842713578125 0.47151942968749994 0.39240863125000003 0.55366798125 0.5247073828125 0.634459471875 0.393383596875 0.6312438703125001 0.384807359375 0.6280283015625 0.38266330625
0 0.6127543 0.48289817968750004 0.5500504734375 0.5938534125 0.543217365625 0.5901012625 0.476092090625 0.496298571875 0.46845510625 0.4995146734375 0.46555268906249997 0.50668075625 0.5464329343750001 0.6249423000000001 0.6219991015625 0.4920104421875 0.617577653125 0.48450623125 0.6127543 0.48289817968750004
0 0.54241345625 0.5375717921875001 0.5343745015625 0.53917984375 0.4624258734375 0.43894492500000004 0.46001417968749997 0.4426970296875 0.45741622499999995 0.44809821093749996 0.5363842562500001 0.5697327296875 0.5576874593750001 0.533819665625 0.54723684375 0.527923484375 0.54241345625 0.5375717921875001
0 0.694349634375 0.5129150421875 0.6935457578124999 0.50433880625 0.6388808874999999 0.3944556453125 0.5576874593750001 0.5247073828125 0.5592952437500001 0.5316755890625 0.5649225375 0.5322116140625 0.6292341484375 0.425008509375 0.636871165625 0.427688609375 0.686310678125 0.5155951203125 0.694349634375 0.5129150421875
0 0.610729165625 0.47341745625 0.61519289375 0.4713340578125 0.6185407125 0.473119834375 0.6245667687500001 0.47341745625 0.6352797531250001 0.47698902031249996 0.6607231046875001 0.5210383171874999 0.6654100328125 0.516276225 0.6203262031250001 0.4442496828125 0.5654221359375 0.5362174625 0.5625207171875 0.5359198265625 0.55879396875 0.536351628125 0.540425165625 0.568956825 0.543549784375 0.5787786328125 0.5491294765625 0.5760999515624999 0.610729165625 0.47341745625
0 0.6763213078125 0.5982158109375 0.67929143125 0.592274684375 0.6234535812499999 0.49721641562499996 0.5462310359375 0.6275254421875001 0.5503891703125 0.628713675 0.55564044375 0.6266471515625 0.6154343171875001 0.5225652859375 0.62018645625 0.5237535171875 0.671866171875 0.6029687390625 0.6763213078125 0.5982158109375
0 0.743856615625 0.46445374375000004 0.740589490625 0.4636615953125 0.686236728125 0.5591159625000001 0.681484540625 0.5567394984375 0.631883915625 0.47554387968749995 0.627131753125 0.4775242609375 0.6256467156250001 0.48306932187499996 0.683860634375 0.5860490984375 0.6877217640625 0.5860490984375 0.7468266906250001 0.4703948859375 0.743856615625 0.46445374375000004
0 0.6859397 0.5214886921875 0.6324779453125 0.42722260468749995 0.62683475 0.43316373124999996 0.624180090625 0.4390649578125 0.6844546625000001 0.546837578125 0.7402924875 0.4438577859375 0.7337582593749999 0.43752059218749995 0.6859397 0.5214886921875
0 0.75989514375 0.3868228453125 0.7560340140624999 0.3769209484375 0.6984141015625001 0.479900709375 0.6390103078125 0.3760031359375 0.6375271109375 0.3848424640625 0.6393091515625 0.3923679125 0.6951470234375 0.50089275 0.75989514375 0.3868228453125
0 0.7972420015624999 0.46363612656250003 0.802849246875 0.461216934375 0.80268433125 0.45373941718750005 0.7573316015625 0.3503737390625 0.702743415625 0.44890102499999995 0.70224865625 0.45791802812500004 0.7004345515625 0.464295909375 0.6953220515625 0.46847451875 0.6976309281249999 0.4739726953125 0.6995640359374999 0.4734783421875 0.7560122406249999 0.3741258515625 0.75947555 0.3752254859375 0.760794896875 0.3794041015625 0.7972420015624999 0.46363612656250003
0 0.7935201281250001 0.5001505453124999 0.7963668171875 0.500719975 0.7983594968750001 0.4914193078125 0.7565131828125 0.39632480000000003 0.7344513609375001 0.435235728125 0.7377250421875 0.43998095625 0.7485424625 0.42194907343750004 0.755801515625 0.42498602031250005 0.7935201281250001 0.5001505453124999
0 0.7419057875 0.4566130890625 0.74701448125 0.457975628125 0.7870325640625 0.5333692109375 0.790268075 0.52519400625 0.7463333109375 0.4295894859375 0.684887490625 0.5483410921874999 0.6867319078125 0.5510821796875 0.688775384375 0.5538072390625 0.7419057875 0.4566130890625
0 0.8401629734375 0.521333490625 0.8137680609375 0.5274648984375 0.81138400625 0.52519400625 0.8124057484374999 0.4582027203125 0.810362265625 0.45842980468750005 0.8091702375000001 0.46024652499999996 0.8076376390625001 0.5381380874999999 0.842036171875 0.5297357890625001 0.8422064578124999 0.52519400625 0.8401629734375 0.521333490625
0 0.8903061390625 0.4127836484375 0.86790938125 0.431914215625 0.8649817000000001 0.4342567328125 0.8632250859375 0.4323046265625 0.8545884312500001 0.36944707499999996 0.8523926640624999 0.3710087515625 0.8513679765625 0.37335127031250004 0.8611757109375 0.446750153125 0.8946976624999999 0.4166878453125 0.8930874281250001 0.4133692796875 0.8903061390625 0.4127836484375
0 0.8916235875 0.40887945156249994 0.8939657359375 0.4133692796875 0.895136803125 0.41805431249999997 0.894112115625 0.42059204218749996 0.901284940625 0.462366934375 0.9042126218750001 0.4600244171875 0.892062740625 0.3924818296875 0.8629355015625 0.42421592812500003 0.8642497734375001 0.431133371875 0.8875248375 0.4061465234375 0.8913308265625 0.40634172187499995 0.8916235875 0.40887945156249994
0 0.8837188484375 0.439136971875 0.8863537687499999 0.44186990625 0.8945512687500001 0.49965200468750004 0.89660064375 0.4984807421875 0.887817609375 0.426253125 0.85345328125 0.45582332656249996 0.854149278125 0.45963399843749997 0.8575161015624999 0.461781303125 0.8837188484375 0.439136971875
0 0.91197096875 0.4984807421875 0.9091896796875 0.497114290625 0.9086041453125 0.4939909296875 0.9011385593749999 0.46412382656249995 0.89660064375 0.4434315875 0.8952831953124999 0.4438220046875 0.8941478078125 0.44502413281250003 0.907286684375 0.510583759375 0.935977959375 0.46998011562500003 0.9350996531250001 0.463538196875 0.91197096875 0.4984807421875
0 0.9210467890625 0.463147778125 0.9188510203125 0.4629525640625 0.9069939124999999 0.41141718125000004 0.9049445374999999 0.412978853125 0.9040251203125 0.41552389375 0.9182654875 0.47720289375 0.9453465281250001 0.4336711015625 0.9446146265625 0.4291812734375 0.9210467890625 0.463147778125
0 0.905383690625 0.4106363359375 0.90787221875 0.41044113125 0.90787221875 0.414345328125 0.9267557609375 0.4323046265625 0.9394911875 0.3671045578125 0.9368562671875 0.3639811984375 0.9248527781250001 0.422739346875 0.9032349343750001 0.40156395937499995 0.901870475 0.40380400312500003 0.9020168546875 0.40653693437499994 0.905383690625 0.4106363359375
0 0.9350996531250001 0.4637334015625 0.9377345734375 0.46568550000000003 0.9478350687500001 0.512926284375 0.9491525171875 0.5043370375 0.9384665 0.4516304 0.9362707203125 0.4512399734375 0.910149053125 0.4921718359375 0.9102143671875 0.49438133906250004 0.9116782078125001 0.49769992187499995 0.9350996531250001 0.4637334015625
0 0.976376896875 0.4894986046875 0.9751733687499999 0.48700198281249996 0.9521724875 0.485040359375 0.9515038515625 0.4802254546875 0.9563179921874999 0.422981596875 0.9539109281249999 0.42137663124999997 0.9532422921875 0.42387324218750005 0.947759525 0.49092523750000006 0.94923051875 0.49502682499999995 0.9749059125 0.49449183437500005 0.976376896875 0.4894986046875
0 0.9710421640625 0.5021603671875 0.9761237515625 0.503408675 0.9763912078124999 0.4969888046875 0.949512265625 0.4960971640625 0.9493785421875 0.4994854203125 0.9501809015625 0.5025170328125 0.9496460000000001 0.5087585703124999 0.9481750046874999 0.5139301328125 0.9428259718750001 0.5643974625 0.9453667593749999 0.56528911875 0.9528554234375 0.5019820421875 0.9710421640625 0.5021603671875
0 0.9464874046875 0.5847793671875 0.9533273718749999 0.5839685796875 0.9595593203125 0.5213349921875 0.956215334375 0.5203215125 0.95059138125 0.5768741656249999 0.9263944531250001 0.5783312453125 0.9252075265625 0.5811308140625 0.9242955296875 0.5841712718750001 0.9464874046875 0.5847793671875
0 0.9216972531250001 0.5765239 0.949512265625 0.5752755781250001 0.95659975 0.50554863125 0.9535240484375 0.5051919812500001 0.9476401140625 0.5622574984375001 0.94616911875 0.568142384375 0.92209843125 0.571352315625 0.92209843125 0.5711740046875 0.9206274375 0.5727789624999999 0.9216972531250001 0.5765239
0 0.96700726875 0.5592394625 0.97688721875 0.5908603 0.9787112015625 0.594508853125 0.9803832 0.5902522046875001 0.9657912812499999 0.5464695109375 0.9561373968750001 0.5671178125 0.95530335 0.57504988125 0.964879284375 0.5578205796875 0.96700726875 0.5592394625
0 0.9707717406249999 0.45871394531250004 0.9719502109375 0.4575710046875 0.9667542375 0.4417127328125 0.9587838734374999 0.456629965625 0.9594156 0.45835677500000005 0.9670220734375 0.444355778125 0.9707717406249999 0.45871394531250004
0 0.9892513031249999 0.493848715625 0.99061551875 0.4943274640625 0.9856612531250001 0.4742199859375 0.9773323375 0.4907847171875 0.9774759421875 0.49308271406250004 0.985589453125 0.47795423281250005 0.9892513031249999 0.493848715625
0 0.9118386546874999 0.6263267859375 0.9328665828125 0.687007175 0.9371755796875 0.6893056750000001 0.9406227812499999 0.67896243125 0.91218338125 0.5985539890625 0.883916321875 0.6569359140625 0.8897765640624999 0.6614938312499999 0.9078743703125 0.628395434375 0.9118386546874999 0.6263267859375
0 0.925226503125 0.7047365625 0.9306172265624999 0.7162385734375001 0.9439142765625 0.7200725609374999 0.9248671312500001 0.6735852984374999 0.8313978953125 0.8901564531249999 0.8375376734375 0.9041046359375 0.9198358093750001 0.7080913015625 0.925226503125 0.7047365625
0 0.9421173875 0.7584125703125 0.9500237734375 0.7584125703125 0.9971025921875001 0.8719948656250001 1 0.8552211218749999 0.9467893390625 0.72151030625 0.8526316406250001 0.9520296734375 0.8544285875 0.9577806531249999 0.860178653125 0.962573196875 0.9421173875 0.7584125703125
0 0.5878694421875 0.7725478484375 0.5968181515625 0.7725478484375 0.65834055625 0.856579684375 0.6628149265625 0.853596296875 0.665424965625 0.8436516968750001 0.5912252203125 0.7417195953125 0.5053301046875001 0.9175134609375 0.5077039125 0.9247001859375 0.51217828125 0.9296724640624999 0.5878694421875 0.7725478484375
0 0.336761046875 0.8589694812499999 0.34301409375 0.8599504937500001 0.3485314765625 0.8677987249999999 0.35441670468750003 1 0.36655498125 0.9997467468749999 0.36103756875 0.8315007390625 0.1505388109375 0.9203419984375 0.1473304828125 0.9310749234375001 0.1535835296875 0.9394136265625 0.336761046875 0.8589694812499999
0 0.6995108906249999 0.58296681875 0.7013354453125 0.58274563125 0.7119510546875001 0.6008835109375 0.72737685625 0.6081828984375 0.7016671750000001 0.56151103125 0.68434308125 0.59349828125 0.6839192109375001 0.594247696875 0.6912174421875 0.5966808328125001 0.6995108906249999 0.58296681875
0 0.057234014062500005 0.1618582953125 0.1913763859375 0.00957965625 0.2045359171875 0.00561699375 0.2164219765625 0.014108371875000001 0.3293392796875 0.1895968109375 0.345045828125 0.1952577296875 0.352262346875 0.181671534375 0.24401454843749998 0.017504909375 0.2278835109375 0.0010882765625000001 0.16463282968749998 0 0.03982945 0.13581808281250002 0.0411029578125 0.14544163906250002 0.042376465625 0.1561973765625 0.057234014062500005 0.1618582953125
0 0.37985495468749997 0.1409129 0.4749432203125 0.013542270312499998 0.4842822296875 0.014674473437499998 0.5602679859374999 0.1641226765625 0.57003155625 0.17487843593750002 0.5780970234375 0.1618582953125 0.4940458 0.0010882765625000001 0.4622082140625 0 0.3688179109375 0.12336406562499999 0.3688179109375 0.1335537234375 0.3722139078125 0.1352520046875 0.37985495468749997 0.1409129