0 0.24630680312500003 0.49039628437499994 0.253348678125 0.48350977031250003 0.26743246875 0.49102231406249996 0.3477100578125 0.6600546296875 0.35897708125 0.6544202015625 0.359915978125 0.6400211953125 0.26743246875 0.45032936250000005 0.11484209062499999 0.5664422390625 0.113919203125 0.576164553125 0.125186246875 0.58179898125 0.24630680312500003 0.49039628437499994
0 0.2735354859375 0.42528755625 0.286680303125 0.4353042734375 0.365080021875 0.594945928125 0.370713553125 0.594945928125 0.3768165328125 0.5799208390625 0.2796384265625 0.385220609375 0.12988084375 0.5035432296875 0.13880056875 0.51982043125 0.266493571875 0.42340941406250004 0.2735354859375 0.42528755625
0 0.2902491265625 0.3643745421875 0.3719350609375 0.5365370609375 0.3803853578125 0.5371631421874999 0.3850799546875 0.524016196875 0.29682155468750004 0.333698309375 0.28977967968749996 0.3249336515625 0.1401836375 0.44480281406250005 0.14612505468749998 0.46203769843750003 0.2761653375 0.36500057343750003 0.2902491265625 0.3643745421875
0 0.2794515890625 0.3055262734375 0.2869629125 0.30239601875 0.29916887187499996 0.304900190625 0.3822631890625 0.47831484687500003 0.3930607640625 0.4839492234375 0.39493859531250003 0.46454181875 0.29916887187499996 0.259824925 0.1458854859375 0.38651725625 0.1456556078125 0.39442472031250003 0.1536364171875 0.40444143749999995 0.2794515890625 0.3055262734375
0 0.29916887187499996 0.24041749375000002 0.310435896875 0.2435477484375 0.394469146875 0.41758840937499997 0.401041575 0.4188405484375 0.40808345 0.4069456359375 0.3090275515625 0.1978464 0.1560221046875 0.329076415625 0.155983715625 0.3374545671875 0.1644339734375 0.34434108281250003 0.29916887187499996 0.24041749375000002
0 0.30010776875 0.173430625 0.3123137265625 0.1715524953125 0.39916374375 0.341210853125 0.4123085984375 0.348097340625 0.4198199609375 0.3368285375 0.3132526625 0.1271032578125 0.1649034421875 0.26733746875 0.16255614375 0.2761021 0.17335371875 0.281110496875 0.30010776875 0.173430625
0 0.310435896875 0.1064437484375 0.3235807515625 0.10206143281249999 0.41043076875000006 0.2792323546875 0.418411578125 0.290501184375 0.4287396671875 0.2854927875 0.4287396671875 0.2717198109375 0.33625615781249996 0.0707591546875 0.3263975171875 0.06136846875 0.1738231671875 0.1990985 0.176170465625 0.20723708749999997 0.1813345296875 0.21600171875 0.310435896875 0.1064437484375
0 0.45613627343749996 0.2462494953125 0.43970516562500006 0.23811092031249997 0.4331327765625 0.22809415156249999 0.35661085 0.0690785796875 0.3467522078125 0.0665744 0.3439354421875 0.07471298750000001 0.3467522078125 0.080973459375 0.44252193125000006 0.28756850156249997 0.59697413125 0.147334278125 0.58946276875 0.1335612890625 0.45613627343749996 0.2462494953125
0 0.4476859765625 0.42717664375000003 0.4392357171875 0.424046440625 0.4185795 0.4334371015625 0.40965979375000006 0.4284288078125 0.40120949687499996 0.4221682984375 0.394167621875 0.4221682984375 0.32140139375 0.26628295468749996 0.3156738515625 0.27585916718750003 0.4105987296875 0.47350407499999997 0.5608257421875 0.3520512 0.553783828125 0.3364000546875 0.4476859765625 0.42717664375000003
0 0.43548005625 0.3996306640625 0.573970596875 0.28631639062500003 0.573970596875 0.277551784375 0.5659897859374999 0.268787128125 0.4584835515625 0.36832837500000004 0.4500333328125 0.36770231875000003 0.4350106078125 0.37521486249999997 0.42233520156250004 0.37584091875 0.41012924218749996 0.3533032859375 0.3998011140625 0.34892097031249997 0.32562654375 0.2024263140625 0.32074216093749996 0.21335001718750002 0.42280464999999995 0.41590784062499997 0.4284381421875 0.41152555 0.43548005625 0.3996306640625
0 0.5753789796875 0.2049304609375 0.49181517656249996 0.278177815625 0.48195653437499997 0.28130804375 0.449094359375 0.3094800796875 0.4340716734375 0.311358221875 0.41717111874999996 0.29883730625 0.3392408453125 0.1360654625 0.3307905875 0.13794359218750002 0.328344625 0.14915143125000002 0.43125490781250003 0.35017305625 0.5805430234375 0.21306906250000002 0.5753789796875 0.2049304609375
0 0.5274396625 0.519776096875 0.4096053390625 0.5999099140624999 0.40444129375 0.5967796843750001 0.3847239734375 0.6049182859375 0.37251805312499997 0.60178805625 0.365006690625 0.6011620265625 0.28613748437500003 0.4390162 0.27956505625 0.45091108437500005 0.2808292234375 0.45071584218750005 0.37251805312499997 0.641228921875 0.3823767328125 0.6399768609375001 0.5279091484375 0.530418871875 0.5274396625 0.519776096875
0 0.532134259375 0.4653101171875 0.42744479062499996 0.5441918734375 0.41664721406250005 0.546070015625 0.4105442734375 0.5404355890625 0.401624528125 0.546070015625 0.385193459375 0.5404355890625 0.37392643593749997 0.5429397875 0.2973012296875 0.396653875 0.38660184218750004 0.5830066828125 0.39364375625000003 0.580502509375 0.532134259375 0.4759529171875 0.532134259375 0.4653101171875
0 0.5462180484375 0.41773067812500003 0.5424623859375 0.4020795203125 0.43589508749999994 0.487221746875 0.42462806249999996 0.4834654609375 0.4114831703125 0.487221746875 0.3973993796875 0.4847175484375 0.38613235625 0.4847175484375 0.3776820984375 0.477831059375 0.3061707703125 0.334144725 0.3927047828125 0.5229063265625 0.4002161453125 0.5266625859375 0.4058496765625 0.5229063265625 0.5462180484375 0.41773067812500003
0 0.6339239812499999 0.1673825046875 0.7123237015624999 0.33641479375 0.721243446875 0.34204922187500003 0.728285321875 0.32952833125000003 0.6362712609375001 0.1210551125 0.476592675 0.2648778296875 0.48463586562499994 0.27694046875 0.6207791265625 0.1655043625 0.6339239812499999 0.1673825046875
0 0.5840516546875001 0.24720860312499998 0.59437974375 0.24720860312499998 0.6924967843750001 0.420623234375 0.69672189375 0.418745090625 0.702355425 0.40935440468750006 0.597196509375 0.204011453125 0.444622159375 0.35426239375 0.443683225 0.35488845 0.45307241875 0.3667833109375 0.5840516546875001 0.24720860312499998
0 0.545004625 0.5012822156250001 0.55627165 0.5000301031250001 0.63138519375 0.6659321890625 0.6412438359375 0.6684364140625 0.6468773671875 0.6615498750000001 0.5614357328125 0.4630934375 0.4069034203125 0.5816471671875 0.4088613828125 0.5895546328125 0.41120868125000004 0.595815090625 0.545004625 0.5012822156250001
0 0.55063815625 0.44619020625 0.5586189671875 0.44619020625 0.5694165421874999 0.44556414999999994 0.6445300484375001 0.613344378125 0.65344979375 0.6139704609375001 0.66049166875 0.6008234625 0.5708249249999999 0.40361909999999995 0.41731166093749994 0.5244458796875 0.41731166093749994 0.5325844796875 0.4224757046875 0.5419751671874999 0.55063815625 0.44619020625
0 0.5610481203125001 0.3824344546875 0.569498378125 0.3805563125 0.5812348890625 0.38118236875 0.6586956734375 0.5520928015625 0.6652681015625 0.5514667703125 0.6727794640625 0.541450078125 0.59062404375 0.3480019359375 0.5831127203124999 0.34048939218749996 0.42717665781249997 0.46761020625 0.42537430625 0.47070687187500004 0.4342940515625 0.484479875 0.5610481203125001 0.3824344546875
0 0.5925019125000001 0.3223340734375 0.6657375875 0.4826017328125 0.6755962296875 0.490740359375 0.6845159749999999 0.47947155468749997 0.5976659578125 0.2828931828125 0.5929713609375 0.272876465625 0.437946815625 0.4084799296875 0.446499990625 0.42437949374999995 0.575131909375 0.31669964687499996 0.5925019125000001 0.3223340734375
0 0.542657384375 0.5851723171875001 0.5520465390625 0.583294175 0.559088415625 0.5901806890625 0.6295073625 0.74606603125 0.6379576218749999 0.7491962859375 0.6431216656250001 0.7379274828125 0.5684776078125 0.5582523421875 0.55814951875 0.5469835390625 0.4079224671875 0.6602977625 0.4088613828125 0.6684364140625 0.412147596875 0.6765749624999999 0.542657384375 0.5851723171875001
0 0.5979199921875 0.274459396875 0.62426401875 0.3375650359375 0.689148446875 0.46052336250000003 0.8491639718749999 0.3180478296875 0.8433097265624999 0.3108915109375 0.7218345203125 0.4182361125 0.7125653515625 0.4240912625 0.69890545625 0.42864527187499996 0.6876848859375 0.42539240468750006 0.5992858578125 0.26208821718749997 0.5925536265625 0.2620985109375 0.5891386625 0.26925483125 0.5979199921875 0.274459396875
0 0.6998811375 0.3909120296875 0.8491639718749999 0.26730311875 0.8520910953125 0.259496240625 0.845261128125 0.2477859125 0.716468115625 0.3531787890625 0.70524754375 0.357082240625 0.6906119687500001 0.3531787890625 0.6174340921875 0.1885837265625 0.6076770421875 0.1879331703125 0.6008471156249999 0.1989929 0.6998811375 0.3909120296875
0 0.6998811375 0.5405438828125 0.6896362468749999 0.5372910421875 0.6769520734375 0.5457484499999999 0.6686586250000001 0.5561576359375 0.6584137343750001 0.5581093625 0.5823087359375 0.3896108625 0.578893771875 0.3948154546875 0.5735273875 0.3961166234375 0.6574380140625 0.5841323015625 0.8125750546875 0.4722336921875 0.8091600906249999 0.4572704953125 0.6998811375 0.5405438828125
0 0.789158109375 0.4325487234375 0.7862310265625 0.4221395375 0.7218345203125 0.4722336921875 0.704271821875 0.48849800156249995 0.6935390906250001 0.48394399374999997 0.6696343062500001 0.497606046875 0.590114384375 0.3245535375 0.5832844374999999 0.32585470625 0.580357334375 0.334312140625 0.5857237 0.3375650359375 0.6681707453125 0.5197255625 0.789158109375 0.4325487234375
0 0.687341734375 0.60618415 0.6736313875 0.5988708125 0.661634846875 0.6066412421875 0.6547797 0.6221821015625 0.6431258828125 0.6153258375 0.568404496875 0.44986137499999995 0.5615493234375 0.45306096250000005 0.6427831312500001 0.6436650609375001 0.80216585625 0.5293940203124999 0.8004520484375 0.518424003125 0.687341734375 0.60618415
0 0.8494589453125 0.30212580624999996 0.8635120437499999 0.300754559375 0.8707099671874999 0.3002974671875 0.9488589390625 0.47216112031249996 0.9570851140625001 0.46667611249999996 0.9608554796875 0.4579914984375 0.881335478125 0.268758665625 0.8717382468749999 0.2550461453125 0.7085851562500001 0.393542640625 0.7092706843750001 0.40177016249999997 0.7192106671875 0.4122830859375 0.8494589453125 0.30212580624999996
0 0.6997365703125 0.535655415625 0.8358117281249999 0.439210665625 0.8460944890625001 0.43555400625 0.85466344375 0.439210665625 0.9180737890625 0.5987330359375 0.9252717125000001 0.607874721875 0.93384069375 0.6055893015625 0.9369255031250001 0.5964476140625 0.8673455125 0.41132853281250004 0.8615186171874999 0.39853018281249997 0.8532924140624999 0.393045175 0.690824853125 0.520114575 0.6880827796875 0.526970840625 0.691167603125 0.5324558484375 0.6997365703125 0.535655415625
0 0.8333492890624999 0.382572625 0.8439748 0.377087615625 0.8576851484375 0.381658459375 0.91869615625 0.5324962265625001 0.92897891875 0.5457516828125 0.9382334 0.5480370859375 0.9423465156249999 0.5384383265625 0.864883071875 0.3409779828125 0.8600844562500001 0.3327504609375 0.696931365625 0.46530485468749994 0.6955603234375001 0.471704065625 0.705843084375 0.4831311359375 0.8333492890624999 0.382572625
0 0.8166172640625 0.5603379609375 0.8292993046875001 0.5571383937500001 0.8361544796875 0.5603379609375 0.8940806796875 0.708433253125 0.9002503531249999 0.7262595515625 0.9108758640625 0.7248882953125 0.9153317296875001 0.71346116875 0.8481510468750001 0.540226259375 0.8406103453125 0.5219429046874999 0.8323841421875 0.5192003921875 0.67745726875 0.6380422765625 0.6754007109375 0.6439843953125 0.6819131203125 0.6526689515624999 0.8166172640625 0.5603379609375
0 0.81524620625 0.50685911875 0.8296420828125 0.5022882953125001 0.8399248437500001 0.506402046875 0.909504834375 0.6718665078125 0.9194448171875 0.6682098484375001 0.9225296546875 0.658153978125 0.856034471875 0.49086116874999997 0.84746551875 0.46846405312500006 0.8399248437500001 0.4602365421875 0.6801993265624999 0.5863917640625 0.6781427843750001 0.5927909359375 0.6836269140625 0.6028467875 0.81524620625 0.50685911875
0 0.6346159984375 0.6725810796875 0.5597075312500001 0.513150475 0.5525163078124999 0.5107530234375 0.551617415625 0.5199432578125001 0.5627038718749999 0.547513965625 0.5758877625000001 0.5670931718750001 0.63491565 0.7089424484375 0.7895267328125 0.600257925 0.7820358953125 0.58547363125 0.6771640390625 0.65819636875 0.644803575 0.6753781046875 0.6346159984375 0.6725810796875
0 0.26394897500000003 0.42618171250000003 0.13921104687500002 0.522572953125 0.12145029843749999 0.5203697546875 0.11442865937499999 0.514861659375 0.09377663593749999 0.47850838749999997 0.0842767171875 0.46804305625 0.024799028125 0.34906870625 0.019842553125000002 0.3518227421875 0.015758160937499998 0.35790223593750004 0.123102484375 0.552867334375 0.268492403125 0.442705909375 0.2672533140625 0.43113896875 0.26394897500000003 0.42618171250000003
0 0.16605209375000002 0.31336814375 0.3032599375 0.19597690625 0.31407921562499996 0.194665278125 0.31407921562499996 0.1841721921875 0.3032599375 0.1782698484375 0.1665438671875 0.2930378 0.160150703125 0.278609828125 0.13949573125 0.235981765625 0.1296600390625 0.2300793953125 0.064744471875 0.1035067140625 0.05884305937499999 0.113343971875 0.1370367890625 0.2713958546875 0.1478560671875 0.289758740625 0.16605209375000002 0.31336814375
0 0.174319378125 0.2534800765625 0.312274628125 0.1223879796875 0.32094845312500003 0.130099296875 0.32673100312500003 0.12293878437500001 0.3250788515625 0.1124734546875 0.31392678125 0.108066990625 0.1805149578125 0.21933004843749998 0.17142813750000002 0.2121695484375 0.0842767171875 0.0342588375 0.0702333875 0.033708028125 0.0652769140625 0.0452749734375 0.174319378125 0.2534800765625
0 0.13064362499999999 0.2904145421875 0.1345778859375 0.27926565625 0.0283524171875 0.0648135125 0.008189259375 0.0720274984375 0.0003207171875 0.077274040625 0 0.1146545125 0.01654959375 0.10416252968749999 0.026385285937500003 0.10875324374999999 0.1217915171875 0.2904145421875 0.13064362499999999 0.2904145421875
0 0.131135396875 0.22089793750000003 0.138512146875 0.221553765625 0.13998750468750001 0.20712579375 0.0362209796875 0 0.017533159375 0.0018550921875000001 0.0096646171875 0.009069071875 0.000843415625 0.012892335937499999 0.0003207171875 0.0484180828125 0.0239263625 0.033990123437500006 0.0386799015625 0.0425157390625 0.131135396875 0.22089793750000003