0 0.25902372812499996 0.782964921875 0.3677934546875 0.6570482609375 0.38041314531250003 0.6490281062500001 0.391230021875 0.6482261015625 0.40685438124999995 0.6506321515625 0.50060065 0.7685286203125 0.5096147140625 0.7773507796875 0.519229734375 0.776548775 0.5234363171874999 0.7605084265625 0.391830978125 0.591282896875 0.2421975109375 0.76371651875 0.24400032343750003 0.7757467703125001 0.24880780625 0.7805588718750001 0.25902372812499996 0.782964921875
0 0.40745533749999996 0.5960949984374999 0.5144222515625 0.729229771875 0.5234363171874999 0.7244176718750001 0.5264409859375 0.711585415625 0.39964313125 0.535141715625 0.3864225390625 0.5463699453124999 0.23859188593749997 0.7099813703125 0.24520218124999998 0.7228136625 0.2554881875 0.7265884203125 0.3756056625 0.5960949984374999 0.390028165625 0.5928869421875 0.40745533749999996 0.5960949984374999
0 0.395436603125 0.5336352046874999 0.40685438124999995 0.5352392515625 0.516225065625 0.6771962234375 0.5252391296875001 0.6691760296875 0.5288447546875 0.65554176875 0.3972394171875 0.47348394687499995 0.24400032343750003 0.6491256234375 0.2373899734375 0.6603538703125 0.2458031375 0.67398813125 0.2548172015625 0.6755921765624999 0.36298597187500004 0.555289659375 0.38041314531250003 0.53604125625 0.395436603125 0.5336352046874999
0 0.40024408593749994 0.46867184531249995 0.4170703578125 0.4742859515625 0.5204315921875 0.6298772203125 0.5234363171874999 0.6298772203125 0.5288447546875 0.6258671234375 0.53605600625 0.605816715625 0.405652525 0.41333268749999996 0.2421975109375 0.5817562125 0.23919278593749999 0.5953905109375001 0.24520218124999998 0.6074207625 0.2548172015625 0.6106288171875 0.37680751875 0.4839101515625 0.388225353125 0.47348394687499995 0.40024408593749994 0.46867184531249995
0 0.4164694015625 0.4157387375 0.5240372171875001 0.5737360578125 0.53245038125 0.568121915625 0.5336522375 0.5544876546874999 0.40925815 0.37162780781250004 0.25782187031250003 0.532031159375 0.2518124765625 0.5400513515625 0.2548172015625 0.552081603125 0.26180024999999996 0.5534575875 0.393633790625 0.4165407421875 0.40445066875 0.41092663749999997 0.4164694015625 0.4157387375
0 0.420675984375 0.37563788593749997 0.5270419421875 0.5400513515625 0.53485409375 0.5352392515625 0.53605600625 0.5208029484375001 0.4134647328125 0.331526975 0.262028453125 0.4903262984375 0.25782187031250003 0.5071686515625 0.2608985265625 0.5173886640625 0.40144594375000003 0.3732318359375 0.4122628203125 0.3732318359375 0.420675984375 0.37563788593749997
0 0.4122628203125 0.32110075 0.421877840625 0.329120925 0.5252391296875001 0.488722253125 0.53485409375 0.4855141984375 0.5366569078125 0.4742859515625 0.41767125937499994 0.2850099953125 0.40985910625 0.276989821875 0.264432165625 0.43979924062500003 0.2542162453125 0.45824563906250004 0.25782187031250003 0.4670678 0.2680377921875 0.467869840625 0.389427209375 0.3347350296875 0.3978403171875 0.32110075 0.4122628203125 0.32110075
0 0.42428160937500004 0.2826039453125 0.53605600625 0.443007296875 0.5426663015625001 0.4389972359375 0.5450700703125 0.4301750390625 0.41166191875 0.23127486406250003 0.263230309375 0.4157387375 0.2602256390625 0.424560934375 0.27081748125 0.42841865468749996 0.3972394171875 0.27779184375 0.41166191875 0.273781765625 0.42428160937500004 0.2826039453125
0 0.510811559375 0.0269963703125 0.52343125 0.028600415624999997 0.533046215625 0.0326105125 0.5516753 0.067097221875 0.602755015625 0.1537150359375 0.61477375 0.151308984375 0.6135718921875 0.1376746875 0.534849028125 0.0005298171875 0.5088723749999999 0.00040076406250000004 0.412858709375 0.1240404265625 0.4236755875 0.1424867875 0.429084025 0.140882778125 0.510811559375 0.0269963703125
0 0.283657140625 0.0117580640625 0.30348808125 0.0117580640625 0.314905859375 0.01737216875 0.3900230984375 0.133664628125 0.39843620625 0.1344666328125 0.40384464531250003 0.12484243125000001 0.40023902031249997 0.119228325 0.319112440625 0 0.2681123109375 0.00040076406250000004 0.19351647031250002 0.10800007812500001 0.20192960625 0.120832334375 0.2115446265625 0.118426284375 0.283657140625 0.0117580640625
0 0.604993490625 0.9481323250000001 0.7558288140625 0.7949471421875 0.7720541296875 0.789333 0.7906832140625 0.81018545 0.87541541875 0.9361020734375 0.8892369656250001 0.9361020734375 0.8946454046874999 0.9256758671875 0.8838285265625 0.8992093125 0.774880684375 0.725386121875 0.5827587796875 0.9248738624999999 0.5833597359375 0.945726275 0.5977822390624999 0.950538375 0.604993490625 0.9481323250000001
0 0.636242265625 0.85830645625 0.7552279140625 0.7363998921875 0.7774625687500001 0.724369640625 0.800298234375 0.7363998921875 0.8868332515624999 0.8791589046875 0.9006547984375001 0.875148809375 0.90546228125 0.8719407546875001 0.9030585671875 0.85349435625 0.7882794453125 0.6586042765625 0.58997003125 0.8502863015625 0.589369103125 0.8719407546875001 0.5977822390624999 0.8783568640625001 0.605594446875 0.8831689656249999 0.636242265625 0.85830645625
0 0.7684485046875 0.668228478125 0.7888804015625 0.655396203125 0.8069085296875 0.65940628125 0.9048613812499999 0.8286318484375 0.920485740625 0.8157995546875 0.9192838828125 0.8037693031250001 0.8051057171875 0.5912348656249999 0.5983831953125 0.788530996875 0.5971812828124999 0.8093834453125 0.6019888203125 0.8198096515625 0.604392534375 0.8230177062499999 0.7684485046875 0.668228478125
0 0.812917925 0.586422765625 0.826739471875 0.5896308203125 0.919884784375 0.77168864375 0.9319035734375 0.7660745390625 0.9397157249999999 0.750034190625 0.8393591624999999 0.5391037625 0.8237348015625001 0.517449309375 0.6620825453125 0.678654684375 0.6116037859375 0.7315877921875 0.605594446875 0.747628140625 0.6152094124999999 0.7564503375 0.7726550859375 0.612087296875 0.797293509375 0.586422765625 0.812917925 0.586422765625
0 0.828542284375 0.45819759062500004 0.8417629312500001 0.45178146249999995 0.8519788515625001 0.4541875125 0.859190103125 0.46060364062500003 0.9288988484375 0.6530876875 0.9355091984374999 0.6554937390625 0.9451241640625 0.6506816375 0.948729790625 0.6402553953125001 0.8585891468750001 0.40285843281249994 0.6441308375 0.593133403125 0.6440544171875 0.613788840625 0.6530684812499999 0.6161948921875 0.828542284375 0.45819759062500004
0 0.8033029046875001 0.5090768921875 0.8201291765625 0.5002547140625 0.8315469546875001 0.5058688375 0.9301007609375 0.691134715625 0.9355091984374999 0.6855206093749999 0.93851386875 0.6710843078125001 0.8369553937499999 0.4529357296875 0.8099132000000001 0.4745901828125 0.7396034984375001 0.5459696703125 0.63511360625 0.65685516875 0.637444121875 0.6734903578125 0.6422516046875 0.678302459375 0.8033029046875001 0.5090768921875
0 0.8008991359375001 0.324358309375 0.8159225953125 0.3155361125 0.8327488656250001 0.3251603140625 0.90546228125 0.52005039375 0.9108707203125 0.5192483890624999 0.9144763453125 0.5096241874999999 0.8351525796875 0.2690191515625 0.6378187750000001 0.4368347359375 0.638045078125 0.45187897968749996 0.6464581859375 0.4582951265625 0.8008991359375001 0.324358309375