0 0.15145340937500001 0.566426371875 0.2850887703125 0.3494838203125 0.2944666890625 0.3401059 0.3052512984375 0.3407310953125 0.31603590625 0.3432318734375 0.4899963234375 0.5270391078125 0.498905346875 0.523913134375 0.5101588515625 0.507032878125 0.5101588515625 0.49577937343749995 0.29634227343749997 0.261331371875 0.13879321718749998 0.5145352140624999 0.130821984375 0.5364170265625 0.1303530890625 0.5439193625 0.14441996875000002 0.5645507875 0.15145340937500001 0.566426371875
0 0.144888865625 0.49202820625 0.20631424062499998 0.38637030625 0.2832131859375 0.261331371875 0.3033757140625 0.2582053984375 0.31744259375 0.27195968125 0.4848384671875 0.4501401625 0.4928096984375 0.4470141890625 0.5031254109375001 0.4151292609375 0.292122209375 0.185057621875 0.2850887703125 0.1819316484375 0.2410125453125 0.25195345156250004 0.12097516875 0.45951808281249995 0.117692896875 0.47639833906250006 0.13551094531250002 0.4914030109375 0.144888865625 0.49202820625
0 0.1636447046875 0.6333222015625 0.17020924843750002 0.63707336875 0.266801825 0.48765184218749996 0.3118158421875 0.422006403125 0.325882721875 0.42013081874999997 0.3347917453125 0.4257575703125 0.359643234375 0.45576691406250003 0.4984364515625 0.6039380515625 0.507814371875 0.5970609109375 0.5139100187500001 0.5826814328125 0.5115655390625 0.56892715 0.48718294687499997 0.5426689734375 0.31369142656250004 0.350109015625 0.29915565 0.371365634375 0.2306968328125 0.47577314375 0.1467644484375 0.6083144140625001 0.1472333453125 0.617692334375 0.1519223046875 0.630821421875 0.1636447046875 0.6333222015625
0 0.1627069125 0.71772348125 0.1725537296875 0.71772348125 0.30947136249999996 0.515785603125 0.31744259375 0.5057824890625 0.3286960984375 0.5045320984375 0.33948070625 0.507032878125 0.5021876187500001 0.6783362171875 0.5059387875 0.6802118015625 0.5115655390625 0.6789614125 0.519067875 0.6614559609375 0.5185989796875 0.651452846875 0.3249449296875 0.4345102953125 0.3169736984375 0.43263471249999996 0.24992156875 0.53454144375 0.180056065625 0.6395741484374999 0.1519223046875 0.689589721875 0.1505156171875 0.6989676421875 0.1537978890625 0.7102211453125 0.1627069125 0.71772348125
0 0.74273126875 0.9502958984375001 0.75304698125 0.9546722624999999 0.7727406125 0.9990610828125 0.8065011249999999 0.9984358890625 0.7610182125 0.8959039625 0.7230376359374999 0.9177857765624999 0.613315971875 0.9984358890625 0.66208115625 0.999686278125 0.7305399718750001 0.9534218718749999 0.74273126875 0.9502958984375001
0 0.5823688359375 0.5220375500000001 0.734291140625 0.3451074578125 0.747420228125 0.3388555109375 0.761487109375 0.33948070625 0.7788362609374999 0.36949005 0.8838689656250001 0.532665859375 0.894184678125 0.530790275 0.902155909375 0.5176611875 0.9045003890625001 0.5057824890625 0.7582048359375 0.2682085140625 0.6550477156250001 0.3894962796875 0.5687708515625001 0.49515417812500007 0.5654885796875 0.5064076828124999 0.5720531234374999 0.51828638125 0.5823688359375 0.5220375500000001
0 0.5786176671875001 0.5889333796875 0.597842403125 0.5683019546875 0.722568740625 0.4295087390625 0.7417934765624999 0.41637965 0.753984771875 0.418255234375 0.7600804203125 0.4251323765625 0.7703961328125 0.4413874375 0.8679265015625001 0.6058136359375 0.8777733171875 0.6126907765625 0.894184678125 0.5983113 0.8955913656250001 0.588308184375 0.7994676843749999 0.42450718125 0.7502336046875 0.3476082375 0.70756406875 0.396373421875 0.6278517484374999 0.48640145312499994 0.5645507875 0.560174425 0.5631440999999999 0.575179096875 0.5697086437500001 0.5876829906250001 0.5786176671875001 0.5889333796875
0 0.5776798750000001 0.6527032359375 0.618473828125 0.6101899984375 0.7216309484375001 0.49765495781249997 0.7366356203125 0.48827703749999996 0.7502336046875 0.49015262187499997 0.7652382765625 0.515785603125 0.8665198125 0.6783362171875 0.880117796875 0.6714590765625 0.8838689656250001 0.6583299874999999 0.882462278125 0.647701678125 0.7886830765624999 0.4889022328125 0.7492958125 0.4232567921875 0.6433253156250001 0.5376674171875 0.5598618281250001 0.6276954484374999 0.561268515625 0.6376985640624999 0.5687708515625001 0.6502024578125 0.5776798750000001 0.6527032359375
0 0.5603307234375 0.7183486765625 0.5645507875 0.7183486765625 0.6170671390625 0.6683331031249999 0.682243684375 0.6014372734375 0.7131908203124999 0.5683019546875 0.729133284375 0.560174425 0.74413795625 0.5645507875 0.753984771875 0.5795554593750001 0.8285392375 0.7108463406250001 0.856672996875 0.7477328265625001 0.8707398765625 0.7358541265625 0.8726154609375 0.7239754281249999 0.8018121656250001 0.59456013125 0.7408556843749999 0.4982801515625 0.712721925 0.5264139125 0.606751428125 0.6320718125 0.54907721875 0.693966084375 0.5486083234375 0.7058447828125 0.5532972828125 0.715222703125 0.5603307234375 0.7183486765625
0 0.36878654843750003 0.8992815625 0.3817130875 0.8997884859375 0.392358471875 0.9033369468749999 0.402243471875 0.9139823328125001 0.45280905000000005 0.9996523343750001 0.48664616718750003 1 0.39045751093750003 0.8349023296875 0.2802017375 0.9312177171875 0.2060642359375 0.9991454109375001 0.24902596875 1 0.3554798171875 0.9104338703125 0.36878654843750003 0.8992815625
0 0.447106165625 1 0.38247347187499997 0.8982677156250001 0.26879596875 0.9986384890625001 0.3155596234375 1 0.350917509375 0.9712646406250001 0.3611827015625 0.9631538718750001 0.37639039531249996 0.96416771875 0.38817635625 0.9712646406250001 0.405665203125 1 0.447106165625 1