0 0.3785394171875 0.3251466890625 0.4951077265625 0.27056869687499996 0.523650440625 0.27551428125 0.571440528125 0.3128643953125 0.587571284375 0.3231847921875 0.5992473328125001 0.3153882421875 0.509753821875 0.24415885624999997 0.37296042812499997 0.31006280625 0.3730389078125 0.31723588125 0.3785394171875 0.3251466890625
0 0.3738589234375 0.3512330078125 0.38048371406250003 0.35611075468750003 0.4888753421875 0.30155633593750003 0.5036375718749999 0.302823971875 0.5166180890625001 0.3118760109375 0.5592696390625 0.3641607546875 0.5711667031250001 0.3629145296875 0.5768665921875 0.354922303125 0.5072418234375 0.273923840625 0.37234786249999996 0.3428030015625 0.3738589234375 0.3512330078125
0 0.3544058140625 0.402402965625 0.4649587234375 0.3440427546875 0.48326677343749996 0.34860840625 0.5776410125 0.4530043453125 0.5891817359375 0.4533150015625 0.5952219515625 0.44571485156249996 0.47881365468750003 0.3135735984375 0.34573184375 0.38768830468750004 0.3425015375 0.396164734375 0.3544058140625 0.402402965625
0 0.36737753125 0.420888415625 0.47134171406250003 0.3950727234375 0.49308507500000004 0.3996612265625 0.533922884375 0.4636282875 0.5453923390625001 0.4642503203125 0.553348003125 0.457676425 0.4975445484375 0.3670245828125 0.362835540625 0.4050318046875 0.3619482921875 0.41266623124999996 0.36737753125 0.420888415625
0 0.4877063265625 0.4438302125 0.5209696296875 0.501431921875 0.5373390046875001 0.499435821875 0.48683826718749995 0.4156799578125 0.3248998171875 0.456156775 0.3209336 0.4622114703125 0.3275263609375 0.47098713124999997 0.4739258390625 0.44015226875 0.4877063265625 0.4438302125
0 0.33312698749999997 0.5085243734375 0.45110147500000003 0.48350354375000004 0.4702006890625 0.49212850937499997 0.49993418749999996 0.5444832453124999 0.510097584375 0.5451745546875 0.5196603953125 0.535336921875 0.47120883750000003 0.461417971875 0.328355178125 0.49555084843749997 0.32719886875 0.5024818234375 0.33312698749999997 0.5085243734375
0 0.309787728125 0.556004240625 0.315715846875 0.5620467890625 0.42175402812499996 0.5346856437499999 0.44321231406250006 0.54051965 0.46428064375 0.568726315625 0.5141575671874999 0.6364177453125001 0.5212828234375 0.622197996875 0.4830499171875 0.550607934375 0.44406191249999993 0.512380821875 0.3157174359375 0.5451289265625 0.309787728125 0.556004240625
0 0.4331810640625 0.5655568640624999 0.47322049687499995 0.6179801546875 0.484848503125 0.616030478125 0.48970918281250003 0.609825809375 0.43691183906250003 0.5379829375 0.30599448749999997 0.5744561312500001 0.3113204296875 0.5868876046875 0.41501555312500005 0.5603684609374999 0.4331810640625 0.5655568640624999
0 0.48548356562499995 0.6808995453125 0.49826787968749997 0.67201889375 0.41883043437499995 0.5643699265625 0.2865357515625 0.6012237703125 0.28851366562499997 0.611372059375 0.3981136828125 0.5853599703125 0.4186062375 0.591655328125 0.48548356562499995 0.6808995453125
0 0.282624059375 0.7009898171875 0.400069228125 0.6651286671875 0.4276590484375 0.7024223703125 0.43737882031249997 0.7069308921874999 0.4473211984375 0.7010718765624999 0.39730895 0.641487653125 0.378516446875 0.654070540625 0.2804091125 0.6862401593749999 0.2759760421875 0.6905765734375 0.282624059375 0.7009898171875
0 0.48332314375 0.759861240625 0.48286350625 0.7656274109375001 0.49197388750000004 0.769040403125 0.6032202890625 0.743351115625 0.6195256109375 0.749150846875 0.6557821890625 0.7936747546875 0.6651776453125 0.79584224375 0.6773205453125 0.789763978125 0.6179056265625 0.7205278140625 0.4836794859375 0.7583043593750001 0.48332314375 0.759861240625
0 0.516121915625 0.7067530343749999 0.638458203125 0.6777071640625 0.6606524015625 0.6859629078125 0.7342578125 0.77587558125 0.743756565625 0.773833778125 0.7488310515625 0.7666949796875 0.65754458125 0.6544453625 0.509901509375 0.6944715359375 0.50729660625 0.7020945375000001 0.516121915625 0.7067530343749999
0 0.50807016875 0.7250206734375 0.623591090625 0.69756668125 0.6481283453125 0.704980421875 0.6855716734375 0.7555933031250001 0.698315159375 0.760043978125 0.7066664031250001 0.755499740625 0.6413393796875 0.67827206875 0.49966525624999997 0.711009465625 0.498350396875 0.72051215 0.50807016875 0.7250206734375
0 0.5201801796875001 0.647684415625 0.6436175234375 0.610069990625 0.6691757640625 0.6186599609375001 0.7447358640624999 0.713185428125 0.7546462140625 0.711224325 0.7572671328125 0.7016523671875 0.662791184375 0.58454785625 0.5195723796875 0.629671021875 0.5144106125000001 0.6390701546875001 0.5201801796875001 0.647684415625
0 0.5205901890625 0.66468298125 0.5340855999999999 0.6696064296875 0.6425541234375001 0.6391429484375 0.6565484109375 0.6418867640625 0.6957414234375 0.6886131609375 0.7070755546874999 0.6973423984375 0.72301731875 0.69721455625 0.7238172859375 0.6918404625 0.661355425 0.6171266515625 0.5216912437500001 0.656114421875 0.5205901890625 0.66468298125
0 0.5452779234375 0.5868846515625 0.672008040625 0.5499158296875 0.6961889546875 0.5588864515624999 0.736141103125 0.6135700765625 0.7490199125 0.6099135453125 0.7552026656249999 0.6016906421875 0.6931684171875 0.525108575 0.5399127406249999 0.570866640625 0.5377034187499999 0.5805192984375 0.5452779234375 0.5868846515625
0 0.6544662156250001 0.3935621875 0.8140832437500001 0.3763807328125 0.82893996875 0.382872490625 0.8373737312499999 0.42682150781250006 0.8449089953125 0.4296003234375 0.8602573859374999 0.42642799374999996 0.8428661671875 0.3520919578125 0.6483170765625 0.3809693125 0.64522930625 0.388822990625 0.6544662156250001 0.3935621875
0 0.594542884375 0.42801283593750006 0.5981832 0.43653496875000003 0.7486025625 0.41820085625000003 0.7694034203125 0.42878620468750006 0.8074978234374999 0.5423191984375 0.81966395 0.5417764265625 0.8265826140625 0.535975259375 0.7887908859375 0.40232994218749996 0.77942745625 0.3962645375 0.6012637562500001 0.4211968375 0.594542884375 0.42801283593750006
0 0.8154990812499999 0.47166038749999994 0.8288839843750001 0.4733086765625 0.83801918125 0.46533930156250003 0.8149064375 0.376542134375 0.6245533859375 0.3964817109375 0.6239031671874999 0.4087175046875 0.777226934375 0.39648378906250004 0.7999752671875 0.4041974796875 0.8154990812499999 0.47166038749999994
0 0.54862509375 0.5140119328125 0.55703880625 0.518589728125 0.7045073125 0.483084225 0.7136337109374999 0.4845482578125 0.74485504375 0.53979750625 0.758382484375 0.5408230421875 0.7656254625 0.537362909375 0.717498221875 0.465784990625 0.681236875 0.4720146703125 0.5503355359375 0.5065389062500001 0.54862509375 0.5140119328125
0 0.787860825 0.5013031406249999 0.747734890625 0.445185265625 0.733157925 0.4396011875 0.7091696109375001 0.43735128906250004 0.6840661921875 0.444696415625 0.65724581875 0.44379945625 0.6369913171875 0.4425542328125 0.5986306828125 0.44484664531250007 0.59103625625 0.45126307656250003 0.5852527078125 0.45449074375 0.5758353171875 0.45155389687499997 0.5787062984375 0.45947704843750004 0.6320021812500001 0.461203353125 0.717797303125 0.445312734375 0.739244753125 0.45551510625 0.766776371875 0.50998145625 0.774456015625 0.5142131984375 0.7869845765625 0.509854590625 0.787860825 0.5013031406249999
0 0.01680076875 0.6651521234375 0.114642878125 0.7659127265625 0.12197143749999999 0.7529294390625 0.011257978125 0.64496914375 0.0115764703125 0.66321556875 0.01680076875 0.6651521234375
0 0.009557165624999999 0.5475296421875 0.009880078125 0.566029278125 0.0158880421875 0.5644439343750001 0.041407734375 0.5719195328125 0.12906469375000001 0.683867325 0.136102221875 0.6745350218749999 0.0421023390625 0.5403313328125 0.009557165624999999 0.5475296421875
0 0.0091413890625 0.5237098078125 0.0094744765625 0.5427923984375 0.0327405859375 0.5360237718749999 0.052346317187500005 0.543163846875 0.10209789375 0.6089511734374999 0.12013081562500001 0.6063067578125 0.05251969375 0.5114734515625 0.0091413890625 0.5237098078125
0 0.008765545312500001 0.5021777453125 0.009083553125000001 0.5203964515624999 0.052630224999999996 0.5086110875000001 0.074891765625 0.5208039359375001 0.1232510359375 0.5760181515625 0.14044229375 0.5699126718749999 0.06295733125 0.48014751875000006 0.008765545312500001 0.5021777453125
0 0.0667812890625 0.427748615625 0.0481885953125 0.41380307812500006 0.013144915625 0.42176435312500005 0.007668889062500001 0.43935032500000004 0.0077042484375 0.441376059375 0.026685593749999997 0.4363673796875 0.047424021875 0.44331753437500004 0.091712884375 0.5067977890625001 0.1075392390625 0.51855291875 0.1191978109375 0.508066625 0.0667812890625 0.427748615625
0 0.1326654171875 0.4468463921875 0.1519618484375 0.43868163750000005 0.0918192296875 0.33501253124999997 0.0309242671875 0.3440853015625 0.0241260671875 0.36664869218749996 0.061866115624999996 0.3588040796875 0.0884576703125 0.373493921875 0.1326654171875 0.4468463921875