0 0.44094291874999997 0.304732103125 0.47008569843750003 0.30409856562500004 0.5254147421875001 0.331340728125 0.543576184375 0.338309653125 0.5532904453125 0.328489803125 0.44939010156250003 0.2762228625 0.329862471875 0.366502125 0.3315519078125 0.37347104999999997 0.3387320125 0.38012320625 0.44094291874999997 0.304732103125
0 0.44178763749999994 0.33609226875 0.45657020625 0.33450842187499996 0.471352775 0.3408438078125 0.5249923843750001 0.38360766874999996 0.5363960796875 0.38012320625 0.5401973124999999 0.37125366406250004 0.45361369218750003 0.3056824109375 0.3366202171875 0.398495828125 0.3399990890625 0.4064150609375 0.3476015546875 0.40989952343749997 0.44178763749999994 0.33609226875
0 0.4278497859375 0.382023821875 0.44685594687499997 0.3829741296875 0.5630047046875 0.4666012359375 0.5744084 0.46470061874999996 0.578631990625 0.456147846875 0.4346075328125 0.34971335 0.3205705703125 0.44727830625 0.31930349375 0.456147846875 0.332396625 0.4599490796875 0.4278497859375 0.382023821875
0 0.44558886875 0.43048953125 0.467973903125 0.4308063 0.522458228125 0.4852906265625 0.533861925 0.4837067796875 0.5401973124999999 0.475787546875 0.4650173890625 0.3981790578125 0.3412661671875 0.46089938750000004 0.3421108859375 0.4685018515625 0.349290990625 0.4754707765625 0.44558886875 0.43048953125
0 0.472619853125 0.47483723749999995 0.5182346375 0.5245700249999999 0.533861925 0.5195017156249999 0.4654397484375 0.447595075 0.3155022609375 0.51791786875 0.31296810625 0.5245700249999999 0.3214152890625 0.5318557187499999 0.45825964218750004 0.4738869296875 0.472619853125 0.47483723749999995
0 0.44558886875 0.5204520234375 0.466284465625 0.5252035625 0.5072533 0.570501578125 0.5173899203125 0.5692345015625 0.5245700249999999 0.5578308046875 0.4603714390625 0.49511047656249996 0.327750675 0.5556134187499999 0.328173034375 0.5625823453125001 0.3353531390625 0.567333884375 0.44558886875 0.5204520234375
0 0.4282721453125 0.5758866578124999 0.450657178125 0.577470503125 0.47768816249999996 0.600911434375 0.5418867484375001 0.6572963765625001 0.5456879796874999 0.6420914484375 0.492048371875 0.5796878890625 0.4451665109375 0.549911571875 0.32648359843749997 0.6062965140625 0.323104725 0.6180169796875 0.3302848296875 0.6227685187499999 0.4282721453125 0.5758866578124999
0 0.44643358749999995 0.603762359375 0.497539040625 0.6471597578125 0.508520378125 0.6430417562499999 0.5118992515625 0.63607283125 0.4438994328125 0.5762034265625 0.323527084375 0.6367063703125 0.3315519078125 0.647793296875 0.42742742656250005 0.6021785125 0.44643358749999995 0.603762359375
0 0.43798640468750005 0.6319548296875 0.52372530625 0.7060788546875 0.534284284375 0.694991928125 0.432073378125 0.60534620625 0.3104339515625 0.6664826875000001 0.31465754218750003 0.67598576875 0.41644609062500004 0.6297374453125 0.43798640468750005 0.6319548296875
0 0.43629696874999996 0.7070291625 0.47177513437499996 0.7380725578125 0.48233411249999997 0.7406067125 0.49078129531250003 0.7330042484375 0.4282721453125 0.684538540625 0.41264485781250004 0.7003770078125 0.323527084375 0.7504265625000001 0.3201482109375 0.7554948718750001 0.329017753125 0.7643644140625 0.43629696874999996 0.7070291625
0 0.549911571875 0.7906562687500001 0.6533895546874999 0.7444079453125 0.6707062796875001 0.7469420999999999 0.7163210640625 0.7833705734375 0.7260353234375 0.78368734375 0.7365943015624999 0.775451340625 0.66268145625 0.7193831671875001 0.53935259375 0.7817867265625 0.53935259375 0.7833705734375 0.5401973124999999 0.789072421875 0.549911571875 0.7906562687500001
0 0.673240434375 0.6737683828125001 0.6968925453125 0.6775696156250001 0.789389190625 0.7510601015625 0.7982587328124999 0.74725886875 0.8016376062499999 0.7393396359375 0.686755925 0.647476528125 0.5507562890625 0.714631628125 0.549911571875 0.7225508609375 0.55962583125 0.725401784375 0.673240434375 0.6737683828125001
0 0.663103815625 0.6959422359375 0.688867721875 0.698476390625 0.7370166609375 0.7406067125 0.750532153125 0.7425073296875 0.7577122578125 0.7364887125 0.6761969484375 0.6737683828125001 0.544420903125 0.7326874796875 0.5452656218749999 0.742190559375 0.5558245984375 0.7447247140625 0.663103815625 0.6959422359375
0 0.663103815625 0.6069300531249999 0.6901347984374999 0.610414515625 0.785587959375 0.688023003125 0.794879859375 0.6842217703125 0.7953022187500001 0.674401921875 0.6761969484375 0.5784208125 0.5456879796874999 0.6496939125 0.542731465625 0.65983053125 0.5503339296875 0.6671162265625 0.663103815625 0.6069300531249999
0 0.668594484375 0.6354392921875001 0.68295469375 0.6354392921875001 0.7319483515625 0.6734516140625 0.745041484375 0.6797869999999999 0.760668771875 0.67661930625 0.7602464125 0.671234228125 0.682109975 0.610414515625 0.553712803125 0.675035459375 0.554557521875 0.6835882328125 0.56891773125 0.6858056171875 0.668594484375 0.6354392921875001
0 0.677464025 0.5429426453125 0.70322793125 0.547060646875 0.75475574375 0.5926754328125 0.7665817984375 0.5866568140624999 0.770805390625 0.577470503125 0.692668953125 0.514750175 0.5524457265625 0.58855743125 0.5524457265625 0.5983772796875 0.5613152671875 0.6031288203125 0.677464025 0.5429426453125
0 0.7779854953124999 0.346862425 0.7940351421875 0.3503468875 0.8121965843750001 0.3915269015625 0.8202214078125 0.3927939796875 0.8345816171875 0.3867753625 0.8007928874999999 0.317719646875 0.6162219531249999 0.3829741296875 0.614954875 0.3912101328125 0.6250914953125 0.39406105625 0.7779854953124999 0.346862425
0 0.723078809375 0.400079675 0.7458862015625 0.4064150609375 0.8088177109375 0.509681865625 0.820643765625 0.506830940625 0.826134434375 0.49986201562500004 0.758979334375 0.37695551250000003 0.74842035625 0.3728375109375 0.57905435 0.43112306875 0.573986040625 0.43904230312500003 0.579476709375 0.44664476718749996 0.723078809375 0.400079675
0 0.8007928874999999 0.43935907187499995 0.8143083796875 0.4384087640625 0.8214884843749999 0.428905684375 0.7788302140625001 0.346862425 0.596371075 0.4026138296875 0.5984828703125 0.4146510640625 0.7463085609375 0.37347104999999997 0.77038303125 0.37663874375 0.8007928874999999 0.43935907187499995
0 0.6943583890625 0.47166954531250005 0.703650290625 0.471352775 0.7467309203125 0.5191849453125 0.7602464125 0.5176010984375 0.7665817984375 0.512849559375 0.70322793125 0.45234661562499995 0.6690168421875 0.4653341578125 0.548222134375 0.5239364859375 0.548222134375 0.5315389500000001 0.5575140359375 0.5343898734375 0.6943583890625 0.47166954531250005
0 0.5609053421875 0.4655337390625 0.5655058265624999 0.47269988124999995 0.61823446875 0.4642066765625 0.6989199046875 0.43235716249999995 0.722276215625 0.43819623906249994 0.761557284375 0.4859705109375 0.7700504890625 0.48862463749999996 0.7813747609374999 0.481989321875 0.780313109375 0.47349611875 0.7282922359375 0.42651808437499994 0.7127213625000001 0.4238639578125 0.688657284375 0.42625267187500004 0.6656548578125 0.43819623906249994 0.6391135953125 0.44244284218749996 0.6189422359375001 0.44509696718749997 0.58178446875 0.45465182187500003 0.5757684484375 0.4623487875 0.5708140796875 0.46659539062500005 0.5609053421875 0.4655337390625
0 0 0.797465503125 0.03476543125 0.77620510625 0.0599035125 0.7802165015625 0.1786408296875 0.859642140625 0.182919653125 0.8456022546874999 0.0374396953125 0.7537412890625 0 0.7754028265625 0 0.797465503125
0 0 0.6999885828125 0.036369989062500004 0.6823384421875 0.063112628125 0.6847452796875 0.1743620078125 0.7770073843749999 0.17917568281250001 0.7665777546875 0.0566943953125 0.65385753125 0.000534853125 0.6783270453125 0 0.6999885828125
0 0.06739145156250001 0.654659809375 0.1310389328125 0.70921479375 0.148154221875 0.7031977 0.06043836406250001 0.6237720609374999 0.0010697046875 0.65385753125 0 0.67551906875 0.0465321921875 0.65145069375 0.06739145156250001 0.654659809375
0 0.084506740625 0.6285857359375 0.1444102515625 0.67311223125 0.1599209828125 0.6638860203125 0.06364748125 0.5912797546874999 0.0021394109375 0.6317948531249999 0.000534853125 0.650247275 0.0599035125 0.620964084375 0.084506740625 0.6285857359375
0 0.040113959375 0.5583863078125 0.097878059375 0.6117378734375001 0.1160630546875 0.6201618046874999 0.1251555515625 0.607726478125 0.055624689062499996 0.539532746875 0.034230578125 0.5295042578125 0.0016045578125000002 0.5439452828125 0 0.5644034015625 0.0181849953125 0.55557833125 0.040113959375 0.5583863078125
0 0.0647171875 0.4825709265625 0.12462069843750001 0.5455498421875 0.1417359875 0.53391679375 0.059368659375 0.444462665625 0.0016045578125000002 0.464920784375 0 0.48818687968749996 0.035300284375000004 0.47334471562499997 0.0647171875 0.4825709265625