0 0.5413287265625 0.520392234375 0.5569167187499999 0.5030589765625 0.5550259140625 0.48944659062499996 0.41266124218750005 0.34660449375 0.3079353921875 0.24594506875 0.225197340625 0.38765474843750003 0.140531759375 0.5464982109375 0.14576890468749998 0.56146070625 0.16753991562499998 0.5714125359375 0.1747837296875 0.5739457296875 0.28393260625 0.377735528125 0.30999015625 0.33516324218750004 0.336326578125 0.331122253125 0.3646338890625 0.3564309375 0.5337702531249999 0.5211067109374999 0.5413287265625 0.520392234375
0 0.5927986046875 0.7152108421875 0.5476013015625 0.673742646875 0.4271282390625 0.5699747078125 0.35641883750000003 0.5047149578125001 0.3096972734375 0.5921653890624999 0.2268810328125 0.7402033890624999 0.20381654531249999 0.7960540171875 0.21586413593749998 0.8097406515625 0.23346163749999999 0.8130765046875 0.3545761265625 0.59275004375 0.3774870703125 0.5826544625000001 0.3917777984375 0.586992446875 0.47236889687500005 0.6579263625 0.573628746875 0.7391461500000001 0.59012304375 0.731783240625 0.5927986046875 0.7152108421875
0 0.5748035140625001 0.6662869640625 0.5812587828125 0.6548737296875 0.5821631953125 0.6427784765625 0.46838281718749997 0.5417107578125 0.3410587921875 0.4258336359375 0.29165977656250003 0.507790859375 0.1821576140625 0.7159292921875 0.188851246875 0.7296623125 0.1961346296875 0.7345477515625001 0.214125928125 0.7393404140625 0.25840745625 0.6605102265625 0.3433886453125 0.509451896875 0.3682290125 0.504288140625 0.39122098906249997 0.52096265 0.562915146875 0.6730421015625 0.5748035140625001 0.6662869640625
0 0.5632618015624999 0.5838842453125 0.56404750625 0.564732265625 0.5174323390625 0.515812978125 0.3242413125 0.337148984375 0.315581528125 0.3492303078125 0.1664810140625 0.6182300328125 0.1604591125 0.6334523234375 0.17152315468749998 0.654529728125 0.1935692546875 0.6588816453125 0.3100391921875 0.4478435171875 0.3269649625 0.42222405781249994 0.3470025015625 0.416939665625 0.3627892875 0.42240041875 0.44597964531249995 0.5051558609375 0.5451141171875 0.5917482203125 0.5632618015624999 0.5838842453125
0 0.1957737703125 0.65821355625 0.1728223125 0.654924090625 0.1584910671875 0.6372010609375 0.16695395156249998 0.62439133125 0.031640925 0.5385180390625 0.014598340625000001 0.579146378125 0.0285781984375 0.6308632484375 0.041803395312500005 0.6047891078125 0.06329742187500001 0.5982752437500001 0.194909875 0.6836938546875 0.2088435328125 0.6558288578125 0.20152058125 0.648591178125 0.1957737703125 0.65821355625
0 0.163371140625 0.6199605734375 0.18407567656249998 0.5884674765625 0.008364328125 0.47919201562499997 0.0097974453125 0.56129524375 0.0104634546875 0.563849840625 0.0179804640625 0.5387175171874999 0.0360499578125 0.5371818609375001 0.163371140625 0.6199605734375
0 0.9622170046875 0.656846159375 0.765835071875 0.4531426140625 0.610396103125 0.7185466953125 0.6109877499999999 0.7317647171874999 0.620082796875 0.7455580562499999 0.6383887546875 0.74710305 0.7616691390625 0.5347890640624999 0.7788718953125 0.5256352984375 0.7922176953125 0.528683490625 0.9460392640625 0.6830270031250001 0.960958365625 0.66983684375 0.9622170046875 0.656846159375
0 0.9362705921875 0.618212746875 0.945049084375 0.61318815 0.9535515390624999 0.6027306640625001 0.9527629937500001 0.5887842328125 0.7619705406249999 0.3770821453125 0.7497279453125001 0.38473270937500004 0.7146563859375 0.44028175 0.6473084796874999 0.552896959375 0.59369733125 0.63691876875 0.596297540625 0.6597730984375 0.6054707796875001 0.66723811875 0.6208241953125 0.6688898171875 0.6590838203125 0.60528191875 0.7491438765625 0.459777115625 0.764102546875 0.44893919687499995 0.7803613234375 0.4495284421875 0.7931965109375 0.466128703125 0.9362705921875 0.618212746875
0 0.9435464 0.5348357578125 0.945907296875 0.52151103125 0.7679867609375 0.295663034375 0.7564121078125 0.28813769843750003 0.687331678125 0.396549490625 0.617228125 0.5099998125 0.588099328125 0.54562208125 0.586092659375 0.5580513781249999 0.5978651593750001 0.5773379249999999 0.6156595609375 0.5814021828125 0.7395315890624999 0.38230621875000004 0.7613788968749999 0.3638641234375 0.7752758265625 0.36674529218749996 0.9169348828125001 0.5444766578125 0.9306349140625001 0.5466294234375 0.9435464 0.5348357578125
0 0.9393285859375 0.470703521875 0.9451535890624999 0.4547528265625 0.7540426874999999 0.2021671953125 0.6766557515625 0.310732078125 0.5775025453125 0.46450915000000004 0.576047003125 0.476771428125 0.587819503125 0.4960579765625 0.606165034375 0.4999552109375 0.7384613234375 0.296730078125 0.751136340625 0.281855765625 0.7712925859374999 0.2836281 0.78278905 0.29748175625 0.9255899328125 0.47723131875 0.9393285859375 0.470703521875
0 0.0074634765625 0.42758231718750006 0.0082222609375 0.4710529859375 0.011113399999999999 0.4705490140625 0.13847848125 0.5527260468749999 0.151148321875 0.522415025 0.0074634765625 0.42758231718750006