0 0 0.28150034218750003 0.021655762500000002 0.297749584375 0.0246603296875 0.293394346875 0 0.2740458546875 0 0.28150034218750003
0 0 0.2722358796875 0.025382273437500002 0.2922728296875 0.0273766734375 0.28761322031250003 0 0.2656920859375 0 0.2722358796875
0 0 0.2646693875 0.0281191078125 0.286928290625 0.0294673734375 0.282647875 0 0.2592304171875 0 0.2646693875
0 0 0.25824447500000003 0.028615659375 0.2810043765625 0.032066925 0.2767359125 0 0.2503921984375 0 0.25824447500000003
0 0 0.29220622500000004 0.002256178125 0.2922869796875 0.0200247171875 0.3054358828125 0.022411165625 0.2996988265625 0 0.2828934234375 0 0.29220622500000004
0 0 0.3024021296875 0.0025143453125 0.3025032421875 0.010450934375 0.306568384375 0.0174593265625 0.312075478125 0.0194059078125 0.30639718125000004 0.0023039875 0.2933056671875 0 0.29343362968750003 0 0.3024021296875
0 0 0.314547415625 0.00123984375 0.313070690625 0.0062019234375000004 0.3127006953125 0.014667160937500002 0.3185989296875 0.017630759375 0.313370528125 0.0045825015625 0.3041306734375 0.002032815625 0.3040319640625 0 0.30422405 0 0.314547415625
0 0 0.3272615 0.0022056046875 0.32421750781249997 0.006356959375 0.3230771828125 0.0119091578125 0.3258500171875 0.01476278125 0.3206363046875 0.013498540625 0.31963368281250004 0.008221578125 0.3156525703125 0.00530785625 0.3148702875 0.002448765625 0.315252228125 0 0.3161106484375 0 0.3272615
0 0 0.33487495312500004 0.002717184375 0.33747515781250004 0.00455995 0.334300190625 0.007694285937500001 0.3327099671875 0.0116113578125 0.3336510875 0.012031415625 0.3308126203125 0.012609929687499999 0.3266350390625 0.0087891625 0.32538817343750004 0.0063084578124999995 0.3244016078125 0.0023975359375 0.325949134375 0 0.330760775 0 0.33487495312500004
0 0.0587459125 0.4471099921875 0.1637170140625 0.2488877390625 0.1802677921875 0.2438098453125 0.3481423421875 0.381931071875 0.36002303593749996 0.3581253609375 0.17893398124999998 0.203851190625 0.144488559375 0.20845269375000003 0.041158889062499995 0.43010772656249996 0.0587459125 0.4471099921875
0 0.091015096875 0.52307288125 0.18703044375 0.35328269843750004 0.20509556875 0.34585231250000004 0.3529293171875 0.4608484875 0.3636299953125 0.4465179015625 0.1996901 0.3114546984375 0.17483215000000002 0.3126252328125 0.0740783765625 0.5090301828125 0.091015096875 0.52307288125
0 0.13674134843750002 0.3548631453125 0.097074721875 0.424530421875 0.09728245937499999 0.4265743046875 0.09914315625 0.42810140468749996 0.1389339984375 0.361081046875 0.14148278281249999 0.360592590625 0.14634361093749998 0.36171891875 0.148483815625 0.3572897625 0.1457066 0.3552931953125 0.141471046875 0.353195503125 0.13674134843750002 0.3548631453125
0 0.1400224015625 0.3437707765625 0.13527888906250002 0.3451443171875 0.0943115625 0.41466270937500005 0.0955073640625 0.417341146875 0.0985351203125 0.41752857656250003 0.1348385609375 0.354821396875 0.138054734375 0.351876203125 0.1429645734375 0.35166422656249996 0.14839409374999998 0.355378096875 0.1518746046875 0.35091787343749997 0.142703003125 0.3437086234375 0.1400224015625 0.3437707765625
0 0.1536081140625 0.079656665625 0.1362851390625 0.0798206234375 0.1107185125 0.08896985625 0.0137403296875 0.33056158125 0.023491607812500002 0.3421600265625 0.0344898078125 0.345707896875 0.129542484375 0.1323258484375 0.14222546875 0.125614453125 0.1594816296875 0.12402595937500001 0.3357301203125 0.2674790953125 0.348750771875 0.25642223125 0.35063955468749997 0.23896842187499998 0.1536081140625 0.079656665625
0 0.13559311406250002 0.14585214062500002 0.1418109296875 0.1629397625 0.3275065015625 0.3230490765625 0.356469584375 0.3170297875 0.480117496875 0.08979354218749999 0.48348381875 0.0807430953125 0.46707356093749997 0.065733821875 0.345986165625 0.2782933984375 0.3372043203125 0.2873506125 0.3279544703125 0.2864360890625 0.14575559375 0.13159343750000002 0.13559311406250002 0.14585214062500002
0 0.1680197671875 0.2788452078125 0.1791851109375 0.28595439375 0.3381139625 0.41810339687500003 0.3664719453125 0.410731459375 0.48449374531249995 0.21363269218749997 0.47925208125 0.19426450625 0.468320740625 0.19214115625 0.3521174859375 0.3818297125 0.340310278125 0.3841237265625 0.1753274171875 0.24991656406249999 0.16358372968749998 0.265103225 0.1680197671875 0.2788452078125
0 0.37792470625 0.4701234625 0.364870625 0.4804680796875 0.348319846875 0.48554597343749994 0.20475832968750002 0.3692623359375 0.19732373281249999 0.3724057046875 0.1838651265625 0.385671265625 0.34965699375 0.5140365171875 0.3583352171875 0.514310659375 0.3785866046875 0.5073049562499999 0.49515761875 0.32545129375 0.48971195781250004 0.3132776671875 0.47979024218750005 0.3095859921875 0.37792470625 0.4701234625
0 0.2162144734375 0.41718623906249996 0.198991784375 0.4194869859375 0.100011215625 0.606874746875 0.11776881406249999 0.61597028125 0.203250665625 0.46407196875 0.21247042343749997 0.45280609062500005 0.23134117656250003 0.4510019234375 0.3691227890625 0.5479893484375 0.384129128125 0.5330835171875 0.3623032546875 0.5180809640625 0.34992442343749997 0.51973463125 0.2162144734375 0.41718623906249996
0 0.21783240625000003 0.5208957859375001 0.125955578125 0.686549434375 0.142299065625 0.700134203125 0.23255792187500002 0.546164346875 0.24806573437499999 0.5419424921875 0.386118115625 0.6331598796875 0.39318504375 0.622181621875 0.37438782187499997 0.6024740609375 0.3673910890625 0.6034087421875001 0.237579025 0.5146742234375 0.21783240625000003 0.5208957859375001
0 0.37097467968750003 0.656684740625 0.23900973906249998 0.5682377921875 0.228178684375 0.5682512390625 0.22181714062500002 0.5827189390624999 0.3727497359375 0.6829665890625 0.40265549843750004 0.6739544359375 0.505864809375 0.5189712328125 0.501428771875 0.5052292796875 0.488444840625 0.5055302968750001 0.386616165625 0.6553119921875 0.37097467968750003 0.656684740625
0 0.368073059375 0.571781621875 0.2304586359375 0.4783555375 0.2232613765625 0.47501661874999995 0.21478367656250003 0.47901604375 0.2143424296875 0.4926928640625 0.36719051875000003 0.5991352062499999 0.3902666921875 0.5946190796875 0.502799475 0.41903868906249997 0.48605141874999996 0.408374896875 0.3831095328125 0.5690561562500001 0.368073059375 0.571781621875
0 0.15142983906250002 0.7892619078124999 0.23936538437500002 0.643486453125 0.2550402953125 0.6428258921875 0.38317425156249996 0.7188834843749999 0.398885975 0.7074671265625 0.2602619703125 0.6156093921875 0.22578312031249997 0.619498646875 0.13464839687500002 0.7778858671875 0.15142983906250002 0.7892619078124999
0 0.1612278609375 0.8710935843750001 0.2558225125 0.728728878125 0.2687061125 0.7262910687499999 0.3934102265625 0.7985064609375 0.4040106203125 0.7820390765624999 0.26905045625 0.699009353125 0.24506499218750002 0.7072306562499999 0.149644065625 0.8577209359375001 0.1612278609375 0.8710935843750001
0 0.405301025 0.7402964187500001 0.5087443390625 0.5902991171874999 0.49963158593749996 0.580765534375 0.3952488875 0.7222875828124999 0.3834416796875 0.7245815999999999 0.2502298671875 0.6441852796875 0.2469811515625 0.6580720578125 0.383435003125 0.7475178203125 0.405301025 0.7402964187500001
0 0.4185990828125 0.8159267218749999 0.51719849375 0.666576478125 0.5015269171875001 0.6557688828125 0.40491319531250003 0.8012701859375 0.39310603125 0.8035641968749999 0.2623478640625 0.7292906515625 0.2590752015625 0.744460409375 0.390107428125 0.8204495515625 0.4185990828125 0.8159267218749999
0 0.26092040625 0.7796523625 0.17268404531249998 0.9190174499999999 0.1737604390625 0.9188736578125001 0.1860356515625 0.9265513796875 0.266362684375 0.8032941203125 0.2773307921875 0.7946616171875001 0.3960510921875 0.8547752718750001 0.4081925421875 0.8596038984375 0.41179624375 0.84407113125 0.2871255578125 0.7725680171875 0.26092040625 0.7796523625
0 0.5098156515625 0.7411499781249999 0.41523882187499994 0.8717438953125001 0.40505956875000004 0.8747592718750001 0.2866283609375 0.810285015625 0.277634378125 0.8119004140625 0.2700573625 0.81705153125 0.27178317500000004 0.8271683078125 0.3974593703125 0.8927441999999999 0.40779308125 0.8930193031250001 0.42166336875 0.88868303125 0.5201647625 0.7550815171874999 0.522460059375 0.744013659375 0.5098156515625 0.7411499781249999
0 0.40048822812499996 0.8973062953125 0.2805223234375 0.8334509406249999 0.2707503875 0.8384813984375 0.1892041796875 0.9660357968750001 0.18982962187500002 0.966837109375 0.19447041874999998 0.9724255515625 0.20000501874999999 0.97706679375 0.2843233515625 0.8544656249999999 0.2926571109375 0.85211065 0.4132852171875 0.9100830171875 0.42203015 0.896498015625 0.4140670234375 0.8934228624999999 0.40048822812499996 0.8973062953125
0 0.42670294062499997 0.94171545 0.3062698546875 0.8812336625 0.28511404218749997 0.89026821875 0.217653584375 0.9879648046874999 0.2355702765625 0.987130321875 0.2955790015625 0.9066676140625001 0.30575828125000004 0.9036522265625001 0.4156858703125 0.9535345312500001 0.42670294062499997 0.94171545
0 0.4626829453125 0 0.3410259203125 0.212625325 0.36163715 0.23629123124999998 0.48923594843749996 0.0202279953125 0.5112824515625001 0.0184781375 0.6495711421875 0.17451829375 0.6629846781250001 0.152406296875 0.539206075 0 0.4626829453125 0
0 0.37027279687500003 0.3433123359375 0.4936039015625 0.1421628140625 0.5062258125 0.141671946875 0.6401994125 0.282749675 0.6526317625 0.25897574687499997 0.51602673125 0.10032010625000001 0.480739540625 0.10861994531250001 0.3583283046875 0.32936910625000004 0.37027279687500003 0.3433123359375
0 0.38361599218750003 0.519989078125 0.3826319875 0.5278899671875 0.39440926875 0.53826966875 0.5012103625 0.36980852343750004 0.5195550203125 0.366162621875 0.6390641890625 0.47809475468749996 0.6535146984375 0.45883248437499996 0.5210798125 0.33129519375 0.4947963140625 0.3389899203125 0.38361599218750003 0.519989078125
0 0.531541309375 0.42910762968749994 0.504555334375 0.44107970781250005 0.3914379359375 0.6115124359374999 0.3927311109375 0.61798135 0.4060526734375 0.6227758859375 0.50693025625 0.4724379296875 0.5188803515625 0.46725562500000006 0.5332416703125 0.46533712187500004 0.6385066625 0.5624379390625001 0.6486615687499999 0.5574955 0.6538268546875 0.542461828125 0.531541309375 0.42910762968749994
0 0.4026963390625 0.68258486875 0.401861128125 0.6888242578125 0.4127965234375 0.7005117234375 0.520882678125 0.5498084453125001 0.5317930203125 0.5513392046875001 0.6393883921875 0.640359225 0.6547922078124999 0.6221649 0.5356453734375 0.5179537984375 0.5102594703125 0.5255286296875 0.4026963390625 0.68258486875
0 0.5136323171875 0.5973937265625 0.4088086859375 0.7478935156250001 0.4103407296875 0.7540306718750001 0.4218391890625 0.75847114375 0.5198791171875 0.6246487968750001 0.53227799375 0.6194065656250001 0.638641309375 0.70141935 0.64891049375 0.6892898171875 0.5541572484375 0.6140931390625 0.5382879125 0.5935023968750001 0.5136323171875 0.5973937265625
0 0.4211478546875 0.820719090625 0.421426603125 0.8266584078125 0.4298671921875 0.8333002578125001 0.5253816171875 0.7034012 0.536573490625 0.7013084609375 0.6409771890625 0.7704347953124999 0.6507140046875 0.7565833765625001 0.5420788812499999 0.6742763953125 0.5140838125 0.6839927109375 0.4211478546875 0.820719090625
0 0.4309627609375 0.8832135484375 0.43666278125 0.8879741531249999 0.5205647875 0.7752981515624999 0.5305611734375 0.76602480625 0.5408795 0.7636110109375001 0.639355853125 0.82810958125 0.649159075 0.8147204984374999 0.5449682140625 0.739596103125 0.5279920671875 0.74462493125 0.4309627609375 0.8832135484375
0 0.44386944531249994 0.9470637125 0.533181746875 0.8329747265625 0.5408762234375 0.8302211796875 0.6392093109375 0.8861106828124999 0.6489304421875 0.8765289796875001 0.5487703171875 0.809494328125 0.525768996875 0.813947540625 0.4351159625 0.937921009375 0.44386944531249994 0.9470637125
0 0.5263082359375 0.8532201078125 0.43936913593750004 0.9685533015625 0.449125159375 0.9756974984375001 0.530757496875 0.8702272875 0.542080284375 0.8669890546874999 0.60373265 0.9025843140625 0.6315276937500001 0.9002517187500001 0.5565951609375 0.8595279796874999 0.5555439921875001 0.853801225 0.5448232609375 0.8476405687499999 0.5263082359375 0.8532201078125
0 0.53343780625 0.9155241265624999 0.4895325203125 0.972562675 0.49313835937499995 0.97371225625 0.531264671875 0.92478774375 0.5365783640624999 0.9213168812499999 0.54325228125 0.919044803125 0.5600947875 0.9278389453125 0.5682947234375 0.9136286671875 0.5512107625 0.8996898703125 0.5308332671875 0.904482825 0.53343780625 0.9155241265624999
0 0.5478470859375 0 0.6739230421875 0.1593157703125 0.69573935625 0.16071905 0.7081344125 0.1583435953125 0.8110900265625001 0 0.78575463125 0 0.7057815984375 0.119798871875 0.684639896875 0.121183934375 0.5867546515625001 0 0.5478470859375 0
0 0.8194838062500001 0 0.679658278125 0.2077003625 0.6887647640625 0.2206589140625 0.8322863390625 0.02302244375 0.8497125499999999 0.023572959375 0.9434556734375 0.167205703125 0.9579148828124999 0.150881915625 0.8729606703125 0 0.8194838062500001 0
0 0.5425952859375001 0.1185710609375 0.6732147390625001 0.27166982968750003 0.7063152203125 0.258612659375 0.8481518484375 0.048248271875 0.8302892703125 0.038401075 0.6977799609375 0.2273703328125 0.6774807328125 0.2351193484375 0.554762125 0.088161265625 0.544897753125 0.0981143671875 0.542494596875 0.11642569843749999 0.5425952859375001 0.1185710609375
0 0.8174376999999999 0.10056528125 0.7321256296875001 0.229258653125 0.6760294390625 0.302368853125 0.6884995734375 0.3192811375 0.8045895234374999 0.15121526093749998 0.821918440625 0.1381061453125 0.8361024390624999 0.139089765625 0.9212398296875 0.2615642125 0.9401563062499999 0.2475233640625 0.8463124953125 0.101745228125 0.8373979890625 0.09717922812499999 0.8174376999999999 0.10056528125
0 0.539457009375 0.225492834375 0.663867228125 0.3621504109375 0.69139275 0.35775367343750003 0.8282619515625 0.15740783593750002 0.817289996875 0.1437616984375 0.800769990625 0.16251965468750001 0.687821565625 0.3280070765625 0.6704960437499999 0.3296019671875 0.548750809375 0.203382559375 0.5393261328125 0.2111180796875 0.539457009375 0.225492834375
0 0.3739548234375 0.41944505000000004 0.36969559531249996 0.43296702187499997 0.38796427968749997 0.4398815015625 0.4958848578125 0.25995390937499996 0.5109146375 0.255787265625 0.636982896875 0.3814291703125 0.6512407234375 0.360814571875 0.5200439734375 0.2185871296875 0.4907630671875 0.22033986875 0.3739548234375 0.41944505000000004
0 0.546738896875 0.34038285625000003 0.662644109375 0.4580274609375 0.6896627921875 0.45441808437500003 0.8214605296874999 0.2734596125 0.8113008359375 0.253948078125 0.682037134375 0.43096995937499993 0.674337690625 0.42912007812499997 0.5519479890625 0.3123417375 0.5416439453125 0.324512415625 0.53941195625 0.3348851515625 0.546738896875 0.34038285625000003
0 0.670058328125 0.395869996875 0.671474728125 0.40287693124999996 0.6815370828125 0.40872881093749996 0.8015774640625001 0.24373321875 0.8157279015625001 0.24400172968749997 0.9013754796875 0.3541745796875 0.9202583546875 0.339418684375 0.8270187218749999 0.2065128296875 0.7959455234374999 0.21642074218750001 0.670058328125 0.395869996875
0 0.671643425 0.49035124375 0.6831312671875 0.5006261453125 0.7924951046875 0.3514490375 0.80235943125 0.3414959453125 0.8153284109375001 0.33976344062499997 0.898445309375 0.44235866250000005 0.9156064109375001 0.42567390625 0.8218901484375 0.305784740625 0.796660365625 0.31275323125 0.671643425 0.49035124375
0 0.668628446875 0.550777571875 0.6927438968749999 0.5432383203125 0.82315545 0.367502346875 0.80451421875 0.3642356640625 0.6931231890625 0.5165620171875 0.6813691859375 0.5210106484375 0.666003728125 0.5180260156250001 0.564141584375 0.4215330546875 0.5548479921875 0.44089900000000004 0.668628446875 0.550777571875
0 0.69611030625 0.580208390625 0.8106764671875 0.42601869062500003 0.8259747515625 0.4275730796875 0.9021036890625 0.520307603125 0.92422881875 0.5051185499999999 0.8336843359375001 0.394880228125 0.8073066593749999 0.40056281718750003 0.6869944218749999 0.5713516109375 0.69611030625 0.580208390625
0 0.6648255890625 0.6203683125 0.68313123125 0.6164836499999999 0.8123244109375 0.4495457140625 0.80202706875 0.4386879203125 0.697731434375 0.579991828125 0.6850980859375 0.5888756125 0.6766534203125001 0.594321403125 0.5605032343749999 0.506213621875 0.55472356875 0.5220975484375 0.6648255890625 0.6203683125
0 0.6763665078125001 0.7090698421875 0.8079364078125 0.5494229859375 0.8029112406250001 0.53189306875 0.7958627609375 0.536373796875 0.688003890625 0.6721239640625 0.6802432671875 0.677710990625 0.667858390625 0.6743095875 0.566659028125 0.5937889609375 0.5573306546875 0.609481240625 0.6763665078125001 0.7090698421875
0 0.6802032015624999 0.652436875 0.78602226875 0.5139256453125001 0.7969145125 0.5099426203124999 0.8758813328124999 0.5888829734375001 0.8949138812499999 0.5792621812500001 0.81054218125 0.48284265781249996 0.7874772546875 0.487946209375 0.6712509437499999 0.6420159937500001 0.6802032015624999 0.652436875
0 0.6541716937500001 0.740853421875 0.675765146875 0.736957615625 0.7843833203125 0.6011060265625 0.7799500328125 0.5880473328125 0.7718097296875001 0.593685090625 0.6733975984375 0.7190726734374999 0.6628142625 0.7214976562500001 0.558006996875 0.6455037265625 0.550462796875 0.660880615625 0.6541716937500001 0.740853421875
0 0.6706078875 0.7654540234375 0.7644617625000001 0.648764771875 0.7774668734375 0.640960371875 0.8558677484375 0.7078421390625 0.8703207828125 0.6983275390625 0.7889816734374999 0.6176817640625 0.7729887796875 0.6188070515625 0.660201 0.7580997109375 0.6706078875 0.7654540234375
0 0.5516269671875 0.7296260796875 0.6512593375 0.80090205625 0.6742535203125 0.7942911796875001 0.7759175640625 0.664930034375 0.767284446875 0.6519268406250001 0.671055925 0.7750003484375 0.6608758531250001 0.777877059375 0.6500802890624999 0.775780115625 0.6388815218749999 0.7732313937499999 0.5552573515625 0.717159171875 0.5516269671875 0.7296260796875
0 0.5553210859375 0.797351384375 0.6564828953124999 0.8633593093749999 0.668917353125 0.8596758609374999 0.7744958703125 0.7323197375 0.7706309140625 0.723229853125 0.7641059546875 0.7225847359375 0.6709406671875 0.8376652046874999 0.662658878125 0.840288328125 0.6516723437499999 0.8422615999999999 0.56553438125 0.7814692890625 0.5553210859375 0.797351384375
0 0.6648213265625 0.829382078125 0.7597905734375 0.7120382703125 0.7695438 0.7082073859375 0.8469967281249999 0.7711710859375 0.8578441640625 0.7580934484374999 0.7803700421875 0.6865375671875 0.7596537953125 0.692844115625 0.659840934375 0.82094678125 0.6648213265625 0.829382078125
0 0.66817689375 0.8764592671875 0.7573309953125 0.7654537484375 0.7683646921875 0.764485353125 0.81440964375 0.8013094031250001 0.8341071375 0.7895774515625 0.7730456265625001 0.7421196906249999 0.766662153125 0.744489221875 0.6679670171875001 0.8638475375000001 0.655685015625 0.8705954640625 0.66817689375 0.8764592671875
0 0.637801740625 0.88860643125 0.561577396875 0.843679825 0.5570167390625 0.86046794375 0.5594857234374999 0.8560933937499999 0.6359953953125 0.898959553125 0.672963896875 0.8970545453125001 0.68805835625 0.8849262671875 0.7654382359375 0.791672534375 0.7622146765625 0.7799690390625 0.7554043890625 0.7813843890625 0.6673421078125 0.8912328374999999 0.6598196515625 0.8937545234375 0.64641601875 0.8849277171875001 0.637801740625 0.88860643125
0 0.3025209390625 0.9046709484375001 0.2975279859375 0.9180065640624999 0.29788782812500003 0.917649940625 0.412337375 0.9742746296875 0.4368062640625 0.9679764171875 0.522428828125 0.854638496875 0.518991490625 0.8523436249999999 0.44368747031250005 0.9505328765625001 0.435637365625 0.94307073125 0.42834513437500005 0.9517562265624999 0.42170028593750003 0.9564995640625 0.4169693828125 0.9576823640625 0.3025209390625 0.9046709484375001