0 0.34721334375 0.289357525 0.3371567765625 0.27933909375 0.177767203125 0.42938476562499994 0.1767165375 0.436123921875 0.18108627187499998 0.43912813437500003 0.318744528125 0.3136280484375 0.328744496875 0.310645240625 0.34116750156250003 0.3134130421875 0.3499607796875 0.32337990156249996 0.42832862812499994 0.471262615625 0.43933230312499993 0.4801893578125 0.44338313124999995 0.47300753906250004 0.34721334375 0.289357525
0 0.1791768796875 0.391575878125 0.182435884375 0.3999878375 0.322521990625 0.2730899828125 0.3328892109375 0.266165984375 0.34536329062500004 0.2638493359375 0.353419321875 0.2726557515625 0.4423214390625 0.44357532343750006 0.44695347500000004 0.44376440937500006 0.4514792296875 0.4405581359375 0.3440903875 0.232147821875 0.1791768796875 0.391575878125
0 0.351707390625 0.18215860156250002 0.24094129999999997 0.2912362109375 0.1765343484375 0.356427459375 0.1818525796875 0.36286141562499996 0.1816951859375 0.3645505015625 0.3362952890625 0.21600485156250002 0.3473486859375 0.2153257203125 0.3557195046875 0.220753965625 0.455470684375 0.41133219531250004 0.4609973625 0.41099264375000005 0.4657854421875 0.4049712171875 0.3780403296875 0.23070786718749997 0.351707390625 0.18215860156250002
0 0.36879840625 0.13029542656249998 0.1952545140625 0.2961532203125 0.196271928125 0.3036838671875 0.2226215875 0.2837063 0.33649414218749996 0.1775813765625 0.3528602640625 0.165250540625 0.3638611953125 0.165134453125 0.374653659375 0.1717918890625 0.47119209218749997 0.356022103125 0.47666630625 0.35624556875 0.4787165625 0.34785170781249997 0.36879840625 0.13029542656249998
0 0.31060234531250003 0.346572 0.30512948125 0.35086995 0.1470542890625 0.49588274062500004 0.1521463984375 0.5004204999999999 0.15305730312500002 0.5040401609375 0.285875015625 0.3851245234375 0.30082185 0.3789526296875 0.3109281390625 0.3793651859375 0.319931278125 0.3870799140625 0.40604036718750003 0.5471472421875 0.41256665937500003 0.5451529578125001 0.41561787812500006 0.53962581875 0.31060234531250003 0.346572
0 0.4505706546875 0.578687596875 0.591382425 0.45072286406249995 0.6018573171875 0.4517156546875 0.6125973171875 0.458936121875 0.683963909375 0.604837546875 0.6888044515625 0.5982531015625 0.6060075546875 0.4253220578125 0.600690696875 0.423409503125 0.4457744328125 0.5708119218750001 0.4505706546875 0.578687596875
0 0.45417251875 0.49919381406249996 0.592797103125 0.3784439515625 0.6054796890625 0.3693537703125 0.622113659375 0.3722934671875 0.694170559375 0.5380040187499999 0.7005919171875 0.537135825 0.7017999578125 0.5287075828125001 0.6167871453125 0.33873098281249997 0.45123996406250005 0.4913511375 0.45417251875 0.49919381406249996
0 0.46949855156250003 0.3952041140625 0.47388026562499996 0.40341264218750006 0.6100547671875 0.2794302046875 0.6275792484375 0.26827700625 0.639738534375 0.26933854375 0.6510584265625 0.27940853125 0.7207986140625 0.442763834375 0.7256391171875001 0.4361793890625 0.6387804218750001 0.234258871875 0.6280970203125 0.240039628125 0.46949855156250003 0.3952041140625
0 0.352805546875 0.22767144374999998 0.34838474062499997 0.22975165312499998 0.3464154359375 0.23299698593749998 0.4430316625 0.4252080546875 0.45598757812499996 0.44947409218749995 0.6239025828125 0.294124759375 0.6252155921875 0.2845704671875 0.61673984375 0.280268278125 0.48924033749999996 0.4056179109375 0.46418999687499995 0.420420078125 0.4471860296875 0.412378740625 0.352805546875 0.22767144374999998
0 0.424270078125 0.5222166859375 0.349745946875 0.378447040625 0.3376200359375 0.36141884062499996 0.3345312859375 0.369348396875 0.41664063906250004 0.5315131203125001 0.42859420468750004 0.5483910078124999 0.573514646875 0.41753568124999996 0.5763546171875 0.4097392203125 0.569774471875 0.407775096875 0.5128906609375 0.46027452343749997 0.43642936875 0.523278184375 0.424270078125 0.5222166859375
0 0.3667340109375 0.182529946875 0.3596789421875 0.1765902375 0.3564164734375 0.17984808125 0.355874728125 0.1859375359375 0.4609639578125 0.39153341406250003 0.46717685 0.3974387296875 0.6313006078125001 0.23741327499999998 0.6312453984374999 0.228933465625 0.6247177171875 0.226406321875 0.5111102703125 0.3387589515625 0.4724301984375 0.36374295624999997 0.46011212500000004 0.3598490921875 0.3667340109375 0.182529946875
0 0.3825617 0.13061521250000002 0.3775596484375 0.1253244875 0.3717706265625 0.12847919218749998 0.37196726875 0.13575989375 0.45146110000000006 0.29845754062499996 0.47210579218750004 0.3354712125 0.619707421875 0.19398708125 0.6243891828125 0.18457029375 0.6202292890625001 0.1793139453125 0.6118626015624999 0.1874499609375 0.485466246875 0.30549740625 0.471096565625 0.305475975 0.3825617 0.13061521250000002