0 0.1861766796875 0.3612166484375 0.07367837499999999 0.3073702640625 0.0211789 0.37187225625 0.0203336109375 0.444494146875 0.0820461953125 0.36391118906250003 0.12171024374999999 0.3682125921875 0.3249702578125 0.482293446875 0.34377232812499997 0.46953791875000006 0.341570659375 0.4519042890625 0.1861766796875 0.3612166484375
0 0.313136365625 0.6201416828124999 0.326508221875 0.608644878125 0.2288684984375 0.5189650328125001 0.1554903875 0.464447809375 0.022167440625 0.5440279640625 0.023239218750000002 0.5703312734375 0.140030196875 0.500270775 0.1653396875 0.4971031453125 0.18271278124999998 0.50372253125 0.313136365625 0.6201416828124999
0 0.3190391015625 0.5782868734375 0.323350103125 0.5697900734375 0.13913367031249999 0.42220457656250004 0.02081294375 0.510786221875 0.022029253125000002 0.5406366015625 0.11815926406249999 0.466503346875 0.1537328203125 0.4603567078125 0.30641585781249997 0.5771642828125 0.3190391015625 0.5782868734375
0 0.317267953125 0.523665696875 0.317404459375 0.5119379375 0.1138001015625 0.37574426875 0.02010785 0.46389005625 0.0198399421875 0.48690704531250006 0.0204333140625 0.5014694625 0.105490940625 0.4175570875 0.14098574375 0.41817646249999996 0.3022172796875 0.5243053843750001 0.317267953125 0.523665696875
0 0.33218393125 0.7413847421875001 0.1639820453125 0.5620463890625 0.02549233125 0.6256266203124999 0.026929571875000002 0.660899046875 0.13814753125 0.610320784375 0.15917751875 0.6129435484375 0.30369315 0.759385115625 0.33218393125 0.7413847421875001
0 0.29137659375 0.6802173218750001 0.30460144375 0.6813504125 0.3107592671875 0.6692765640625 0.154285003125 0.51631009375 0.023701935937499998 0.5816871531250001 0.0248303015625 0.6093792609375 0.12310953124999999 0.558175059375 0.1478331640625 0.553643728125 0.1759931796875 0.5640606171875 0.29137659375 0.6802173218750001
0 0.2908818046875 0.8778164484375001 0.29584691875 0.86481946875 0.132765478125 0.7108353859375 0.10623177343750001 0.7157862890625 0.030767390625000002 0.75508584375 0.032037940625 0.7862673890625 0.10941614531249999 0.7523857578125 0.14599340624999999 0.763400684375 0.270390421875 0.8806169921875 0.2908818046875 0.8778164484375001
0 0.3010167890625 0.8342308515625 0.3059609015625 0.8230381437500001 0.1518825625 0.6710157984375 0.1170156171875 0.6681515828125 0.0289407859375 0.7102577625000001 0.030348878125 0.7448148203125 0.10996217187499999 0.7054747203125 0.1423701859375 0.712807621875 0.27629315781249997 0.8387621812500001 0.3010167890625 0.8342308515625
0 0.31296709375 0.7897746156250001 0.145894915625 0.616772203125 0.0272556421875 0.66890135 0.028695459375 0.7042370078125 0.118862440625 0.664574534375 0.1554554515625 0.674236259375 0.28630213437499996 0.8060022109375 0.31296709375 0.7897746156250001
0 0.44158385000000006 0.079187303125 0.3474264984375 0.155594834375 0.35205559375 0.17146618593750002 0.3676606203125 0.174896603125 0.521849571875 0.058932275 0.5471118078125 0.0598242546875 0.690602734375 0.190908525 0.7020280140625 0.191559053125 0.7166765875000001 0.173768296875 0.538053125 0.010940981249999999 0.44158385000000006 0.079187303125
0 0.748150059375 0.2613912390625 0.753664275 0.252915434375 0.540389128125 0.0687301296875 0.5283779921875 0.0667159015625 0.46041 0.1160597140625 0.3157942546875 0.23670268593750002 0.3162908578125 0.2457345390625 0.331754125 0.2613437828125 0.3468310484375 0.25844875625 0.5108189671875001 0.1277671625 0.5355373515624999 0.1236868984375 0.5468838765624999 0.13110344062499998 0.7191416765625 0.2721640296875 0.7317544171875 0.2741887578125 0.748150059375 0.2613912390625
0 0.7203238890625 0.2739892984375 0.6035535015625 0.1735989640625 0.5343341359375 0.12366590156249999 0.47604960625 0.1682159375 0.36305343125 0.2605364703125 0.347840003125 0.27515925625 0.35674335 0.285691278125 0.3711714140625 0.2868453640625 0.5011910859375 0.17948247343749998 0.5278297937499999 0.16551021562499998 0.5518678171875 0.1681854703125 0.570370621875 0.1811407984375 0.7057225671875 0.2877204453125 0.7196225265625 0.2825490859375 0.7203238890625 0.2739892984375
0 0.7174532671875 0.3655245359375 0.739623465625 0.373581109375 0.7565839624999999 0.36395156093750003 0.7621559328124999 0.3505140125 0.5420688499999999 0.1829027359375 0.5324693921875 0.18047943125000002 0.4893352875 0.21581949374999998 0.4109509671875 0.28122327812500003 0.33126893281249997 0.354725284375 0.334726315625 0.3678692328125 0.352057409375 0.3780971609375 0.36414204843750003 0.37379644375 0.4419772609375 0.303871484375 0.5124461859375 0.2464504421875 0.5299925390625 0.238184596875 0.55703334375 0.24136340781249999 0.5892261000000001 0.2671900828125 0.7174532671875 0.3655245359375
0 0.669345721875 0.3628804359375 0.723650921875 0.40172542499999997 0.7418146343750001 0.39211687500000003 0.7407164234375 0.3830745265625 0.6631795671875 0.32397313906249997 0.559967875 0.24773084375 0.537545665625 0.2613255203125 0.4452298859375 0.33460707031250003 0.39837063437500003 0.3798076328125 0.4084614453125 0.39171385625 0.4216862953125 0.3928469453125 0.46181761562499996 0.3570033265625 0.502513790625 0.324327678125 0.536524040625 0.29740043437499997 0.5576537828125 0.2914529125 0.582858265625 0.2973066359375 0.60791574375 0.3157902515625 0.669345721875 0.3628804359375
0 0.7490326515625 0.5474416140625 0.566970634375 0.42154935781249997 0.5366225296875 0.44402891406249995 0.4795202109375 0.49040421562500003 0.40294596406250005 0.5553884265625 0.4112844546875 0.5627524796875 0.4263246265625 0.5630149265625 0.5381123359375 0.471124465625 0.5604925421875 0.461138334375 0.5863563859375 0.46204080937500003 0.6251720671875 0.48753189218750004 0.7278504046875 0.5578998109375 0.7417031125 0.5567880609375 0.7490326515625 0.5474416140625
0 0.741563528125 0.517083609375 0.5692217265624999 0.3832401015625 0.5614113374999999 0.3822014921875 0.46548591562499997 0.45542005625000004 0.39200895625 0.51278860625 0.39551884375 0.52142188125 0.41234808437500003 0.5230690250000001 0.5422522515625 0.4256296203125 0.5621682796874999 0.42056323906250004 0.5825546593750001 0.4267840484375 0.61061491875 0.445771221875 0.7203812843749999 0.52754180625 0.7372735265625 0.5237761375 0.741563528125 0.517083609375
0 0.738421159375 0.47687559999999996 0.5696837484375 0.34354614843750003 0.5612822515625 0.34159490625 0.5041956843750001 0.38661700625 0.3864024078125 0.47750035156250004 0.39534775624999996 0.484423834375 0.4091637125 0.48646955781249995 0.5427090234375 0.3863867359375 0.5614165859375 0.38175042656249997 0.5758289000000001 0.3842577125 0.5943422046875 0.3963109046875 0.7166058078125 0.49002970625 0.732891190625 0.486704609375 0.738421159375 0.47687559999999996
0 0.5841800640625 0.338836353125 0.6211436703125 0.3683555515625 0.7123547265625 0.441681484375 0.7285036078125 0.4500841453125 0.7399971390625 0.44487079375 0.738956684375 0.4308667 0.7067744296875 0.40413789062500005 0.6024277765625 0.32201071875 0.5749796234375 0.30213190624999997 0.5642032046875001 0.2974322671875 0.5010900671875 0.3432515234375 0.44524346406250004 0.3851371453125 0.3948323265625 0.4253129765625 0.3954391828125 0.4248724078125 0.39235239375000003 0.43158593281249996 0.392848996875 0.440617784375 0.4048286296875 0.4453384171875 0.4120794140625 0.44275798593750004 0.5092237984375 0.368207215625 0.5450441171875 0.340860396875 0.5631448265625 0.33666465625 0.5841800640625 0.338836353125
0 0.7836611625 0.6224871515625 0.7867742015625 0.6135182890624999 0.5754014578125 0.47267747031249996 0.38705000312500004 0.6286500078125 0.385762784375 0.63584609375 0.39708831093749997 0.6450669078125 0.410872765625 0.6498190328125 0.5602593609375 0.5328685875 0.5753992875 0.5245607484375 0.592233778125 0.5257568234375001 0.6274923203125 0.54667424375 0.761824809375 0.637445528125 0.7836611625 0.6224871515625
0 0.7565057578125 0.73254731875 0.7703532171874999 0.731886634375 0.7813133953125 0.72079890625 0.7838195781249999 0.712270609375 0.5796136140625 0.57606644375 0.39566241406249997 0.7158740296875 0.3949505515625 0.7253359515625 0.4026979359375 0.7317873734375 0.41525292656249996 0.738773840625 0.4225089625 0.7357423437499999 0.5639276625 0.6312853171875 0.5747985859375 0.6278657390625 0.5904718671875 0.625432278125 0.606040140625 0.63202016875 0.7565057578125 0.73254731875
0 0.7824820296875 0.672094096875 0.78441285625 0.6612999671875001 0.5747714296875001 0.5268055890625 0.5110724359375001 0.5712611437499999 0.39135883437499996 0.672036484375 0.390050615625 0.6810368421875 0.4019777453125 0.6902681515625 0.4103477390625 0.6949257984375 0.5469955890625 0.5867762484375 0.557327909375 0.5779333609374999 0.581428934375 0.5751958015625 0.6023959171875 0.5832313765625 0.75828125 0.683401940625 0.7824820296875 0.672094096875
0 0.7436305046875 0.753075975 0.744938721875 0.7440756171875 0.5838436890625001 0.6262189375 0.42125324375 0.740232025 0.4169422421875 0.7487288249999999 0.4211062375 0.7528619171875001 0.43073194687500005 0.753029884375 0.571391534375 0.6620943890625 0.5948541984375 0.6625038078125 0.60442740625 0.66718245 0.72854308125 0.7568731359374999 0.7357256109375 0.7601565828125 0.7436305046875 0.753075975
0 0.43830788906249996 0.9809975124999999 0.482821671875 0.9822145203125 0.587258715625 0.9014856796874999 0.6119403453125 0.900562890625 0.758129646875 0.9749484421875 0.7819669375 0.974116025 0.7862151468749999 0.9717289906250001 0.7893544375 0.9605047890625 0.5883590953125 0.8586447515625 0.43830788906249996 0.9809975124999999
0 0.4602671703125 0.9037813015625 0.4456238453125 0.921120990625 0.449154734375 0.9279499937500001 0.46230607968750004 0.9353980296875 0.5764109640624999 0.8512177109374999 0.6082803734375 0.8531273031250001 0.730769734375 0.9274501921875 0.747667228125 0.92323345625 0.7471863765625 0.9128484046875001 0.5804091234375 0.8179016921875 0.4602671703125 0.9037813015625
0 0.7407577109375 0.8964944921875 0.7438549984375 0.8888788312499999 0.597004271875 0.7879636031249999 0.5765023874999999 0.79166628125 0.4437161921875 0.878227571875 0.44002254687500003 0.88538166875 0.44414979218750006 0.8926722359375001 0.457327390625 0.897864934375 0.5713587687499999 0.8199995625 0.585849834375 0.8157408343749999 0.605075003125 0.81833210625 0.624221415625 0.827689390625 0.7286835734375 0.8998930749999999 0.7407577109375 0.8964944921875
0 0.527653921875 0.98299683125 0.5292562828125 0.982940875 0.5953031921874999 0.9341095203125 0.6266130000000001 0.9324000734375 0.711061696875 0.9765920906250001 0.758728534375 0.974927528125 0.6119350953125 0.9010139578125 0.5908578546875 0.902450803125 0.48943934687499996 0.982329996875 0.527653921875 0.98299683125
0 0.8873417265624999 0 0.7631241484375 0.2156342859375 0.774951525 0.2334358828125 0.8001402593750001 0.24064280937500002 0.911278203125 0.049485971875 0.9349088765625 0.0354612234375 0.9619864343750001 0.035482560937500005 1 0.049586946874999996 1 0.0079577453125 0.976225709375 0 0.8873417265624999 0
0 1 0.0647676078125 0.9444295796875 0.04465054375 0.930613625 0.0426048234375 0.843578878125 0.17914082343749999 0.7883317109375 0.27292022031249996 0.8031881234375 0.2889700359375 0.822397540625 0.29291450937499997 0.855519590625 0.238902209375 0.9394990468750001 0.10637332656250001 0.9636630765625 0.0982229578125 0.9924929515625 0.1027864640625 1 0.1058237890625 1 0.0647676078125
0 1 0.11533379375 0.9600166859374999 0.10131744375 0.9057386421875 0.1635326015625 0.826650790625 0.28937945468750004 0.8289679640625 0.29708959375 0.8391270265624999 0.3031319375 0.8512011656249999 0.2997333546875 0.9356404749999999 0.1793937984375 0.9491278375000001 0.157973503125 0.97217265625 0.14258505625 0.9962736812499999 0.1398474984375 1 0.14131587343750002 1 0.11533379375
0 1 0.8464287140625 0.9593584249999999 0.829928171875 0.795291753125 0.9673757828125 0.796793465625 0.973598271875 0.8454040671874999 0.9719007515625 0.9606224703124999 0.8764196343749999 0.982913421875 0.8741016515625001 1 0.8822723453125001 1 0.8464287140625
0 1 0.81376680625 0.9640054421875 0.7925630421875 0.896691559375 0.837406678125 0.8194579515625 0.9073421359375 0.8146030953125001 0.9108666921875 0.8211367671875 0.9181992515624999 0.8361664359375001 0.9193638359375 0.9611894968750001 0.827704328125 0.990035121875 0.8309146328124999 1 0.837214625 1 0.81376680625
0 1 0.8832205625 0.9816997093750001 0.874982790625 0.9582002921875 0.8777308453125 0.8449455015625 0.9719167656250001 0.8885473875000001 0.9703941531250001 0.95417588125 0.9133022015625001 0.9921453640625 0.9080996906250001 1 0.91183645625 1 0.8832205625
0 1 0.9229284968749999 0.974086659375 0.9086868890625001 0.90107884375 0.9699565453125001 0.9467104093750001 0.96836305625 0.9669439593750001 0.9536781765625 0.9976626578125 0.9510560968749999 1 0.9521296859374999 1 0.9229284968749999