0 0.3214463625 0.1965045515625 0.32989061875000003 0.1907036453125 0.3309332234375 0.1835248703125 0.20260592187499998 0.0938161546875 0.189533771875 0.0880151703125 0.17400139375 0.0882871734375 0.1575404640625 0.0942284671875 0.038779709375 0.203221515625 0.0422103734375 0.21006248125 0.0510296484375 0.2125461328125 0.057042176562500005 0.2124408421875 0.16262888749999999 0.11298279375 0.173822884375 0.11052555312500001 0.1868215125 0.11067479375 0.1965859 0.1138956203125 0.311539509375 0.1951705546875 0.3214463625 0.1965045515625
0 0.3186786734375 0.2662737296875 0.32676438124999996 0.2585947703125 0.1983470375 0.156827825 0.1829572171875 0.15521298125 0.17087515625 0.15617830625 0.1610987828125 0.159741328125 0.039427928125 0.264225971875 0.0376214890625 0.2708187375 0.0418173625 0.2748908046875 0.050665139062499996 0.27699707500000004 0.1726152859375 0.17951368437499998 0.183251221875 0.17781995781249998 0.19162648437500002 0.1795576421875 0.3012561109375 0.2650713796875 0.3099328734375 0.269441859375 0.3186786734375 0.2662737296875
0 0.306850590625 0.33012587031249996 0.311416990625 0.3292921625 0.321808434375 0.3242108984375 0.32223596875 0.3185503796875 0.2012367953125 0.224567775 0.1826981515625 0.224892421875 0.169642521875 0.22549791562500002 0.05672315 0.31603950468750003 0.049012651562499995 0.326203853125 0.05201872656249999 0.331950375 0.055827546875 0.33452176875 0.06428832031250001 0.33512732968750003 0.161349803125 0.25579264375 0.1714397015625 0.24807856875 0.18216114218749999 0.24525273906249997 0.19362813437499998 0.24580565468749999 0.19997070781249998 0.247955796875 0.306850590625 0.33012587031249996
0 0.3141312453125 0.3861059828125 0.32299100625 0.3814284078125 0.32533722656249997 0.3768648953125 0.1992135890625 0.284479515625 0.16953799687499999 0.2865066625 0.053384340625000005 0.3801198453125 0.0496608703125 0.387208309375 0.052916275 0.3929415734375 0.05716915 0.3962589171875 0.065686928125 0.396109753125 0.16400700625 0.3133612078125 0.17295231875 0.307551528125 0.1856209015625 0.305445325 0.1975034453125 0.3071215890625 0.308591228125 0.3865798796875 0.3141312453125 0.3861059828125
0 0.1932565921875 0.36334939374999997 0.3133511828125 0.44943359687499995 0.326174303125 0.4386567375 0.2877844234375 0.41031009999999996 0.1992766125 0.3432699375 0.1722202359375 0.343743746875 0.0509500015625 0.43972712343750003 0.050873128125 0.44649273125000005 0.056987682812499996 0.45166180312500004 0.0650043578125 0.451521415625 0.1581595296875 0.3775312875 0.1574709828125 0.3733978 0.1674468265625 0.3671931921875 0.1771091890625 0.365139653125 0.1868570578125 0.3619539921875 0.1932565921875 0.36334939374999997
0 0.30866325 0.4982514671875 0.308561225 0.4929770859375 0.185386890625 0.40129378281249994 0.1549086984375 0.40069690781249995 0.0333152015625 0.49427221718750003 0.03111334375 0.5027350375 0.0371708953125 0.508658853125 0.0466622421875 0.508869503125 0.15673438125 0.4229002015625 0.16598119375 0.4197233140625 0.175859546875 0.4214346765625 0.2945650140625 0.5060357359375 0.304113321875 0.5054916453125 0.30866325 0.4982514671875
0 0.3013525921875 0.5486685578125 0.1790093171875 0.45923191562500004 0.14747204687499998 0.45940733125 0.0329190140625 0.5450782421875 0.0225155890625 0.55694335 0.02651194375 0.5636570046875 0.03468769375 0.56803625625 0.15442214999999998 0.480013396875 0.1646425765625 0.4771963421875 0.1739343625 0.48004856562500003 0.286154746875 0.564386328125 0.2933974125 0.5612445375 0.300281484375 0.556224696875 0.3013525921875 0.5486685578125
0 0.300950525 0.613616725 0.30040449062499996 0.6075963953125 0.18012236718750002 0.5173699125 0.14955871406250001 0.5179051421875001 0.0328304765625 0.6058753546875 0.025888771875 0.612479153125 0.028883634375 0.6183811421875001 0.034081574999999996 0.622435678125 0.041568732812499995 0.622681428125 0.154504625 0.5385463078125 0.160602659375 0.5373089125 0.1705950671875 0.5375108046875 0.28899899375000004 0.6194790515624999 0.2930358328125 0.619031496875 0.300950525 0.613616725
0 0.3014125859375 0.66712399375 0.3018686234375 0.6610861140625001 0.277426971875 0.6468162515625 0.1715941359375 0.5706577562499999 0.1505217875 0.5714036359375 0.0328679921875 0.6592487125 0.0316064046875 0.6684570015625 0.037720910937500005 0.67362609375 0.0457091296875 0.6738630671875 0.15549624374999998 0.5916674359375 0.16515860625 0.5896138984375 0.173004265625 0.5917377171875 0.28810043125 0.6711258140624999 0.2957871078125 0.6687299921875 0.3014125859375 0.66712399375
0 0.3012180640625 0.7160745281249999 0.3012300484375 0.709290678125 0.18024739218750002 0.62171454375 0.151215328125 0.6218460859375 0.03613278125 0.7079031328125 0.034780775 0.7134514890625 0.0368093421875 0.7188204828125 0.041119223437500005 0.7213830859375 0.048048315625 0.72239235 0.15674785 0.641346371875 0.166882725 0.639661421875 0.17369780937499998 0.6421801515625 0.2777259703125 0.7157321765625 0.289380496875 0.7204273718749999 0.3012180640625 0.7160745281249999
0 0.2947869796875 0.7482209875 0.2952145140625 0.74256046875 0.2807982625 0.74130545625 0.1707125546875 0.6618296171875 0.15362008437500002 0.6628826640625001 0.0445027578125 0.7437891421875 0.0424318171875 0.750379 0.050579065624999996 0.755135615625 0.0622740765625 0.7526695984375 0.1565903515625 0.6831815625 0.1703750609375 0.679548346875 0.1827301171875 0.6815931984375 0.2809167640625 0.75298630625 0.28598422343749996 0.7521438218750001 0.2947869796875 0.7482209875
0 0 0.8206694796875 0.1071269640625 0.7484464984375 0.1153146984375 0.7460419015624999 0.125392565625 0.7451116921875001 0.13618753125 0.747937590625 0.23934410156250002 0.8264041656250001 0.2531003078125 0.82314833125 0.2565911125 0.816680425 0.135836478125 0.7260853546875 0.1162957625 0.7264275515625 0.10253955156250001 0.72968340625 0 0.8012723484375 0 0.8206694796875
0 0.6191689921875 0.17155483124999998 0.63173559375 0.1641742453125 0.63316525 0.158496178125 0.503387284375 0.05486872968749999 0.46925930468750005 0.0562201015625 0.32532148125 0.16713075 0.323838071875 0.1729579453125 0.33479201718749996 0.18030351875 0.341863671875 0.17942591875 0.466376075 0.08114393125 0.479659725 0.07751949062499999 0.494189984375 0.0772650390625 0.5052009843749999 0.083855853125 0.6127409578125 0.170536790625 0.6191689921875 0.17155483124999998
0 0.62189971875 0.2347751390625 0.624889509375 0.2283160078125 0.49844785625 0.12689132812499998 0.46535044843750006 0.12784780625 0.3259524296875 0.23830480937499998 0.325970246875 0.2441029796875 0.3303086296875 0.24628821875 0.34004447031249996 0.2498864234375 0.469538825 0.15189405625000002 0.47872863125 0.1494719140625 0.4872178625 0.14970011249999998 0.6088891078125 0.2414097375 0.6150156453125 0.23979498124999998 0.62189971875 0.2347751390625
0 0.61983145625 0.2952211671875 0.6182548 0.289595746875 0.4950639484375 0.19150595937499998 0.4600763609375 0.190988053125 0.3255881140625 0.2954746296875 0.3270533859375 0.3032560671875 0.33160513125 0.3085596734375 0.33844871875 0.3107010421875 0.46253358437500003 0.2180795734375 0.4679145703125 0.2130860453125 0.4779639390625 0.212533190625 0.48580964375 0.21465700937499999 0.60514665625 0.304146296875 0.61498003125 0.29982855 0.61983145625 0.2952211671875
0 0.6140244640625 0.3522300375 0.48835686562499997 0.2538067609375 0.45487245468750004 0.253262528125 0.32144324062499996 0.35697683750000003 0.32093513281249997 0.364379015625 0.3248695453125 0.37123783593750004 0.3348049484375 0.3721944546875 0.46067797187500004 0.2757729890625 0.4688371578125 0.2737457578125 0.4786300484375 0.276589221875 0.5952907953125 0.3683865890625 0.6040080890625 0.36559585625 0.6131243734375 0.35752196875000003 0.6140244640625 0.3522300375
0 0.608925471875 0.4131148953125 0.48478955 0.31428793125 0.46177001406249996 0.3143141765625 0.4491013875 0.31642036875 0.315457796875 0.41701632499999997 0.3124379328125 0.42320626875 0.31964006875 0.427225690625 0.329962475 0.4296830171875 0.45195764531249993 0.3382287421875 0.4681050921875 0.33643849062500003 0.47993063124999996 0.3388694859375 0.5875561125 0.4244183125 0.6048766015625 0.4203463171875 0.608925471875 0.4131148953125
0 0.577762484375 0.4806787703125 0.58506385625 0.486374028125 0.5894522671875 0.485437846875 0.593546159375 0.48423555 0.602462925 0.47880323125 0.604365090625 0.47349377031250006 0.48161829218749996 0.37614995 0.44810533281250003 0.37598308281250004 0.31660683125 0.47401054687500005 0.3151405453125 0.48086249375 0.3176704 0.486428590625 0.32548760312499997 0.4889297734375 0.3306120671875 0.4873325640625 0.44752779218749994 0.4035046109375 0.4544404125 0.39810740624999996 0.4656058609375 0.396027528125 0.4718629265625 0.3993097734375 0.5625248140625 0.468793028125 0.577762484375 0.4806787703125
0 0.590276340625 0.5407773015624999 0.596630896875 0.536143596875 0.5970869343749999 0.530105715625 0.47956658281250003 0.43643905156249996 0.44566661874999997 0.43477149375 0.317566059375 0.52827675625 0.314970675 0.535422978125 0.3204416578125 0.542487671875 0.32890238437499997 0.54309325 0.44737824687499994 0.45848425312499996 0.45559448125 0.4557022953125 0.4640837140625 0.45593049375000005 0.46942421406249996 0.458098184375 0.5821741140625 0.5420497937500001 0.590276340625 0.5407773015624999
0 0.5817680937499999 0.60042574375 0.590684859375 0.5949934265625 0.5931450875000001 0.5889204484375 0.47367755 0.4945341390625 0.4391340171875 0.4947622015625 0.31395966249999996 0.5859659515625 0.3095256515625 0.5942640359375 0.3132775109375 0.5975901515625 0.321954275 0.6019606296875 0.43981506875000004 0.5188698703125 0.45062201562500004 0.5149119390625 0.459168296875 0.5143854125 0.4649243046875 0.5176764328125001 0.5758125703125 0.59977629375 0.5817680937499999 0.60042574375
0 0.589015709375 0.6435929046875 0.4679310296875 0.550742403125 0.43580719375 0.5520586859375001 0.314626609375 0.6393531359375 0.3101396296875 0.6464836953125 0.31368602968750003 0.6518062765625 0.3223912953125 0.6557993921875 0.4408671578125 0.571190384375 0.45247666249999996 0.5698564734375 0.4603508703125 0.5716029203125 0.57118213125 0.6544575234375001 0.5790278359375 0.6565813421875 0.5895902468750001 0.6492358734375 0.589015709375 0.6435929046875
0 0.5828256703125 0.7056732984375 0.5844998140625 0.7033827671874999 0.46314209375 0.6075221 0.43358051406250003 0.6080397796875 0.31875444218750004 0.6907005234375 0.30766961249999997 0.699068340625 0.3065914078125 0.7059882671875 0.311345296875 0.7092968374999999 0.319806071875 0.709902415625 0.42679092812499997 0.6383081765624999 0.43743884375000003 0.6298306046875 0.44757376562499995 0.6281456515625 0.4554194234375 0.6302694734375 0.5611382500000001 0.7079374359374999 0.5828256703125 0.7056732984375
0 0.5339678640625001 0.7099207109375001 0.45993784531250004 0.656571153125 0.434883415625 0.6550334546875 0.3091956359375 0.744383275 0.31266242499999997 0.7514830828125 0.32395845 0.75430020625 0.43111432031249997 0.680441778125 0.43997408125000004 0.6757642015624999 0.449579440625 0.6744653875 0.45536395 0.6773790296875 0.5017015171875 0.71312385 0.5339678640625001 0.7099207109375001
0 0.9537016078124999 0.19563193750000002 0.96376300625 0.188295225 0.8372478734375 0.08121881875 0.799555565625 0.083386353125 0.7784592015625 0.09769993125000001 0.6444556109375 0.1965696890625 0.6489813625 0.2020987828125 0.6532057359375 0.20579348749999998 0.6624405640625 0.20940045000000002 0.786582434375 0.1160242578125 0.8043019578124999 0.10666910468749999 0.8215654890625 0.10335182968750001 0.83572521875 0.108003153125 0.9429231640625 0.1992125078125 0.9537016078124999 0.19563193750000002
0 0.9469820515625 0.25809846875 0.9560128296875 0.2511566828125 0.8316893750000001 0.1481874421875 0.8016837406249999 0.14795917187500002 0.7850803 0.15578729375 0.6452320125 0.2558770171875 0.6459686 0.26186234218750004 0.650608525 0.2666803578125 0.660344365625 0.2702785640625 0.7922869234375 0.17299706718750002 0.8019207843749999 0.1713208734375 0.8189562499999999 0.1710225484375 0.826243890625 0.173909884375 0.9322237250000001 0.2613718859375 0.9469820515625 0.25809846875
0 0.9227013765625 0.327821709375 0.933536828125 0.323486396875 0.939532884375 0.3169746203125 0.8180161765625 0.21659432031249998 0.8050745109375 0.215690346875 0.7865359125 0.21601499375 0.778792234375 0.21916553906249997 0.63572189375 0.322144015625 0.63638925 0.3290668875 0.6416726953125 0.3319893390625 0.6529972234375 0.33442908125000004 0.77546495 0.24334341875 0.790809796875 0.2389291390625 0.8033358640625 0.2387097828125 0.8107090140625001 0.24046501562499997 0.9124644796875 0.324232278125 0.9227013765625 0.327821709375
0 0.918775515625 0.386424809375 0.9335337953125 0.38315140937500003 0.9400308624999999 0.3766308765625 0.810998496875 0.276382171875 0.7805203515625 0.2757852953125 0.633576428125 0.3803725890625 0.6345245359375 0.38688016875 0.63913595625 0.3920755828125 0.6499879265625 0.39414675625 0.77596293125 0.3029996578125 0.7837066109374999 0.29984909531250004 0.7967622859375 0.2992436 0.8081152703125 0.30130599999999996 0.9080660593750001 0.3824667921875 0.918775515625 0.386424809375
0 0.9362730875 0.43963375468750004 0.9464484453124999 0.43078759375000003 0.8203938421875 0.33086360625 0.7858503078125 0.331091665625 0.64418843125 0.43118144375 0.6386079265625 0.43881655 0.63976903125 0.443318640625 0.64443745625 0.44775933125 0.65286968125 0.44874227343750006 0.780148346875 0.36021041875000004 0.7880060359375001 0.355550390625 0.800145103125 0.3538303265625 0.81453285 0.35546271875 0.927641296875 0.44129240000000003 0.9362730875 0.43963375468750004
0 0.919536084375 0.5022299015625 0.92096569375 0.49655183437500006 0.800137534375 0.40030502187500006 0.7802098140625 0.3991465171875 0.7655084921875 0.401665178125 0.626320909375 0.4963166890625 0.6223719859375 0.5014039234375 0.62784296875 0.5084686171875 0.6355176140625 0.5128566453125 0.7679492453125001 0.4223502203125 0.7761084312500001 0.42032298749999997 0.7871314140625 0.42012995468750003 0.9034621609375 0.5096718890624999 0.9100327500000001 0.5088031 0.919536084375 0.5022299015625
0 0.904098696875 0.56086908125 0.9081760687499999 0.5532602984375 0.7921018453124999 0.46032205312499996 0.7831970625 0.4589705140625 0.772732140625 0.45840004062500006 0.7677216875 0.4584877828125 0.644964446875 0.540156803125 0.635683803125 0.5413496203125 0.61473528125 0.5561378 0.6166989421875 0.5632639125 0.62749390625 0.566089828125 0.63935993125 0.5613596046875 0.757379803125 0.482788484375 0.770133890625 0.4795501890625 0.7885015203125 0.4814897484375 0.8864196625 0.5630630078125 0.8959109640625 0.5632736765625 0.904098696875 0.56086908125
0 0.8982587140625 0.6050649953125 0.7817404359375 0.511380784375 0.751620790625 0.5126619796874999 0.73423126875 0.5242725671875 0.6096761484375001 0.6073405625 0.6158858875 0.6137785703125 0.6287135453125 0.616192009375 0.74528724375 0.5368924875000001 0.7540329953125 0.5337243765624999 0.7676466890625 0.53235536875 0.7784416546874999 0.5351812828125 0.880066590625 0.6140515453125001 0.8922911625 0.61119939375 0.8982587140625 0.6050649953125
0 0.8895219125 0.6611142703125 0.768824284375 0.569764459375 0.74488818125 0.5686761484375 0.731877525 0.57531075625 0.6070352234375 0.66218804375 0.6056744578125 0.6694768046874999 0.6100128390624999 0.6716620437499999 0.6188321140624999 0.6741456765625 0.7405017734375 0.5936263015625001 0.7523678453125 0.588896078125 0.7608000703125 0.5898790203125001 0.877501346875 0.67451516875 0.8884508078125 0.6686703921875 0.8895219125 0.6611142703125
0 0.7377490718749999 0.6234471421875 0.6204012765625 0.6997452796875 0.6153217328125 0.701590215625 0.6483172140625 0.70114075 0.72729313125 0.6492573265625 0.7396032140625 0.6452730546875001 0.7528299031250001 0.6424033546875 0.7641258828125 0.6452204953125 0.8193847484375001 0.688723315625 0.8505919734375 0.6862924671874999 0.766365584375 0.62219226875 0.7377490718749999 0.6234471421875
0 0.315303675 0.208832653125 0.3053113140625 0.208630775 0.1812700984375 0.1159820546875 0.1687962796875 0.1213266390625 0.1671671546875 0.129646284375 0.29661507187499997 0.23101830781250002 0.3272642328125 0.2293509765625 0.4686771296875 0.11268332968749999 0.4630636359375 0.107505471875 0.4539143140625 0.10276639843749999 0.3263956484375 0.201101028125 0.315303675 0.208832653125
0 0.4599253671875 0.182180453125 0.4503320390625 0.17669541875 0.4442055015625 0.178310175 0.3251025875 0.2712212625 0.3147111453125 0.27630254375 0.3023845953125 0.2738803125 0.1880438703125 0.18535365937499998 0.180456825 0.18556699999999998 0.17413077187499998 0.18982334375 0.16942185781250002 0.1925438796875 0.1700249421875 0.1978094875 0.2814877453125 0.2855523203125 0.29878426875 0.29504801875000003 0.3258121421875 0.29495157031249997 0.46027193281249995 0.190842353125 0.4599253671875 0.182180453125
0 0.296727534375 0.335528684375 0.21759711093749998 0.270208640625 0.1992534921875 0.25470138593749997 0.185822796875 0.24702233750000002 0.1782786328125 0.24753132187500002 0.164829846875 0.2541211671875 0.293742278125 0.35517815 0.3244199890625 0.3531334390625 0.4571771296875 0.251692121875 0.45568598125 0.24493459843749998 0.44898490625000004 0.2409063921875 0.43940805000000005 0.24182783749999998 0.322508796875 0.33206226875 0.31025576718750003 0.33529179062500003 0.296727534375 0.335528684375
0 0.32484851875 0.3872096515625 0.30841609375 0.39277358281249997 0.29116454687500004 0.3893069921875 0.1816939046875 0.30831291250000004 0.1739217234375 0.3118408359375 0.16901329375000002 0.317202959375 0.171592021875 0.3228108328125 0.291788640625 0.41416940156250004 0.310298734375 0.414222134375 0.321965290625 0.41213348125 0.45875926875 0.3102446 0.4542333546875 0.3039170828125 0.443580903125 0.2992043390625 0.4368393421875 0.3023373453125 0.32484851875 0.3872096515625
0 0.4338710671875 0.3615119 0.31257642812499997 0.45031582343750004 0.30191199375 0.4523869125 0.291475575 0.4514390671875 0.1758746671875 0.36635434375 0.16522594375 0.3673470015625 0.1568387375 0.3723931640625 0.1589164078125 0.37800981093749997 0.28339435625 0.47230837968749995 0.3138725484375 0.472905253125 0.4356682015625 0.38409255625 0.44610012968749996 0.371850065625 0.4466701765625 0.3643027109375 0.4338710671875 0.3615119
0 0.42869561718750004 0.423409015625 0.32069665937499997 0.5018046328125 0.3006999015625 0.508184728125 0.2844504765625 0.5047005859375 0.1887690328125 0.43326362500000004 0.17817363125000002 0.4277961390625 0.1691263375 0.4283314359375 0.1624772109375 0.43438430156249996 0.1667681328125 0.4396787984375 0.27843045312500003 0.524780059375 0.28616215 0.52841334375 0.3056743625 0.5284485265625001 0.31678280625 0.527123390625 0.44802483281249994 0.43249223593749997 0.44797981093750006 0.42646313124999996 0.439690096875 0.42359334375 0.42869561718750004 0.423409015625
0 0.3049172421875 0.5649722265625 0.301324459375 0.5661657499999999 0.29528342812499997 0.5666484046875 0.288769840625 0.56676246875 0.28065114062499996 0.5616284921875 0.1760092640625 0.48386391093750003 0.166858590625 0.48485564062500003 0.1595589671875 0.488752153125 0.1586018671875 0.494798825 0.2797435546875 0.5868945859375 0.3098632 0.5856133906250001 0.44687321406249997 0.48748942656249994 0.44276285312499997 0.4822852390625 0.434530096875 0.4786607265625 0.4286315796875 0.4772565359375 0.3049172421875 0.5649722265625
0 0.42868554999999997 0.5361668234375 0.4216709515625 0.5362896609375001 0.3152606296875 0.61352686875 0.2927466421875 0.626734665625 0.2842574109375 0.626506465625 0.1655936703125 0.5422373109375 0.1567776890625 0.545450878125 0.1514537078125 0.549689665625 0.1505821625 0.5546042250000001 0.26628132187500003 0.63925793125 0.276819765625 0.6454801406249999 0.3038476390625 0.645383709375 0.43926901406249996 0.5484181546875 0.43978205781249996 0.5416255328124999 0.42868554999999997 0.5361668234375
0 0.30892754375 0.6708759921875 0.29670297031250004 0.673728159375 0.28184266406249997 0.6717271796875 0.1765284125 0.5962820953125 0.16985483437499999 0.5975608015625 0.1634432734375 0.6029492484375 0.171778009375 0.611848140625 0.28119164531249996 0.6935969640625 0.3118978109375 0.6911748906249999 0.43837391875 0.6000190234375 0.431872315625 0.5933492421875 0.42255202656249996 0.5908743734375 0.4168124921875 0.593989840625 0.30892754375 0.6708759921875
0 0.30090037187499996 0.7241550578125 0.2908795078125 0.72433054375 0.28314781093749997 0.720697259375 0.178697559375 0.6470906140625 0.170715928125 0.6457849296875 0.1634447609375 0.6493040796875 0.16104158125 0.654622325 0.2835273671875 0.74217213125 0.30810699375 0.7413648312500001 0.43031819843749997 0.6536754625000001 0.43136080468750004 0.6464966953125 0.424631228125 0.6428458531250001 0.41753107500000003 0.6441007953125 0.30090037187499996 0.7241550578125
0 0.3953981703125 0.7251383125 0.4208778921875 0.7190390828125001 0.430250740625 0.7075688828125 0.42302010624999997 0.7039268062499999 0.41422933124999994 0.7010658109375 0.30333812031249996 0.7780046078125 0.286575646875 0.7813131062500001 0.275336628125 0.777741225 0.1756468484375 0.7063744562500001 0.1682452015625 0.7049965874999999 0.15896090937500001 0.7095819734375 0.1546480234375 0.7127720796875 0.1583998390625 0.7160981984375 0.26083935937499997 0.79080865 0.27621724375 0.799207325 0.2998233015625 0.7980402093750001 0.31751436875 0.7890624171875 0.3628798375 0.744928078125 0.37670503437499997 0.7341336375 0.3953981703125 0.7251383125
0 0.7433716015625 0.597915440625 0.629395490625 0.673839609375 0.6112221484375 0.6830191109375 0.6004015890625001 0.6794109171875 0.49511455312499997 0.6002374734375 0.4879008390625 0.597832009375 0.47571777343750005 0.6033621124999999 0.4737888734375 0.6071473234375 0.4755756578125 0.6096940796875 0.5769767125 0.6869101468750001 0.5958020796875 0.7002521359375 0.62069129375 0.700069453125 0.7589075546874999 0.610302321875 0.7597420374999999 0.60370505625 0.7551143 0.5982161671874999 0.74896779375 0.595032475 0.7433716015625 0.597915440625
0 0.7476966703125 0.5406520718750001 0.6240579453125 0.6243408046875001 0.6139408203125 0.6247711625 0.603101115625 0.621416478125 0.5765117859375 0.5996023765625 0.5716351265624999 0.5974091671874999 0.49575615781250004 0.542785428125 0.489100775 0.541889259375 0.48109093593749996 0.545574028125 0.47902496406250006 0.5506737875 0.5974343656250001 0.6430359125 0.6276517046875 0.6435194703125 0.7646939484375 0.551494290625 0.7654709265624999 0.5456575671875 0.7607665984375 0.5411827296875 0.7535720625 0.53852375 0.7476966703125 0.5406520718750001
0 0.756255065625 0.485198015625 0.6324520921875 0.56661101875 0.6227592343749999 0.5703252671875 0.6141225515625 0.5689574390625001 0.6026560046875 0.560550153125 0.503596259375 0.486311628125 0.4950046828125 0.48597532968749996 0.48549524999999993 0.49171179531250003 0.4831501453125 0.49605690156250004 0.6052046843750001 0.5891147328125 0.6347488375 0.58961006875 0.7721851015625 0.49681845156250004 0.7732412765625 0.49173638124999997 0.770652284375 0.4859586078125 0.7623904421875001 0.4840778546875 0.756255065625 0.485198015625
0 0.772350390625 0.42787050625 0.642250775 0.5169891359375 0.63255791875 0.520703384375 0.6236037750000001 0.519087940625 0.61713986875 0.515656628125 0.51245748125 0.43292808593750004 0.502156928125 0.43133621718750004 0.494973459375 0.43298108593749995 0.48716619375 0.4384345625 0.48638918281250004 0.4442712859375 0.6136186968749999 0.540023459375 0.642133871875 0.5407900015625 0.7912140812499999 0.44070546093749996 0.7885565156250001 0.4313843890625 0.780428771875 0.42772903749999996 0.772350390625 0.42787050625
0 0.788048646875 0.3624482234375 0.7797787890625 0.365124834375 0.6468523234375 0.45606522812500006 0.6357939421875 0.46005656406249995 0.62910023125 0.45966742343749994 0.6216265296875 0.45625379375 0.5118172875 0.3707879515625 0.5073934 0.37090754062500003 0.49773883906250005 0.37411475625 0.49402817499999996 0.37873695625 0.4938477953125 0.3855759421875 0.617508728125 0.479618375 0.6477835125 0.47934136718750003 0.7977475078125 0.3764563890625 0.7981879046875 0.3706255671875 0.7944742265625 0.3663865625 0.788048646875 0.3624482234375
0 0.79243956875 0.304312971875 0.78336245625 0.3087759609375 0.6561773484375 0.3993626359375 0.6449738359375 0.40082471875000003 0.6335677453125 0.4005181109375 0.625420853125 0.3971162828125 0.5259948203125 0.31664520625 0.518516296875 0.312654390625 0.5124575124999999 0.3127604921875 0.49857227968749995 0.318573590625 0.4994782875 0.32438083125 0.5097818578125 0.33483390625 0.625506525 0.4226858359375 0.6599162375 0.42107053437499997 0.8080521140625001 0.3156857859375 0.8076469640624999 0.312148375 0.79243956875 0.304312971875
0 0.8030723453125 0.243647809375 0.7962909781249999 0.23996888125 0.6547691453125 0.337895625 0.6435273359375 0.3398647390625 0.6321101796875 0.33525428125 0.5229368531249999 0.25027951718749997 0.5176553265625 0.24839283124999997 0.5107892890625 0.25028532187499997 0.5047607468749999 0.25444175 0.50138669375 0.2590580546875 0.50907406875 0.268544234375 0.627839196875 0.36064696406249996 0.660470184375 0.360328696875 0.805125203125 0.25652397968749996 0.806969421875 0.2499090296875 0.8030723453125 0.243647809375
0 0.800728215625 0.1767692296875 0.659745596875 0.27645877812499997 0.652225515625 0.27810954374999997 0.6422232796875 0.277018815625 0.5276998859375001 0.1866140625 0.5206504484375001 0.1864843359375 0.5125831671875 0.19092964375000002 0.50956486875 0.19528654375 0.511029178125 0.20260309062499998 0.6329305375 0.29768903281250003 0.66587895625 0.29761839375 0.8159275906250001 0.1891620046875 0.814685034375 0.183360646875 0.80564316875 0.1784554203125 0.800728215625 0.1767692296875
0 0.811097284375 0.1106948046875 0.6735763453125 0.20905783437499997 0.662594553125 0.21203511718749998 0.6481590734375 0.2117815484375 0.627976203125 0.19415929999999998 0.5416728671875 0.122426471875 0.53358738125 0.11756591093749999 0.5263847625 0.119464290625 0.5193272453125 0.1238919234375 0.5150310828125 0.131815696875 0.6420599734375 0.23467444999999998 0.6737003109375 0.23412036718749998 0.8312196328124999 0.120216396875 0.8278234453125 0.1162250078125 0.8173777624999999 0.11210389375 0.811097284375 0.1106948046875
0 0.6866585609375 0.138215459375 0.670715471875 0.1445709453125 0.6539812265625 0.1435981078125 0.5394467671875 0.0488895046875 0.5355033140625001 0.0476926765625 0.519426159375 0.055822759374999996 0.51679890625 0.06441313125 0.6339990828125 0.158923646875 0.6406655640625 0.164123659375 0.6541023140625 0.1686987484375 0.6842128484375001 0.166146034375 0.840916759375 0.0496864765625 0.8355775078125 0.044716409375 0.8275263562499999 0.0400469953125 0.820610953125 0.038142675 0.6866585609375 0.138215459375