0 0.17294120625 0.41533747656250003 0.1890974296875 0.4330612796875 0.3168359515625 0.3350107828125 0.34441469062499996 0.3225924359375 0.3738047625 0.33519391249999997 0.507014646875 0.453654084375 0.5297508703125 0.4500303234375 0.5313090500000001 0.43727550937500004 0.3503793328125 0.282356196875 0.17294120625 0.41533747656250003
0 0.18294372812499998 0.3779606125 0.3438518109375 0.2786242421875 0.36081674375 0.2700959984375 0.5127547515625 0.41552922031249995 0.5296375390625 0.41047626406250004 0.53134853125 0.400651990625 0.36045710937500003 0.2326353375 0.17060326875 0.368350753125 0.18294372812499998 0.3779606125
0 0.18944683906249998 0.327208459375 0.355595275 0.225407775 0.379394778125 0.22687676093750003 0.5174346578125 0.3722399578125 0.5376852640625 0.36512285312500004 0.5388431046875 0.355016684375 0.372439378125 0.1833583171875 0.17133458125 0.315909103125 0.18944683906249998 0.327208459375
0 0.45311594375 0.19117749374999998 0.42163035000000004 0.153830646875 0.4114991734375 0.140360815625 0.392078575 0.1344521546875 0.18040825 0.26041161874999996 0.19346112499999998 0.264732315625 0.375548403125 0.168097071875 0.397838384375 0.1686244734375 0.5167209109375 0.3094941234375 0.5407566703125 0.3304093515625 0.5579873937500001 0.3239580359375 0.552203959375 0.30849059843750004 0.5147282375 0.262980978125 0.45311594375 0.19117749374999998
0 0.3764115796875 0.1275451890625 0.40518578437499997 0.1244729734375 0.5433949046875 0.292875996875 0.558850571875 0.28340614999999997 0.4156963203125 0.0903544421875 0.1890476640625 0.2046434 0.2002772109375 0.21642699531249998 0.3764115796875 0.1275451890625
0 0.5787935765625 0.240726346875 0.55361654375 0.20121401875 0.49208760625 0.1134850828125 0.432650784375 0.0421307453125 0.19460436406249998 0.1651079140625 0.20281523906249999 0.17500826249999998 0.2160782234375 0.1827290015625 0.25854497187500003 0.16076023125 0.310562403125 0.1347978421875 0.4140341828125 0.08338720468750001 0.4399044 0.09390473906249999 0.5543249125 0.25191463125 0.5691393734375 0.253743221875 0.5787935765625 0.240726346875
0 0.611913246875 0.9296437031250001 0.641737165625 0.9448374109375001 0.6623861609375 0.9390616421875 0.665673025 0.9319135984375 0.66282106875 0.924411665625 0.5107923921874999 0.8497217859375 0.47035976875 0.8292222656250001 0.45224056093750004 0.82331870625 0.3169014375 0.94924663125 0.317363221875 0.9558427359375001 0.32207494375 0.9598342359375 0.337335471875 0.96567736875 0.3509387625 0.961550103125 0.399390790625 0.916352265625 0.4426008375 0.8749415296875 0.4631925609375 0.8657514890625 0.49121310312500005 0.869832284375 0.611913246875 0.9296437031250001
0 0.6490589859375 0.898219625 0.6503087109375 0.885949959375 0.4816282828125 0.79374069375 0.46044317343749996 0.7805209093750001 0.4481806125 0.7780619765625 0.437324403125 0.782380715625 0.2980511484375 0.91178108125 0.30977826406250003 0.9201918171875001 0.322964834375 0.9249583671874999 0.35035362187499997 0.9031013640625 0.4332882484375 0.8289200390625 0.4582466796875 0.8177338328125 0.576369165625 0.8805565609375 0.62199755625 0.902970696875 0.6346720625 0.90486273125 0.6490589859375 0.898219625
0 0.47514923593749997 0.7830615359374999 0.49949122343749996 0.7971999265624999 0.6201284968749999 0.862491565625 0.6316433515625001 0.8599522343749999 0.6406313515625001 0.8555732796875001 0.647776465625 0.8487301859375 0.6371611671874999 0.8413448046875001 0.433145884375 0.7318748953124999 0.28365974375 0.8683112765625 0.2943369125 0.8773432265625001 0.313053809375 0.8803493859374999 0.3211021 0.874595546875 0.333596175 0.864782328125 0.3508546515625 0.847428909375 0.4249057234375 0.78140885 0.43960803281249994 0.7769160625 0.44600630781249995 0.776177709375 0.47514923593749997 0.7830615359374999
0 0.6067016749999999 0.8173977109375 0.6152226296875 0.81816575625 0.6259439125 0.8153940546875 0.631501884375 0.8080862249999999 0.6305519796875 0.8006598640625 0.41882940468749996 0.682137 0.274870628125 0.8147324390625 0.2669553078125 0.82451171875 0.26487706875 0.832151128125 0.281761275 0.8387446234375 0.29867181875000004 0.8395722718749999 0.40891611406250006 0.7370106109375001 0.43237115781249996 0.7292958546875 0.44688782031249996 0.7323093218750001 0.4602192203125 0.73799998125 0.6067016749999999 0.8173977109375
0 0.48171319218750003 0.6880701953125 0.6050899656250001 0.753490025 0.625171159375 0.752620871875 0.6321701359375 0.7446352609375 0.62707800625 0.7299391453124999 0.41978839843750004 0.627446125 0.2768610265625 0.76086569375 0.2799889109375 0.771142371875 0.2940174484375 0.7733255828125001 0.30267366406249996 0.7753103703125 0.3076806390625 0.7726525015625 0.31345781875 0.7670584500000001 0.408680846875 0.673006084375 0.4228929 0.6646715249999999 0.45426998906250005 0.6735735921875 0.48171319218750003 0.6880701953125
0 0.281495278125 0.68851176875 0.3779722421875 0.5958040640625 0.40221838749999994 0.5899070578125001 0.45731584999999997 0.6080345421875 0.554544296875 0.6732218078125001 0.5693358203125001 0.658559696875 0.3904209328125 0.5607868359375 0.25925344687499996 0.6775029499999999 0.281495278125 0.68851176875
0 0.3651969 0.5610775859375 0.3860258828125 0.5501819109375 0.5235581687499999 0.6264256625 0.54292603125 0.604106965625 0.37557979375 0.5099330515625 0.22120573437500002 0.6623671718749999 0.2458020875 0.670066925 0.3651969 0.5610775859375
0 0.22304079687499997 0.622421425 0.36051158125 0.5027301 0.3768970640625 0.50052955 0.4042464234375 0.5080356109374999 0.5718330640625 0.60207319375 0.5869385171875 0.57900654375 0.36987006093749997 0.44900083437499994 0.195691434375 0.6149153640625 0.22304079687499997 0.622421425
0 0.3573355453125 0.44532431250000004 0.3723444546875 0.44322056249999997 0.551559125 0.5521571203125 0.576831621875 0.5325664109375 0.354231459375 0.3919124953125 0.185101371875 0.5538399921875 0.21147278125 0.564558271875 0.3573355453125 0.44532431250000004
0 1 0.74550361875 0.8217948109375 0.6535592234375 0.654729703125 0.8044898734375 0.65866949375 0.82362026875 0.6924704515625 0.8244207937500001 0.8229188578125 0.7077846531249999 0.8563801390625001 0.7039078625 0.8979455859375 0.7277746546875 0.9986965109374999 0.781533975 1 0.7820639078125 1 0.74550361875
0 1 0.6936634484375 0.8131864484375001 0.5939495171875 0.6456261640625 0.7410896703125001 0.6413875421874999 0.7480215609374999 0.648124825 0.7559053484375 0.660443446875 0.759649859375 0.6714179812500001 0.7581355546874999 0.6859167421875 0.749788078125 0.7935659265624999 0.648952521875 0.8232419562500001 0.640985759375 0.8483804921875 0.64642211875 0.8725032734375 0.6588467359375 1 0.7276652343750001 1 0.6936634484375
0 0.6669055453125 0.654720371875 0.7943785234375 0.5545928828125 0.816137184375 0.550966415625 0.9661428890625 0.637858509375 0.9887468 0.6299813703125 0.9894592265625001 0.62469225625 0.8120581359375001 0.5169683218750001 0.6463059328125 0.6456915921874999 0.6669055453125 0.654720371875
0 0.9538678171875 0.5911291734375 0.9721506968750001 0.579392521875 0.9798556734374999 0.566160725 0.8658440437499999 0.48684702343749997 0.8092078484374999 0.4552450078125 0.6106762265625 0.6208903593749999 0.619964146875 0.6363844484375 0.6407304453125 0.6386841484375 0.657254775 0.6323198453125001 0.7901240078125 0.52152543125 0.7992649125 0.5154177484375 0.8205911125 0.5118887062499999 0.8400283875 0.51702853125 0.8536079578125 0.52652348125 0.9538678171875 0.5911291734375
0 1 0.8833589953125 0.8491401140624999 0.8068750625 0.6792887828125 0.9469049593750001 0.7074352453125 0.9606417703125001 0.8409938406249999 0.8537993437500001 0.862221184375 0.8460190546874999 1 0.9087468937500001 1 0.8833589953125
0 1 0.49117419843750004 0.811877765625 0.3334684875 0.5866206390625 0.49935962187499994 0.6035014734375 0.5146354390625001 0.6204468015625 0.524795425 0.792517234375 0.3928102390625 0.8325123796874999 0.39499131875 0.993787203125 0.509680665625 1 0.5056155203125 1 0.49117419843750004
0 1 0.8335144718749999 0.8598335921875 0.761437540625 0.848314578125 0.75987534375 0.8403111437499999 0.7661327296875 0.7063798640625001 0.8842217578125 0.68735544375 0.902643128125 0.68707145625 0.910255509375 0.6972020046875 0.9157115921875001 0.7143301375 0.9168791578125 0.84124215 0.8078254250000001 0.8602616718749999 0.8041146687499999 0.8767064171875001 0.8048557890625 1 0.8655834171875 1 0.8335144718749999
0 1 0.78764196875 0.843627375 0.7084818937499999 0.715889978125 0.8209153718750001 0.6875554953125 0.845211534375 0.67333649375 0.8618712437499999 0.6786616234375 0.8690889921875 0.690722034375 0.8748838234375 0.705799996875 0.8747720546875 0.7607797203125 0.827722153125 0.7718993328125 0.821245528125 0.7783555203125 0.8127243734375 0.82090900625 0.7717685015625 0.83434109375 0.7637056062500001 0.8570398765625 0.7592614703125 0.8736650859375 0.7614134671875 0.8918760109375 0.771046303125 1 0.8225813703125 1 0.78764196875
0 0.64744250625 0.37920305 0.6601478375000001 0.38020725781250003 0.808627571875 0.2824482875 0.828352171875 0.2744172015625 0.8525380453125001 0.271766540625 0.8733622234375 0.28216456875 0.9910110328125 0.4005854828125 0.99714146875 0.40015417343750004 0.9918478140625 0.3587684140625 0.8624643484375 0.22646282499999998 0.8512076390625 0.22203502187500002 0.6593756125 0.34467221718749996 0.632872365625 0.3636197671875 0.6350813203125 0.3710567546875 0.64744250625 0.37920305
0 0.9892378562499999 0.35230869062500003 0.983967490625 0.2971600703125 0.87050415625 0.171326809375 0.684565240625 0.2859569921875 0.6510042546875 0.3087227671875 0.6505999546875 0.315394559375 0.65859849375 0.32384779375 0.6717850656250001 0.32861434375 0.8236817546875 0.232987596875 0.8455383640624999 0.22195936249999998 0.861299715625 0.2222740375 0.8751095234375 0.22699674218750002 0.8878316406250001 0.23796479218750002 0.9892378562499999 0.35230869062500003
0 0.8450718125 0.1740651671875 0.8689785953125 0.1643162671875 0.888681509375 0.16103195625 0.913124790625 0.170226309375 0.9762074765625 0.23649231093749998 0.971695840625 0.20122035624999998 0.8964974859374999 0.11397861406250001 0.6648721203125 0.2598200625 0.6664578375 0.2673008984375 0.6728489734374999 0.273020071875 0.6846086078125 0.2764634390625 0.8450718125 0.1740651671875
0 1 0.5219234046875 0.820183053125 0.392847721875 0.805365140625 0.3916213625 0.637264909375 0.5322072437500001 0.603955940625 0.5632020703125 0.6030205093750001 0.5683661578125 0.610985153125 0.5777321625 0.6272803140625001 0.5816906937499999 0.639539221875 0.5805445984375 0.7902071953124999 0.456500134375 0.810159334375 0.45084223437500004 0.8301343859375001 0.4483024359375 0.850727340625 0.46528827812499995 0.9999565499999999 0.5651135921875 1 0.565098571875 1 0.5219234046875