0 0.3775843625 0.68838889375 0.5330192234375 0.865758003125 0.5428421718750001 0.8673003546875 0.553820909375 0.8565039625 0.5601769109375 0.8387670406250001 0.3775843625 0.6212971046875 0.3533157265625 0.6066448859375 0.1574331765625 0.8611309828125 0.15454401874999998 0.8804102203124999 0.17419007343749998 0.8996894937500001 0.33366967187499996 0.6937871078125 0.3550492015625 0.6814483640625 0.3775843625 0.68838889375
0 0.18748002187499999 0.771430340625 0.3330918296875 0.5956035828124999 0.34522614687500003 0.587891859375 0.36545004375 0.58557835 0.385096046875 0.59406123125 0.5243518 0.765261003125 0.531285696875 0.770659146875 0.5382196453125 0.7614051078124999 0.5382196453125 0.7436682203125 0.37700651875 0.526198284375 0.35793830625 0.51154603125 0.16676095 0.7425728109375 0.170723125 0.7644898109375 0.174767915625 0.7698880234375001 0.18748002187499999 0.771430340625
0 0.3434926734375 0.512317225 0.3614052546875 0.506147853125 0.3833625734375 0.5146307343750001 0.512795325 0.68814398125 0.52492964375 0.7012538484374999 0.5295522218750001 0.696626828125 0.5341748015625 0.6719494125 0.3793178359375 0.451394771875 0.36602783437499997 0.43365786718750005 0.35273788437500003 0.44522543593749997 0.17707917812500001 0.6403314296875 0.16676095 0.666273165625 0.17014528281250002 0.685830471875 0.184013075 0.685059278125 0.3434926734375 0.512317225
0 0.37122825625 0.43298045781249994 0.38971867968749996 0.43683632031249997 0.5075949046875 0.61189191875 0.5185735375 0.625772978125 0.5318635390625001 0.6250017859375 0.536486171875 0.608807215625 0.37989562499999996 0.3535499609375 0.17361223125 0.5656217203125 0.17419007343749998 0.5918415234375 0.18748002187499999 0.5995531749999999 0.3203797234375 0.47308132187499996 0.3492709375 0.4414633390625 0.37122825625 0.43298045781249994
0 0.61603536875 0.11308067656250001 0.6247027375 0.12156355781249999 0.653016109375 0.2380102140625 0.662261321875 0.2380102140625 0.6663061109374999 0.22181564531250003 0.6247027375 0.0814626953125 0.611990578125 0.0845473984375 0.5975449453125 0.0961149484375 0.49536965000000005 0.16223308281249998 0.4958478265625 0.1701472671875 0.49873693281250003 0.1732319359375 0.59927841875 0.11693653749999999 0.61603536875 0.11308067656250001
0 0.633947896875 0.07760686875 0.6691952171875 0.1955958765625 0.6715065328125001 0.20099405468749998 0.680173903125 0.20253640625 0.68364085 0.194053525 0.6460822140625 0.054471751562500004 0.6345257390625 0.0413618671875 0.50798214375 0.126190578125 0.5068265125 0.13313110781249998 0.512710478125 0.1437362 0.600434103125 0.08917441875 0.61834663125 0.07760686875 0.633947896875 0.07760686875
0 0.3281081671875 0.29590664218749996 0.395716078125 0.2440321875 0.4056099171875 0.24937683281249998 0.44377186562500004 0.32986083125 0.44989661718749996 0.3301752171875 0.45225229999999994 0.3257737578125 0.4114990921875 0.23994510781249997 0.4114990921875 0.23397168281249997 0.4112635390625 0.22705509375 0.4067877484375 0.219195325 0.4049032140625 0.217623375 0.31727207343749997 0.28804688125 0.314916390625 0.29307712656249996 0.3158586671875 0.29936494375 0.31939218125 0.302194459375 0.3281081671875 0.29590664218749996
0 0.39524492968749997 0.2786151625 0.42845995937500003 0.3474667109375 0.4357625609375 0.3465235390625 0.433878028125 0.3333191328125 0.39524492968749997 0.25157756249999996 0.3818175765625 0.25723659374999996 0.31915660625000003 0.30911104843750004 0.31939218125 0.31854276718749996 0.324103525 0.318857153125 0.38841347656249997 0.270126615625 0.39524492968749997 0.2786151625
0 0.3768706578125 0.2996793296875 0.3825242796875 0.29559225625 0.392182565625 0.29590664218749996 0.42845995937500003 0.360985503125 0.43434915625 0.3603567171875 0.43411358125 0.35658402968749997 0.392182565625 0.27641441875 0.38676449687500003 0.275471246875 0.3787552125 0.279243934375 0.31859925 0.33572318125 0.3175076265625 0.3462091390625 0.3226901203125 0.3499818265625 0.3768706578125 0.2996793296875
0 0.40773002500000005 0.20993991250000002 0.451074446875 0.304571503125 0.45649251562500004 0.3029995453125 0.45884817812499995 0.3001700296875 0.45719921875 0.2935678265625 0.4183305671875 0.20993991250000002 0.41880169531250006 0.2020801515625 0.4185661203125 0.1979930703125 0.41338364843750003 0.190133303125 0.40867228125 0.1885613515625 0.324574653125 0.2592992515625 0.324810228125 0.2703029140625 0.3269303375 0.2743900015625 0.329992721875 0.2731324296875 0.40773002500000005 0.20993991250000002
0 0.4114990921875 0.1863988421875 0.4192728234375 0.19740251874999998 0.4192728234375 0.207777409375 0.4534301296875 0.2813448328125 0.4616749890625 0.277886515625 0.46120386093750004 0.27317065625 0.45884817812499995 0.263110165625 0.41644601249999996 0.18388372656250002 0.42162850625 0.17602394999999998 0.420921803125 0.17036491874999998 0.41550375624999997 0.1634483296875 0.4129124984375 0.16281954375000002 0.3330550875 0.23198549375000002 0.332348384375 0.24204598437499997 0.33329066093750004 0.24676184375000002 0.33399736406249997 0.24707624374999998 0.4114990921875 0.1863988421875
0 0.4246908921875 0.1246401953125 0.433171325 0.1321855703125 0.44447856874999997 0.149162665625 0.4847606265625 0.2255595890625 0.4899430984375 0.22178690156249997 0.4911209515625 0.21361275468750002 0.4894719921875 0.20889689531250002 0.4298733640625 0.0954018671875 0.42280633749999996 0.0982313828125 0.41526818125 0.10609115 0.34404948750000003 0.17972265781250002 0.3448334796875 0.190976628125 0.3497804 0.19537808750000002 0.41762386406249996 0.128098496875 0.4246908921875 0.1246401953125
0 0.354020615625 0.1648822015625 0.35990979218749997 0.160480728125 0.3851155375 0.1321855703125 0.4122057953125 0.10043211875 0.42374861406250003 0.0944586953125 0.43529143281250005 0.095716259375 0.4433007171875 0.10389041406249999 0.489236396875 0.1894046703125 0.49748127656249996 0.1875183265625 0.497952425 0.17840099375000001 0.493241059375 0.164567815625 0.47769359843750003 0.14256046093750002 0.4482476359375 0.08911405624999999 0.42963781093750003 0.0601901203125 0.35590515 0.140045346875 0.3457757359375 0.15387852500000002 0.34766029062500003 0.1614239 0.354020615625 0.1648822015625
0 0.22446962343750002 0.1229911578125 0.244235875 0.11181310156249999 0.2589768046875 0.11226021718750001 0.266682315625 0.11896705468749999 0.27070257343750004 0.1283566296875 0.3078899453125 0.2410315125 0.317270521875 0.24639698281250003 0.3212907796875 0.2396901453125 0.31961568281249997 0.22761783593749998 0.2693624765625 0.078726025 0.258641803125 0.082750128125 0.164835809375 0.1279095140625 0.1517699765625 0.13774620312500002 0.152440009375 0.1498185109375 0.1561252640625 0.1542897515625 0.16617590625 0.1547368671875 0.22446962343750002 0.1229911578125
0 0.266682315625 0.079620278125 0.277402990625 0.09035121874999999 0.28309834375 0.104659146875 0.320955778125 0.2186753984375 0.3293312921875 0.21643977812499998 0.3296663234375 0.20794445781249998 0.28376840625 0.0590526359375 0.17086619375 0.1082361140625 0.16617590625 0.1220969265625 0.17220629062499998 0.12477966250000001 0.266682315625 0.079620278125
0 0.5164262468749999 0.558142696875 0.58974619375 0.4676053515625 0.6037934984375 0.459374684375 0.6538155546875 0.49686994218749997 0.6620383546874999 0.5064723875 0.6723168546875 0.5124167515625 0.6887624546875 0.511502246875 0.693559046875 0.5069296390625 0.6952721515625 0.49184008281249997 0.6918460046875 0.472635190625 0.67677085 0.46394727031249994 0.6596399953125001 0.4525157953125 0.6264062 0.42325118437500003 0.60824749375 0.4200503765625 0.59180189375 0.431939125 0.5075935359375 0.5348982624999999 0.5064903421875 0.5425958671875 0.5075181921875 0.548082978125 0.5164262468749999 0.558142696875
0 0.5044346421875 0.5236474109375 0.5914592984375 0.4271657015625 0.60516394375 0.4193922859375 0.6164702953125001 0.41756325624999996 0.6219521718750001 0.4248793984375 0.6798544 0.45825932187499996 0.6784839546875 0.45140043125 0.666834946875 0.43356731875000004 0.675743 0.4257939234375 0.693559046875 0.40384547656249997 0.6123588953125 0.3732090875 0.49552661875000004 0.50627155 0.4948413953125 0.5145022171875 0.4979249453125 0.5209038546875 0.5044346421875 0.5236474109375
0 0.5097718609374999 0.46895311093750003 0.5937958125 0.3831733609375 0.610533675 0.3706638109375 0.6245934609375 0.369770275 0.691210046875 0.391215221875 0.6794936 0.3626219609375 0.6128769515625 0.33715609999999996 0.5003986593749999 0.448848484375 0.49839011875 0.4609112609375 0.5003986593749999 0.4649321859375 0.5097718609374999 0.46895311093750003
0 0.25725933749999996 0.2200069890625 0.266724690625 0.2223969234375 0.3038186140625 0.3162874015625 0.3076559171875 0.31936017968749997 0.31149321875 0.3166288015625 0.3038186140625 0.2917051578125 0.26493394062500003 0.19610760625 0.19935387031250001 0.2356077921875 0.21683976718750003 0.23980933593749998 0.247794009375 0.222738353125 0.25725933749999996 0.2200069890625
0 0.2567477046875 0.2487666375 0.298702196875 0.342998515625 0.3048418796875 0.345047034375 0.3076559171875 0.337535803125 0.275166753125 0.2647329953125 0.25649187812499996 0.226152546875 0.2273760140625 0.240214171875 0.24011940625 0.2450110140625 0.247794009375 0.2463767046875 0.2567477046875 0.2487666375
0 0.2779807671875 0.0343458453125 0.3350286609375 0.1743279796875 0.3421916328125 0.18047353593749998 0.346028934375 0.1763764984375 0.346028934375 0.1695481125 0.2807948046875 0.0090807796875 0.27081781875 0.012494971875 0.17248332187499998 0.07899088125 0.16823393749999999 0.08897302343749999 0.1743736203125 0.09716709999999999 0.2779807671875 0.0343458453125
0 0.546053321875 0.273226353125 0.55603030625 0.27459202656250004 0.5713795125 0.310782540625 0.586984525 0.316245253125 0.5565419390625 0.248302709375 0.46649324999999997 0.319659446875 0.46700490468750006 0.32717069374999996 0.47263293281249996 0.33058488750000004 0.546053321875 0.273226353125