0 0.02400743125 0.7189068 0.03132536875 0.7263886687500001 0.1143737359375 0.6567961671875 0.1274553015625 0.6551973203125 0.1371791703125 0.6661019671874999 0.2020400015625 0.7823916671875 0.20569886718750002 0.782617825 0.211512665625 0.7756586796875 0.13011073281250002 0.627050484375 0.022954565625 0.7095010187499999 0.02400743125 0.7189068
0 0.09789845 0.6287057625 0.1248630078125 0.6102465593749999 0.13714266875 0.6098499703125 0.2073168359375 0.7401421015625 0.213331428125 0.7416693953125 0.22009748125 0.732843196875 0.1357883828125 0.58068495625 0.0254248515625 0.674974234375 0.027279640625 0.683177696875 0.033976865625000005 0.6867975421875 0.09789845 0.6287057625
0 0.12820120937499999 0.5626758640625 0.139979390625 0.555122403125 0.1489011515625 0.560199725 0.215115771875 0.691595265625 0.22298486093749997 0.6942964171875 0.229750909375 0.685470215625 0.15005269062499998 0.5246414703125 0.039538817187500006 0.6195955296875 0.033524715625 0.6321274234375001 0.0386287140625 0.6416118796875 0.12820120937499999 0.5626758640625
0 0.0441988828125 0.5849282015624999 0.05467425625 0.585479365625 0.1389253015625 0.5105686171875 0.1473453390625 0.5014594734375 0.159324359375 0.5023924625 0.22578969999999998 0.6373664171875 0.2330072640625 0.6406050703124999 0.23751796249999999 0.634720946875 0.157318509375 0.4737649234375 0.0450050703125 0.5747344609375 0.0441988828125 0.5849282015624999
0 0.149480821875 0.4592069828125 0.159103821875 0.451809228125 0.167323803125 0.4553024265625 0.23734788125 0.59328891875 0.24135759375000002 0.5943071125 0.24682054375 0.5865559328125001 0.1670219046875 0.4214839625 0.0538016640625 0.521374403125 0.051095535937500006 0.5333404078124999 0.0596619625 0.5415735328125 0.149480821875 0.4592069828125
0 0.1453689796875 0.40473834531249997 0.1610565453125 0.3939598734375 0.1724341609375 0.3975519515625 0.2413054296875 0.5359486859375 0.2457162453125 0.5398805375 0.25589065 0.53473163125 0.17283404062500002 0.365317609375 0.061768970312500004 0.465052371875 0.055404025 0.47679223125 0.063574034375 0.48519344374999995 0.1453689796875 0.40473834531249997
0 0.07926447656249999 0.433795325 0.1740018875 0.34140497812500004 0.1842767109375 0.34049929843750004 0.19239655625000002 0.34677890625 0.259162571875 0.480423325 0.26472614375000003 0.4839449546875 0.27053994062500003 0.4769858109375 0.198660884375 0.32376624062500003 0.188185071875 0.3091558703125 0.075616646875 0.41553841562500005 0.07326136562499999 0.4282964546875 0.07926447656249999 0.433795325
0 0.18307203593750002 0.2895806890625 0.194399240625 0.2840215703125 0.2037719703125 0.287104578125 0.273395190625 0.42920700468749995 0.27900873437499996 0.42782062343750005 0.285023078125 0.4223183203125 0.2011645609375 0.25410655625 0.09746739374999999 0.35641520625 0.085288359375 0.368084603125 0.0942911078125 0.37438344843750004 0.18307203593750002 0.2895806890625
0 0.20390208125 0.2302837953125 0.2128238421875 0.2353611171875 0.2848529984375 0.38088629531249996 0.2885118640625 0.381112453125 0.29342337343749997 0.3711123828125 0.21126876718749998 0.1977096515625 0.09023033593749999 0.31810935156250003 0.0971374390625 0.326631721875 0.19342700156249998 0.23676223593749998 0.20390208125 0.2302837953125
0 0.2140246140625 0.1738060703125 0.22470049374999998 0.1758140359375 0.2990352078125 0.32051878125 0.3055008203125 0.3200517390625 0.3091092375 0.31112666093749997 0.223446096875 0.1368330328125 0.10351049999999999 0.2617305046875 0.10907431875 0.27228172968750003 0.20390038124999998 0.1810765453125 0.2140246140625 0.1738060703125
0 0.21838351406249998 0.126409075 0.22750528750000001 0.11888402499999999 0.2398351546875 0.120609046875 0.3073031984375 0.262867184375 0.31457092656249996 0.2682274390625 0.3201842140625 0.2598114921875 0.3149712921875 0.2500523140625 0.23482180625 0.08418829375 0.11358306874999999 0.21016075937499998 0.12019951250000001 0.223088140625 0.21838351406249998 0.126409075
0 0.238228940625 0.052717571875 0.3262463390625 0.18613474375 0.3318096640625 0.18262677656249998 0.33672118125 0.172626675 0.2405836890625 0.0259003015625 0.2333215875 0.009507126562499999 0.2323964578125 0.0094694296875 0.22760181093749998 0.010653578125 0.1171905078125 0.1731172734375 0.12327328281250001 0.179414584375 0.2157745921875 0.0512334328125 0.2273023453125 0.0471311609375 0.238228940625 0.052717571875
0 0.22149546875 0.777434553125 0.22540505312499998 0.7812391265625 0.3193797671875 0.7102034453125 0.3314087109375 0.7062284234375 0.3432375875 0.7148557765625 0.40669538593750004 0.8420364890625001 0.4117075625 0.8433092390624999 0.41636860468750003 0.83676031875 0.341181325 0.6770770578125 0.21884870781250002 0.7695713046875 0.22149546875 0.777434553125
0 0.2289096609375 0.737619659375 0.3348129390625 0.658365759375 0.3502002671875 0.6629760296875 0.4135579375 0.7929431234375001 0.4232313953125 0.7946965765625 0.429245740625 0.7891942765625 0.34979799375 0.6249143515625 0.22718503124999997 0.722159865625 0.22434850625 0.7343525765625001 0.2289096609375 0.737619659375
0 0.2343185203125 0.6765505765625 0.23567424843749998 0.686615834375 0.23993471875 0.6912124828125 0.3432816796875 0.609200590625 0.35365663125 0.605508528125 0.3618766578125 0.609001740625 0.42889339375 0.7462245734375 0.435258871875 0.7485439453125 0.4412230140625 0.7409200015625 0.36367976562500004 0.5729059953125 0.25050920468750004 0.66085881875 0.2343185203125 0.6765505765625
0 0.24511110937499997 0.633170025 0.24892051249999997 0.639760996875 0.3511147609375 0.5581593359375 0.3619909 0.5545945421875 0.3731177953125 0.55460820625 0.440284921875 0.691166253125 0.448655234375 0.6939947140625 0.45161208124999996 0.685607125 0.375773028125 0.5194317875000001 0.24626335625 0.623732690625 0.24511110937499997 0.633170025
0 0.258509528125 0.5730989109375 0.259995296875 0.5814162140625 0.2639048796875 0.5852207875000001 0.3678532 0.5005497921875001 0.3789801015625 0.500563425 0.3874508359375 0.5076351109374999 0.45376559062500005 0.636244240625 0.45897827500000005 0.6389737890625 0.4666968171875 0.635310159375 0.38549470625 0.46706997968749997 0.3795804875 0.46978590000000003 0.258509528125 0.5730989109375
0 0.37518505 0.44938125937500006 0.38961968125 0.441799409375 0.39924317343750004 0.44846084375000006 0.46615978125 0.5884700578125 0.4738283609375 0.5897144078125 0.477988171875 0.5830382078125 0.39919174687500003 0.4111911984375 0.2701334046875 0.5154952984375 0.2667254984375 0.5258771796875 0.270758225 0.5330037062499999 0.37518505 0.44938125937500006
0 0.28383093593750003 0.47367572031250005 0.288642803125 0.48052124999999996 0.394295084375 0.390659265625 0.40512105781249996 0.3849728703125 0.4153961203125 0.3910968140625 0.4797062421875 0.5262264359375 0.48627227812499996 0.5300026203125 0.493289040625 0.5247548656250001 0.41399138593749996 0.352780578125 0.2828499453125 0.465470009375 0.28383093593750003 0.47367572031250005
0 0.4185013546875 0.325807628125 0.4271224328125 0.3322145171875 0.4937885625 0.47567492343750006 0.4988006921875 0.47694766250000004 0.503411571875 0.468277140625 0.43012826718749997 0.2908005375 0.291848215625 0.412445678125 0.3007701671875 0.4245526125 0.40622194375 0.3332338125 0.4185013546875 0.325807628125
0 0.3061471046875 0.36796699843749997 0.3115101265625 0.37003178281250004 0.4247805765625 0.2722629546875 0.4370100703125 0.2697447625 0.44507994531249995 0.28093238593750003 0.5052804656250001 0.42485981875 0.514753375 0.42515642500000006 0.5163067031249999 0.41360063125 0.43733974687500005 0.23598249375 0.30308935937500003 0.35805211406250004 0.3061471046875 0.36796699843749997
0 0.322898159375 0.31651669375 0.3244713375 0.3150633015625 0.43217845468749994 0.22080246875 0.443956634375 0.21324900625 0.45438204375 0.218708153125 0.5164870234375 0.3589014625 0.5228025374999999 0.366128815625 0.5309218984374999 0.3583492046875 0.45027069375 0.178298703125 0.3142462390625 0.304031375 0.3147477078125 0.311188278125 0.322898159375 0.31651669375
0 0.3346437859375 0.25367758125 0.44600953125 0.1526132828125 0.456434646875 0.1510428234375 0.46655937343750004 0.1578315359375 0.52806299375 0.300683946875 0.5335264375000001 0.3069919578125 0.5458560578125 0.301687384375 0.46620702343750003 0.1148618328125 0.4610947171875 0.11637547968749999 0.3367982734375 0.23243310312499998 0.32582220781250004 0.24581386093750002 0.3346437859375 0.25367758125
0 0.34832379375 0.1650643515625 0.330763559375 0.186789778125 0.3319352203125 0.1953475546875 0.33965401562499997 0.1987134859375 0.44645860624999995 0.0943821046875 0.459489721875 0.0836320203125 0.46851160937499997 0.0859229625 0.47648111406250004 0.0928673546875 0.5442001171874999 0.24573351406250002 0.55236988125 0.24710513125000003 0.5596371640625 0.23840621093749997 0.47427402343749997 0.0416942 0.34832379375 0.1650643515625
0 0.33411946718749996 0.8278249046875 0.3495068421875 0.8324351859375 0.32108615625 0.77530855 0.2750349890625 0.805968434375 0.2922677953125 0.8136826656249999 0.3115640140625 0.8010087359375 0.322941628125 0.804600815625 0.33411946718749996 0.8278249046875
0 0.7190599703125 0.1066521265625 0.5642856671875001 0.2408194296875 0.5609827093749999 0.24787352343750002 0.5604817703125 0.254775853125 0.5650431171875 0.2650725484375 0.6857311953125 0.15794 0.6985617546875 0.1457331 0.710490565625 0.1445444765625 0.7182597656249999 0.157061634375 0.7817685484375 0.307452784375 0.792795271875 0.3102528171875 0.7981578546875 0.29825839374999996 0.7190599703125 0.1066521265625
0 0.732806465625 0.0683623 0.7177860859375 0.0644728828125 0.5654049734375 0.20422088437500002 0.5655572671875 0.21498714687499998 0.574880078125 0.22297814374999997 0.708598975 0.09806592187499999 0.7183224015625 0.09491137656250001 0.7273445359374999 0.1042319125 0.79661759375 0.26663110625 0.8042359625 0.2657538453125 0.8088468421874999 0.257083321875 0.8068919250000001 0.2516662390625 0.80403473125 0.24320819999999999 0.732806465625 0.0683623
0 0.4296931640625 0.8471606484375 0.5379524171875001 0.7762374796875 0.5499313906250001 0.7771704546875 0.561810478125 0.7879194218750001 0.61910334375 0.9142376234375 0.6283255421875 0.910955784375 0.629327471875 0.8971511109374999 0.557699128125 0.7475099890625 0.5498804484375001 0.7539600296875 0.5455200890625 0.7591793859375 0.427236778125 0.8345866640624999 0.42588371406250003 0.8405696656250001 0.4296931640625 0.8471606484375
0 0.4374406484375 0.7979003234375 0.4432047671875 0.8028787953125001 0.5467525203125 0.729353340625 0.5609868921875 0.727344253125 0.5697080984375 0.730964759375 0.6327151203125 0.8671694000000001 0.6400328140625 0.867621675 0.645545928125 0.8619920953125 0.570809428125 0.6932848921875 0.4375468609375 0.7871690874999999 0.4374406484375 0.7979003234375
0 0.44569084531250003 0.7543887765624999 0.45150518125000005 0.7614888296875 0.563272421875 0.6773973859375 0.5748503390625 0.675416715625 0.5846743875 0.6835349640625 0.6471801796875 0.8196123265624999 0.6546482546875 0.81939984375 0.6612639609375 0.811238440625 0.5850238109375 0.6421494140624999 0.4452393375 0.742323890625 0.44569084531250003 0.7543887765624999
0 0.4581189375 0.6970905859375 0.4617280859375 0.7092543171875 0.5816149265624999 0.624412890625 0.590386103125 0.623125384375 0.5986060765625 0.626618615625 0.6625655984375001 0.7679857953125 0.668580190625 0.7695130906250001 0.6728401765625 0.76005051875 0.5976024437499999 0.5912160390625 0.458881446875 0.689314846875 0.4581189375 0.6970905859375
0 0.4679227 0.64905286875 0.4734363609375 0.6574824593749999 0.59111781875 0.570675096875 0.60104175 0.5689773687499999 0.61141695 0.5723149015625 0.6764792546875 0.718179871875 0.68324554375 0.71638329375 0.6882072703125 0.70850480625 0.6138214171875 0.5335600546875 0.4696234453125 0.6382991109375 0.4679227 0.64905286875
0 0.4846107421875 0.5822920671875 0.48566360625 0.59169785 0.48932271875 0.5989536 0.6026937890624999 0.51245758125 0.6105626765625 0.5081291515624999 0.6176798140625 0.507124609375 0.6255489484375001 0.5098257734375 0.6924155843750001 0.6547430015625 0.7001843437499999 0.6532009515625 0.706248853125 0.6498202531249999 0.6276527390625 0.4724004640625 0.4846107421875 0.5822920671875
0 0.5008060984375 0.525031115625 0.4980917015625 0.534399659375 0.5048080265625 0.5375110656250001 0.6164249765625 0.4540844 0.6249956046875 0.45134005000000005 0.636824234375 0.4529378265625 0.644292509375 0.45975492500000004 0.706347328125 0.5978266328124999 0.713314125 0.5974868609375 0.7193284703125 0.5919845609375 0.64218579375 0.4128249828125 0.5008060984375 0.525031115625
0 0.516215625 0.4870687421875 0.633796709375 0.39601816562500003 0.6446226828125 0.39033176875 0.6548475359375 0.3943341 0.718707121875 0.5455172734375 0.723318246875 0.5438763453125001 0.7343946875 0.5347388015625001 0.6574023484375 0.35491445625 0.5269906578125 0.4581719203125 0.5105514343750001 0.47227430625 0.516215625 0.4870687421875
0 0.5236423390625 0.4170202578125 0.5222782328125 0.42745120937500003 0.5306987546874999 0.4324012828125 0.656348990625 0.3314494859375 0.6661225859375 0.3304165265625 0.673139840625 0.339227959375 0.735545740625 0.4851213296875 0.7427630609375 0.4813303875 0.7469730734375 0.47677583125 0.6726371906249999 0.29692306875 0.660708621875 0.30514131718750004 0.5236423390625 0.4170202578125
0 0.5367140453125 0.35921955156249996 0.5384469968750001 0.367673615625 0.5429079765625 0.37372706718750004 0.668858934375 0.27144574375 0.6803868875 0.2743730546875 0.6886071078125 0.284895878125 0.749860015625 0.4241698453125 0.7561752859374999 0.424367603125 0.7646957015625 0.41950164375 0.6918632125 0.23300113906250003 0.5496233703125 0.348720078125 0.5367140453125 0.35921955156249996
0 0.54811850625 0.3131902234375 0.5554364374999999 0.3206721203125 0.6785303984375 0.216962340625 0.6917620640625 0.2076691 0.7003329296875 0.2119543765625 0.7658969578125 0.3720058140625 0.7755202125 0.37163762031249997 0.7797299890625 0.360053440625 0.703589528125 0.1741188265625 0.5502365 0.29942571875 0.54811850625 0.3131902234375
0 0.6515951531249999 0.8750841953125 0.650772678125 0.8781966078125001 0.64698428125 0.8837546875 0.6494906312500001 0.8914206921875 0.6553046765625 0.8914911406250001 0.7796527890625 0.8197327703124999 0.79213299375 0.8207930250000001 0.8011049187499999 0.8279919484375 0.8553907296875 0.9605761109375001 0.866016446875 0.960462478125 0.8663168828125001 0.9521033187500001 0.8006025140625 0.7927166640625 0.6577600921875 0.8759466890625 0.6515951531249999 0.8750841953125
0 0.6605397359375 0.838525034375 0.659946215625 0.84987505 0.663755671875 0.856466003125 0.7950703375 0.7773382640625 0.8047435578125001 0.7720620921875 0.815168959375 0.7775212671875 0.874717909375 0.921986190625 0.8802313156249999 0.9233862171875 0.886095325 0.9185486859375 0.8884005953124999 0.9106986156250001 0.8173729296875001 0.737309559375 0.6605397359375 0.838525034375
0 0.673626953125 0.78235063125 0.6725748125 0.794033690625 0.679040671875 0.8005962468750001 0.8124603984375 0.719191209375 0.822634840625 0.714042346875 0.8312558718749999 0.7204492234375001 0.8917570296875 0.8630470796875 0.892308471875 0.8652959687499999 0.9006285796875 0.8660027875 0.9043873359375001 0.8564129421875 0.8337605218749999 0.678907978125 0.673626953125 0.78235063125
0 0.6926027546875 0.72890944375 0.6986175890624999 0.7374663625 0.8247195749999999 0.6556090421875 0.8383522984375 0.64922945 0.853589371875 0.6545045421875 0.9144916328124999 0.8000160546874999 0.9224106390625 0.797809215625 0.92621965 0.7903409921875 0.852034253125 0.6168530624999999 0.6949579906250001 0.7161513937499999 0.6926027546875 0.72890944375
0 0.7076370437499999 0.6694612421875 0.7151555218750001 0.678399984375 0.8395031515625 0.59258239375 0.8527348140625 0.5832891546875001 0.868823921875 0.5894835484375001 0.9288742984375 0.7411053625 0.9350892453125 0.7370598890625 0.9397000328124999 0.72838934375 0.8692235625 0.55021958125 0.711709775 0.6544593328125 0.7076370437499999 0.6694612421875
0 0.7193133875 0.6154869390625 0.72352389375 0.6249915703125 0.8586974921875001 0.5334876015625001 0.8680700265624999 0.5295409953125 0.8775429375 0.5298376015625 0.9405005234375 0.685009471875 0.9491714796874999 0.6865083265624999 0.95358185 0.6763809984375 0.8798472343749999 0.4938691109375 0.7215684921875 0.60551526875 0.7193133875 0.6154869390625
0 0.7328164640625 0.5470630812499999 0.7338281624999999 0.5559922890625 0.739141259375 0.562965096875 0.8692025515624999 0.47297477343749994 0.8772217859375001 0.4679815453125 0.8915564796875 0.4702156890625 0.9494015203125 0.6198715796875 0.9531106015624999 0.6222193203125 0.95927553125 0.623081846875 0.9657408984375 0.6155852125 0.89451239375 0.433709703125 0.7328164640625 0.5470630812499999
0 0.744685334375 0.4910645265625 0.7426475953125 0.500589584375 0.7492637921874999 0.506487371875 0.8849885437499999 0.4102026703125 0.897719221875 0.4078117484375 0.90854568125 0.416184571875 0.967493265625 0.5633086265625 0.9762142328125 0.559899509375 0.9799230671875 0.5552176546875 0.9084940546875 0.37188534375 0.7533729015625 0.4836303703125 0.744685334375 0.4910645265625
0 0.9005240609375 0.35088174843750003 0.9114001984375 0.347316953125 0.9184172531250001 0.3490988046875 0.9239309078125 0.3575284265625 0.9818258656250001 0.502276325 0.988040959375 0.50526045 0.9946926015625 0.49686362031250003 0.994728084375 0.49381424999999995 0.9345553093750001 0.32226676875 0.92678615625 0.3097496234375 0.7596359984375 0.42847197968749995 0.7578821453125 0.435568590625 0.7624435390625 0.4458652984375 0.9005240609375 0.35088174843750003
0 0.9247961218749999 0.278708515625 0.9370760656250001 0.2853415625 0.9519129265625 0.315821365625 0.9954287656249999 0.4335977890625 0.9959194484375 0.3914286125 0.9423372515624999 0.2409855078125 0.7811015718750001 0.36101923125 0.7754383578125 0.37434320312499997 0.78436011875 0.3794205265625 0.7971909265625 0.3742432203125 0.9247961218749999 0.278708515625
0 0.9243429078125001 0.21743641406249997 0.93812625625 0.217421671875 0.9467972093749999 0.2189205421875 0.9516590875000001 0.2208580859375 0.9534136484375001 0.2318479375 0.9474997203125 0.2415934765625 0.99622258125 0.3653774953125 0.9967332390625 0.321491653125 0.9424353859375 0.181962271875 0.7988612046875 0.2972241640625 0.7948829749999999 0.3047676328125 0.785610815625 0.3129574515625 0.79272824375 0.3189825171875 0.9243429078125001 0.21743641406249997
0 0.7600585625 0.9110619203124999 0.77103536875 0.9187699453124999 0.7982034 0.9861228390625 0.821159225 0.994763853125 0.77318936875 0.8834662484375 0.669964796875 0.9410287359374999 0.6868829937500001 0.94871665625 0.7478792859375 0.91570169375 0.7600585625 0.9110619203124999
0 0.7749469015625 0.9788113624999999 0.8005089171875 0.9853023640625 0.768830225 0.9238336359374999 0.7144139625 0.9554771609375001 0.735801640625 0.9597327546875001 0.7540454343749999 0.951712253125 0.7674781828125 0.95793505625 0.7749469015625 0.9788113624999999
0 0.5324748640625 0.8215502703125 0.5458073890625 0.8305594484375 0.58610764375 0.912494284375 0.6051039125 0.9222387375000001 0.5451044328125 0.793827334375 0.4438825609375 0.864651053125 0.4544379375 0.8713267234375 0.5225009640625 0.82815599375 0.5324748640625 0.8215502703125
0 0.5438353859375 0.89692738125 0.5601250421875 0.9045786203124999 0.5308522859375 0.846532640625 0.481337559375 0.87837723125 0.4963702171875 0.8841715359375 0.5203277265625 0.8719782828125 0.529149065625 0.8728123796875 0.5438353859375 0.89692738125
0 0.639818390625 0.9248152703124999 0.790529703125 0.8372567999999999 0.7841137687499999 0.8257862234375001 0.778600409375 0.8243862078124999 0.658362428125 0.9014059953125001 0.644077890625 0.9012934828124999 0.580203103125 0.7612201828125 0.572449790625 0.758681953125 0.5675380359375 0.7616524296875 0.639818390625 0.9248152703124999
0 0.593801521875 0.7046070203125 0.5810345265625 0.7043168203125 0.5809346453125 0.7141327921875 0.653766440625 0.879544525 0.8076350968750001 0.785055328125 0.8094391828124999 0.7770779937500001 0.803374425 0.7734290968749999 0.8022216234374999 0.7738393078125 0.6663460421875 0.8567295859374999 0.6607824718749999 0.8532079578125 0.6530634375 0.8428124015625 0.63998065625 0.8092632171874999 0.593801521875 0.7046070203125
0 0.6001287390625001 0.64800840625 0.59476620625 0.6600028250000001 0.6715075859375 0.8292191296875 0.8278821140625 0.7283366906250001 0.822167959375 0.7184502359375 0.8145995078125001 0.714419503125 0.8004658015624999 0.727701415625 0.685039203125 0.7975075125 0.6731103921875 0.7986961375 0.6639376734375 0.7830107749999999 0.6059717296875 0.6507925703125 0.6001287390625001 0.64800840625
0 0.6759963484375 0.7179717734375 0.6176508546874999 0.5892774281250001 0.610333125 0.5888251140625 0.60672470625 0.5977501937499999 0.611587028125 0.6137469296875 0.6819626859375 0.7736142687500001 0.8467072796874999 0.668530696875 0.8406422843750001 0.6578521765625001 0.83457748125 0.65420326875 0.8271596140625 0.656537365625 0.695544503125 0.74402429375 0.68632206875 0.7402765078125 0.684868384375 0.7349867015625 0.6759963484375 0.7179717734375
0 0.6312870875 0.531819509375 0.6261853875 0.5327906515625 0.6221759125 0.538802084375 0.621825265625 0.54503963125 0.6967121109375001 0.7130820375 0.8630605812500001 0.6055939 0.8579979484375 0.59516994375 0.8532865031249999 0.592567640625 0.84682084375 0.59303466875 0.7102437203124999 0.6813704484375 0.698765978125 0.6805647515625 0.690194625 0.66222025625 0.6312870875 0.531819509375
0 0.6354560859375 0.48242320781250003 0.7083382921875 0.6569861343750001 0.872531534375 0.5496536937500001 0.8714284140625 0.5381262859375 0.8649625546875 0.5315637328125 0.7300896359375 0.62173815 0.7187624765625 0.627297278125 0.7115948375000001 0.6191506015625 0.645479903125 0.47090948906249996 0.6375608500000001 0.47311631875 0.6354560859375 0.48242320781250003
0 0.7221498640624999 0.553729778125 0.66049590625 0.41154213281249996 0.6519752484375 0.40937846875000006 0.650221328125 0.4194774078125 0.652978396875 0.430721828125 0.72315374375 0.596161946875 0.754077853125 0.5765993375 0.8856428 0.48699080937500006 0.8859432343750001 0.4786316484375 0.8800288187499999 0.474317984375 0.8764700796874999 0.47130544687500003 0.7403442250000001 0.5646764859375 0.7261099062499999 0.5666855578125001 0.7221498640624999 0.553729778125
0 0.6803237875 0.359020259375 0.676366978125 0.353583884375 0.6700989265625 0.35501795937499997 0.667041665625 0.35916229375 0.66588915 0.366602140625 0.7381198265625 0.5417026 0.8963986187499999 0.4300564234375 0.9010094078125 0.4213858765625 0.8946938859375001 0.41415855468749996 0.8797078609375 0.41949152500000003 0.75581149375 0.5103444046875001 0.7465389 0.5044749875 0.7360131171875001 0.49477262812499995 0.6803237875 0.359020259375
0 0.7604203796875 0.4454370265625 0.7523002937500001 0.43212779375 0.690195315625 0.2919344828125 0.68307816875 0.29293905468750003 0.6807226421875 0.2986675 0.6782670359375 0.3071823359375 0.74944504375 0.4799065953125 0.7566124375000001 0.48102368125000006 0.7724502953125 0.4695804296875 0.9230105859375 0.3615979265625 0.91759710625 0.350381934375 0.9100286093750001 0.34635119375 0.8989019609375 0.35336712187499997 0.7718981687500001 0.44624273593749997 0.7604203796875 0.4454370265625
0 0.7718116687500001 0.3833490828125 0.7677015359375 0.3780876640625 0.7636413656250001 0.3679182640625 0.7034853296875 0.2266383125 0.698128278125 0.2310772546875 0.69396846875 0.23775345468750003 0.69201404375 0.24639555937500002 0.7657483296875001 0.4218778 0.7818369453125 0.4140130046875 0.9406669328125 0.2975861265625 0.9408170265625 0.2898917640625 0.935704475 0.28437579999999996 0.9286874203125001 0.28259395 0.7885021359375 0.3868843734375 0.77988130625 0.3875070796875 0.7718116687500001 0.3833490828125
0 0.7854928906249999 0.32988388281250003 0.7234752375 0.1663791828125 0.7156683859374999 0.1652358265625 0.7120597296875 0.1671312828125 0.7068975015625 0.1735529375 0.7809831640625 0.36388644375 0.9535457109375001 0.231263984375 0.954698265625 0.22382417812500002 0.949385215625 0.21685138125 0.9386593218750001 0.21975138749999998 0.812307353125 0.3191190734375 0.8005793375 0.3287941359375 0.7854928906249999 0.32988388281250003
0 0.3865729828125 0.8456582078125001 0.437546921875 0.8663345874999999 0.5390900875 0.7993296359375 0.5429991796875 0.7890750203125 0.5358817499999999 0.7830499546875 0.46315768593750006 0.832769575 0.422961215625 0.8534924234375 0.40060680312499997 0.8421922890625 0.34251226875 0.7241059859375001 0.33283905156250004 0.72938215625 0.3865729828125 0.8456582078125001
0 0.342915509375 0.6851584890625 0.41146417187499995 0.8246491359375 0.412918384375 0.8439981734374999 0.5453856125 0.7574305984375 0.555208884375 0.7444600218749999 0.549695278125 0.7360304125 0.4914557609375 0.7732601890625 0.4397320765625 0.8121445093749999 0.4193827828125 0.808383103125 0.3582807078125 0.682503540625 0.3516645109375 0.676605753125 0.342915509375 0.6851584890625
0 0.36041545625000004 0.61916225 0.356857203125 0.63020893125 0.41194468906250004 0.7545611828125 0.4311924078125 0.7889728625 0.5614040375 0.698317771875 0.56982408125 0.689208596875 0.5631075078125 0.679067596875 0.45830682031250003 0.755789675 0.44667893281250004 0.7626783578125 0.43344678437499995 0.7579123796875 0.4248754234375 0.739567915625 0.36562813437499997 0.6218918328124999 0.36041545625000004 0.61916225
0 0.4419654859375 0.703839228125 0.38056253125 0.5722596359375001 0.3740966796875 0.5656970515624999 0.3664278734375 0.5741579390625 0.392493734375 0.6413670328125 0.4423175953125 0.73977930625 0.48416781249999996 0.7117438890625001 0.5802976984375 0.6405525296875 0.585810859375 0.6349229640625 0.5851590437499999 0.628430859375 0.578091825 0.62452740625 0.46802849531249996 0.7034278828125 0.4621644890625 0.708265415625 0.44928347031250004 0.7113211078125 0.4419654859375 0.703839228125
0 0.45424348124999997 0.6542354312499999 0.389432134375 0.5189785015624999 0.3843697484375 0.5155841390625 0.38032763125 0.5197288828125 0.4513874984375 0.6809254218749999 0.4561993734375 0.6877709203125 0.594480153125 0.5872146093749999 0.5956329109375 0.5868043703125 0.598238909375 0.5776247624999999 0.5931263578125 0.5721087984375 0.5867109546875 0.574697453125 0.4748934578125 0.6566672703124999 0.470783609375 0.658435490625 0.45965671406249997 0.658421828125 0.45424348124999997 0.6542354312499999
0 0.39546035 0.4548257765625 0.3900162015625 0.46633805937500006 0.4677914046875 0.6341694343750001 0.6105828890625 0.5277289671875 0.6152941390625 0.5233016734375 0.6128879609375 0.5128493171875 0.604367303125 0.510685653125 0.49144725468750006 0.5951873390625 0.48463099375 0.601891925 0.4692938375 0.599403225 0.406637946875 0.47102025625 0.4009737140625 0.45622579218750003 0.39546035 0.4548257765625
0 0.41012570937500004 0.4016959671875 0.4069243125 0.41267291874999995 0.4787979453125 0.5808134640625 0.6240453234375 0.472887796875 0.6276037765625 0.4688706984375 0.62735281875 0.4582626578125 0.6217892484374999 0.4547410296875 0.5097212765625 0.5401620281249999 0.5022534859375 0.5474041484375001 0.48541291875 0.55156325 0.42240589687499996 0.41535860625 0.418295525 0.4030675640625 0.41012570937500004 0.4016959671875
0 0.4255269515625 0.3476558390625 0.416460953125 0.35292075624999997 0.48798380156250004 0.5167596015625 0.4941991875 0.5267733359375 0.63653940625 0.41529760937500004 0.6390452234375 0.408904384375 0.6371904875000001 0.4007009015625 0.6307248750000001 0.401167940625 0.51359480625 0.4902242140625 0.503921346875 0.4884707625 0.49284441562500003 0.48354911874999995 0.4313412859375 0.35475589531249996 0.4255269515625 0.3476558390625
0 0.43366788125 0.290901146875 0.5040363671875 0.4551523890625 0.50879826875 0.4669059 0.657804409375 0.3493903546875 0.6565509890625 0.338527759375 0.6505363953125001 0.3370004640625 0.5312514 0.43324200937499996 0.5196734828125 0.43522268124999997 0.5081454828124999 0.43229535781250006 0.44458681875000006 0.28681224375 0.4389231203125 0.286076996875 0.43366788125 0.290901146875
0 0.4405734734375 0.23574984531249998 0.51918758125 0.4186226171875 0.6710002703125 0.2933842921875 0.6699473968749999 0.283978540625 0.6653360328125 0.27858984531250003 0.5791300765625 0.348083478125 0.5469530796875001 0.370842721875 0.530413434375 0.38070188125 0.519386428125 0.3708722125 0.454574828125 0.2285857203125 0.44560315 0.228416390625 0.4405734734375 0.23574984531249998
0 0.4682558109375 0.16809089531250002 0.46359452343749996 0.1676102234375 0.4557495125 0.17216073437499999 0.455074359375 0.179505746875 0.5322671984375 0.3607869265625 0.66067401875 0.2570203296875 0.6842299796875 0.22785423906250002 0.685282365625 0.22320077343750003 0.67636060625 0.21812345 0.5648944874999999 0.31494453437500003 0.5521640546875 0.324365053125 0.5393329546875 0.322512753125 0.53181446875 0.31357403906250003 0.4682558109375 0.16809089531250002
0 0.6944426171875 0.1505765375 0.6926977484375 0.150570634375 0.6017308124999999 0.23642918124999998 0.563840153125 0.2633611578125 0.5488036703125 0.259542921875 0.47988174531250005 0.1049653984375 0.47111057343749996 0.10625288906250001 0.4632416859375 0.1105813171875 0.5468504656250001 0.30333305781250003 0.7006175765625 0.1694526296875 0.700867803125 0.1589718546875 0.6944426171875 0.1505765375
0 0.2021898546875 0.7676676796875 0.21121174375 0.7699586203125001 0.32027265625 0.6908036 0.329945584375 0.678497821875 0.3208233203125 0.671963665625 0.2303069234375 0.7417686609375 0.2093063078125 0.7455743375 0.1388816640625 0.618733384375 0.1316641 0.6154947328125 0.1299102234375 0.6255936828124999 0.2021898546875 0.7676676796875
0 0.1377757640625 0.5734826390625 0.2145163890625 0.721610125 0.23135695625000002 0.717451025 0.3462816375 0.626428846875 0.33545517812500003 0.618056021875 0.23546610937499998 0.694594034375 0.22343717187499998 0.6985690390625 0.21391380624999998 0.689121225 0.1464964828125 0.5630439265625 0.1385774078125 0.5652507515625 0.1377757640625 0.5734826390625
0 0.227546328125 0.6757120515625 0.35765730156250003 0.5737840953125 0.35079038749999997 0.5643078781249999 0.3471315234375 0.5640817203124999 0.2383715703125 0.6489368437499999 0.2249888359375 0.6378060375 0.161632 0.5126696749999999 0.154614134375 0.5060571 0.147146328125 0.5132991828125 0.227546328125 0.6757120515625
0 0.156298565625 0.465798965625 0.2368489109375 0.6275470375000001 0.36495504843750004 0.52511000625 0.3611453515625 0.511489428125 0.35483008437499997 0.5112916703125 0.25368850625 0.5952694984375 0.24015591249999999 0.598862709375 0.2286274296875 0.5818761703125 0.1672748859375 0.45944777343750004 0.1612602921875 0.457920478125 0.156298565625 0.465798965625
0 0.1692778140625 0.4037200453125 0.162912571875 0.4084302984375 0.1661708515625 0.4198019921875 0.2424606984375 0.576953421875 0.37352396718750003 0.4731584390625 0.372069996875 0.460838996875 0.366706975 0.4587742125 0.26050325937499996 0.5463872750000001 0.24997796249999998 0.550744134375 0.2408554609375 0.537180353125 0.174541684375 0.40635332812499997 0.1692778140625 0.4037200453125
0 0.189490678125 0.3494958375 0.1827243859375 0.351292428125 0.186133221875 0.36902895625 0.2633251359375 0.5221917078125 0.39398730625 0.41548305 0.39002726875 0.40252725624999997 0.385315821875 0.39992495 0.280114515625 0.4877925890625 0.2667824765625 0.49284261718750005 0.25550475 0.47943453125 0.1985627546875 0.35390838593749996 0.189490678125 0.3494958375
0 0.20089802968749998 0.292023921875 0.19553523125 0.296988725 0.19523479375 0.305347884375 0.2750833765625 0.4655118671875 0.4069984296875 0.3556065921875 0.403740175 0.3442349046875 0.3963722796875 0.34166098906250003 0.2973359578125 0.43039113437500004 0.2820492046875 0.43705365937499996 0.262200365625 0.41233070625 0.2083663 0.29884105 0.20089802968749998 0.292023921875
0 0.2080634296875 0.236904146875 0.2001945671875 0.2412325828125 0.2036833625 0.24936152968749997 0.205908959375 0.2581486625 0.28114642968750003 0.4199535140625 0.4033381484375 0.3132028203125 0.4119586953125 0.30555047812499997 0.4171207234375 0.292099240625 0.4078982796875 0.288351484375 0.317282 0.36797245625 0.29272313125 0.3828248109375 0.2773857203125 0.3733065484375 0.2179876 0.2422360453125 0.2080634296875 0.236904146875
0 0.21649833593749998 0.1972630046875 0.2974996796875 0.3570167359375 0.431619921875 0.24204777968750002 0.43187014843749993 0.2315670078125 0.42415139999999996 0.2282010875 0.3189001828125 0.3209766890625 0.3061195390625 0.32827559375000004 0.2933384046875 0.3215153109375 0.2223618578125 0.17836625625 0.21339039531249998 0.1852265453125 0.21649833593749998 0.1972630046875
0 0.3099267484375 0.271600128125 0.2453159515625 0.13780004375 0.23719610625 0.13152043125 0.22982795937499997 0.12191693750000002 0.22521710781249998 0.1305874515625 0.23198388906249998 0.1428500640625 0.30782271250000004 0.30199584375 0.32200663125 0.290835546875 0.4409905078125 0.181864346875 0.44570170937500003 0.17743704062500001 0.4456513046875 0.16828583125000002 0.4360779734375 0.16374599843749998 0.338695640625 0.2521931828125 0.32972444843750004 0.26608307343750004 0.3099267484375 0.271600128125
0 0.313584884375 0.25073747343749997 0.451463640625 0.119149059375 0.4466015609375 0.11018193437499998 0.4371286484375 0.10988532656250001 0.32942181718749997 0.21117579531250003 0.3185456328125 0.21474057812499997 0.3079197234375 0.2078246 0.304711878125 0.20560410624999997 0.241303534375 0.0594562046875 0.23163009531249998 0.057702771875 0.227178071875 0.06459095312499999 0.313584884375 0.25073747343749997
0 0.15156753750000002 0.768872175 0.1736712375 0.7765938625000001 0.117732409375 0.6724110796875 0.0499302140625 0.7287851671875 0.056185892187499996 0.7383251828125 0.09542961718750001 0.705410203125 0.1137236234375 0.6995113125 0.15156753750000002 0.768872175