0 0.5322333109375 0.80703245625 0.5418249953125 0.8067904625000001 0.5455648531249999 0.7909951203125 0.409035553125 0.6141044531250001 0.2644193921875 0.7778229171875 0.2665722484375 0.7899581703125 0.27151975 0.7950502765625 0.28180568125 0.7980513359375 0.38691160625 0.678469790625 0.399297934375 0.6711846484375 0.41009147500000004 0.6710126562500001 0.42578584375000006 0.6743287203125 0.5229625484375 0.7976852875 0.5322333109375 0.80703245625
0 0.259250234375 0.723877765625 0.2662339109375 0.7370950625 0.27662975156249997 0.7414689125 0.39295025625 0.6179715375 0.40727941406249996 0.6156034953125 0.42479993125000004 0.61982656875 0.5356406703125 0.7591914562500001 0.54451471875 0.7549043656250001 0.54714600625 0.7422471109375001 0.415214165625 0.558418278125 0.40232028125 0.5688764953125001 0.259250234375 0.723877765625
0 0.26288795 0.6633370234375 0.256604309375 0.6741802625 0.2654141890625 0.688304534375 0.2744749265625 0.6904335890625 0.37914325 0.576431184375 0.396010353125 0.5581977984375001 0.4109638015625 0.5566667640625 0.422428253125 0.5589358203125 0.5359294625000001 0.707262909375 0.5447101640625001 0.699767725 0.547919071875 0.68634346875 0.4110163921875 0.4966205078125 0.26288795 0.6633370234375
0 0.41767927812499994 0.43695925625000004 0.25912488749999996 0.5958626109375 0.25651687968750003 0.6093219046875 0.2628763203125 0.6217021625 0.27258468593749996 0.6254702296875 0.390887865625 0.505856690625 0.40200232812500003 0.4960954984375 0.41388104375 0.49198340937499996 0.4308706703125 0.498577534375 0.538759146875 0.660188909375 0.541763871875 0.6603639140625 0.5470556281250001 0.6566688234375 0.553683471875 0.637038421875 0.41767927812499994 0.43695925625000004
0 0.267526365625 0.5547177578125 0.27088113593749996 0.566923015625 0.2779042203125 0.5687057156249999 0.4057538890625 0.4394673 0.4164074125 0.43448320625000003 0.42856616406250003 0.43999531718749996 0.54073123125 0.60425775 0.548981040625 0.59913361875 0.5497861796875 0.5855693578125 0.42007141406250004 0.39546438125 0.2733023953125 0.5470475734375 0.267526365625 0.5547177578125
0 0.2725789703125 0.522185065625 0.2759529984375 0.5325842734374999 0.41230588125 0.3966134 0.42312275781249997 0.3972434109375 0.43160593125 0.40013947187500004 0.54275583125 0.5707480484375 0.550427965625 0.5663909546875 0.551209825 0.5520246546875 0.4231111828125 0.355608553125 0.27629549062500003 0.5055877171875001 0.2725789703125 0.522185065625
0 0.4179186875 0.300861396875 0.2772290171875 0.4552006609375 0.26754983125 0.47305205 0.2714121546875 0.4820842140625 0.2816514140625 0.48348126406249997 0.3991670046875 0.35741658125 0.40718339531250003 0.34427230937500003 0.42160589843749996 0.345112325 0.43145428125 0.3536925109375 0.5394594953125 0.5193139484375 0.5489811140625 0.5166659015625 0.5504572203125 0.5055426578125 0.42596420312500005 0.3093365765625 0.4179186875 0.300861396875
0 0.2725791 0.4397173515625 0.283283190625 0.44419197656250003 0.405322334375 0.3009284046875 0.41962815468750003 0.29775834218749997 0.43250454375 0.307315534375 0.5489462015625 0.47422900312499994 0.5554398171875 0.47060394843750003 0.5575868859375 0.4619217546875 0.4183913296875 0.255251440625 0.275327071875 0.4310701578125 0.2725791 0.4397173515625
0 0.6175778171874999 0.17341118125 0.53486444375 0.031681225 0.5088840359375 0.030039204687499998 0.4164679171875 0.1480867078125 0.4278215296875 0.1671630796875 0.4331832953125 0.1658740765625 0.5115970734374999 0.05674775625 0.5242634374999999 0.05908681406250001 0.533995084375 0.06365691875 0.5536276296875 0.0992286484375 0.607227665625 0.1888215171875 0.6191763921875 0.187115478125 0.6175778171874999 0.17341118125
0 0.4037082109375 0.14253959375 0.319112440625 0.018586182812499998 0.26812397187500003 0.016016528125000002 0.1966589515625 0.1192711296875 0.20544546874999997 0.1325933953125 0.2149904796875 0.13074735625 0.283999265625 0.0282792109375 0.30383020625 0.029434231249999998 0.3154113375 0.035713346875 0.39391234218750004 0.1563808875 0.4023487859375 0.15767289843750001 0.40747718906249997 0.148363703125 0.4037082109375 0.14253959375
0 0.9215798218750001 0.9777830281250001 0.9099928453125001 0.9506864625 0.795987265625 0.7705177828124999 0.6096698609375 0.9588156968750001 0.610877559375 0.9797031109375001 0.6254400812500001 0.985355225 0.6325813234375001 0.9833691828125 0.7789594140625 0.8389691578124999 0.7950213749999999 0.8343000328124999 0.8142572031249999 0.8562375031249999 0.9026532078124999 0.987089215625 0.9164747546875001 0.9878942281249999 0.9215798218750001 0.9777830281250001
0 0.930833165625 0.9246779265624999 0.9278927171875001 0.906091528125 0.807442871875 0.7045163265625 0.6147108359375 0.8846481421875 0.6147399874999999 0.9062675953125 0.6233398140624999 0.9131737140625 0.6312920390625 0.918440825 0.6612164328125 0.8953633484375001 0.7766549625 0.780386909375 0.798539571875 0.769651678125 0.8217252828125 0.78301195625 0.9124141625 0.930811059375 0.926119028125 0.927605978125 0.930833165625 0.9246779265624999
0 0.8223088953125 0.638126934375 0.6213271046875 0.8233828484375 0.6207319359375 0.84416529375 0.6258428453125 0.8548715078125 0.628339903125 0.8582195625000001 0.7878919671875 0.71298550625 0.8079504828124999 0.7013432546875 0.8260952921875001 0.7064033515625 0.92897210625 0.881334021875 0.9442230828125 0.86941174375 0.94267118125 0.8573114921875 0.8223088953125 0.638126934375
0 0.8387910390625001 0.5654263984375001 0.6818293796875 0.7172166015625 0.6328908171875 0.76720965625 0.6273482046875001 0.7828999999999999 0.63721986875 0.7922822046875 0.7904650078125 0.65708933125 0.81435666875 0.6328598249999999 0.8299810843750001 0.63376984375 0.8438959765625 0.6377829109375 0.94233863125 0.82526583125 0.9541940656250001 0.820351740625 0.961539490625 0.8047663984375 0.8550454796875 0.5879908671875 0.8387910390625001 0.5654263984375001
0 0.964057065625 0.7057288515625 0.9673593203124999 0.6955126125 0.8703111296875001 0.45286555625 0.66138925625 0.6306497515625 0.6619138484375 0.6513007390625 0.670997921875 0.6542318 0.841874471875 0.5064546828125 0.8549084296875 0.5008085703125 0.8651943578125 0.5038096296875 0.8725923 0.510645765625 0.9479017593749999 0.707189884375 0.95458211875 0.7099809453125 0.964057065625 0.7057288515625
0 0.850134478125 0.5016828296875 0.8237223640625 0.5217622546875 0.75548959375 0.58904666875 0.6542261390624999 0.6938463234375 0.6570406890625 0.71061725 0.661988190625 0.71570935625 0.8181155296875 0.5558639578125 0.8346851015625001 0.5480217984375 0.846266234375 0.5543009328124999 0.9502107265624999 0.745306915625 0.9554558109375 0.7400078156250001 0.9580404281250001 0.725746515625 0.850134478125 0.5016828296875
0 0.8429802375 0.31766125 0.6505293671875 0.47398345 0.6511934140625 0.48904087343749997 0.6597932125 0.49594702812499997 0.8103369984375 0.371005371875 0.8251037578125 0.3630581921875 0.8422100640625001 0.3736624125 0.9205942015625 0.572787565625 0.9259793046875 0.5723005671875 0.9293048953125 0.56288636875 0.8429802375 0.31766125