0 0.5323396375 0.5180289984375 0.5403963625 0.49979707500000004 0.5383743484375 0.4886434125 0.28554393125 0.2848025375 0.1757828234375 0.556779959375 0.1718592796875 0.5795311484375001 0.1727452171875 0.5870294828125 0.190314421875 0.6056010828125 0.1975825140625 0.6065216359375001 0.29029329531250003 0.37367433125 0.297849734375 0.363128421875 0.308589740625 0.3623092015625 0.31966675 0.363348925 0.524121928125 0.52231586875 0.5323396375 0.5180289984375
0 0.5125156 0.44262556875000003 0.5169521609375 0.4096472125 0.26768051875 0.20976851718749998 0.260187759375 0.20760866875 0.2293343453125 0.2828898359375 0.1483386625 0.5046281953125 0.1481371734375 0.5217966078125 0.16839195468749998 0.5342908984375 0.17774574062499998 0.5336593578125 0.21929279687499997 0.42074355468749997 0.2726058984375 0.286554203125 0.2919133515625 0.28076590625 0.30824688125 0.2925213765625 0.5052220359375 0.4467873203125 0.5125156 0.44262556875000003
0 0.3828596421875 0.46906753281249997 0.5462563296875 0.5974065000000001 0.55426210625 0.589339184375 0.5576853671875 0.57427400625 0.552903653125 0.560954546875 0.5241578437500001 0.538182425 0.31859206093750003 0.3704778515625 0.3080871671875 0.393485228125 0.25938435000000004 0.5061001234375 0.20048817031250002 0.64866364375 0.20263525468750002 0.6578958046875 0.209614996875 0.6702828171874999 0.22161615 0.671197425 0.228759171875 0.674039478125 0.29709829375 0.51305635625 0.3296621890625 0.44198760937500003 0.3431873671875 0.4382518796875 0.352977753125 0.4426400828125 0.3828596421875 0.46906753281249997
0 0.5633206656249999 0.670644134375 0.56735425 0.6720026031249999 0.572674453125 0.67001259375 0.5769222609375 0.6516614984375 0.57466284375 0.6418096906249999 0.34484690625000003 0.4526289015625 0.3366546703125 0.45183347031250004 0.2888887328125 0.5617820984375 0.23891203437500003 0.675204321875 0.2201744015625 0.7285297296875 0.2204731953125 0.738012128125 0.22572971718749998 0.7487278749999999 0.23585710624999998 0.7549750203125 0.2455606328125 0.753661271875 0.344201940625 0.535247603125 0.3502598296875 0.5242697265625 0.36112490468749997 0.5215290015625 0.3722019125 0.5225687265625 0.5633206656249999 0.670644134375
0 0.7303469390624999 0.973077309375 0.778627165625 0.9678104203125001 0.83777705 0.9128227859375 0.84922926875 0.9080979984375 0.86018120625 0.9110592265624999 0.887563978125 0.9524267343749999 0.9207208765624999 0.9473028046874999 0.8574770375 0.851748803125 0.82398084375 0.8785038015625 0.7303469390624999 0.973077309375
0 0.9231025671875001 0.4721074859375 0.9285987859375 0.45803136875000006 0.9287748015625 0.445945259375 0.7419211781249999 0.2299975796875 0.6620580046875 0.363972375 0.596021096875 0.48020382812499995 0.5948086015625 0.4917954078125 0.6034119671875 0.5026928875000001 0.6142515703125 0.50503446875 0.7321725640625 0.309404815625 0.7439872578125 0.3014566703125 0.7579617734374999 0.3001995328125 0.780450496875 0.3276279375 0.9132739703125001 0.4753427390625 0.9231025671875001 0.4721074859375
0 0.7850516109375001 0.40001352656250005 0.9107065890625 0.5499685765625 0.9216457890624999 0.5554709546875001 0.9352346484374999 0.5390294703125 0.9348235203125 0.5289274234375 0.81066709375 0.3794043421875 0.748332371875 0.3097563859375 0.71504581875 0.3637818421875 0.6526695765625 0.4636462625 0.6035451875 0.5452102546875001 0.6048549890625 0.5602694859375 0.6135706859375001 0.5717866125 0.622574734375 0.5718372781250001 0.6378126890625 0.5488239562499999 0.73578585 0.39462128124999996 0.7523718140625 0.379043734375 0.764722703125 0.3792761328125 0.7719653234375 0.3852789875 0.7850516109375001 0.40001352656250005
0 0.9223511234374999 0.6220354203125 0.9345155546875 0.61340506875 0.935853121875 0.599891984375 0.932557225 0.5895456484375 0.8116098328125 0.44466695468750006 0.7610006515625 0.38485891250000004 0.6771293671875 0.5123929359375 0.6110565421875 0.6127578328125 0.6142401046875 0.6224845234374999 0.62387995 0.6338765296875 0.6331086671875 0.6351664921875 0.6656702703125 0.5875877546875 0.7471061203125 0.46228803125000006 0.760207434375 0.4509914078125 0.77394454375 0.4510361265625 0.7933365671875 0.47443979062499997 0.9223511234374999 0.6220354203125
0 0.7813053562500001 0.5255875109375 0.7937048984375 0.5391453140625 0.8907646109374999 0.659324434375 0.9251166812499999 0.6921300968749999 0.9368445124999999 0.67848 0.93655845625 0.6664564515625 0.8435323296874999 0.5476357984375 0.7661634328125 0.4603427390625 0.7434941078125 0.49198046875 0.6580501484375 0.6108394203125 0.6123362828125 0.6798793890625 0.614008559375 0.691715259375 0.620314296875 0.7003843843750001 0.6278070578125 0.7025442328125 0.6319657109375 0.701981196875 0.6747311218750001 0.6454026953125 0.726939475 0.57040459375 0.7514825640625 0.5334343234375 0.7657326906249999 0.523251878125 0.7813053562500001 0.5255875109375
0 0.354018909375 0.9965583406249999 0.395054775 0.9960808437500001 0.4604507203125 0.92025619375 0.4715599828125 0.9074274625 0.4843894984375 0.906205246875 0.49551755625 0.908301934375 0.50717145625 0.91753403125 0.5710056703124999 0.9940334703125 0.587239603125 0.993844571875 0.6058014625 0.9915276609375001 0.481348021875 0.8407280859374999 0.39000249375 0.95089915 0.354018909375 0.9965583406249999
0 0.46688478906249997 0.9811559750000001 0.475543271875 0.9717475953125 0.49071183124999995 0.970723459375 0.5036014468750001 0.97618495 0.519404740625 0.9946339015625 0.5644426015625 0.9941098390625 0.48486556875 0.90459651875 0.41000841250000003 0.9959068437499999 0.45415617499999994 0.9953931375 0.46688478906249997 0.9811559750000001