0 0.2902056625 0.6549381609375 0.22724653749999998 0.48208819375 0.09472624375000001 0.5511635625 0.0981538640625 0.56877036875 0.2050874484375 0.5195119781249999 0.2208443484375 0.5196072859374999 0.277371596875 0.6596624 0.2902056625 0.6549381609375
0 0.2824909203125 0.61756226875 0.2905839078125 0.60995108125 0.2924743703125 0.5970430671875 0.2350932625 0.437089121875 0.0972452984375 0.5053612171874999 0.09988727343750001 0.5173889265625 0.20500261718749999 0.47006313281249995 0.21829968906250002 0.46980054843749997 0.2824909203125 0.61756226875
0 0.29848146875000003 0.5946213031250001 0.30657445625 0.5870101187500001 0.24732411875000002 0.39931945 0.2430291296875 0.3910043921875 0.143603565625 0.44120394999999996 0.148963590625 0.45531819218749997 0.22696628125 0.42492076093750003 0.23325802499999998 0.42913194531250004 0.29848146875000003 0.5946213031250001
0 0.24001708281249998 0.3872703875 0.2500515203125 0.39642050625 0.30688041093749996 0.5529983421875 0.3130659375 0.5484053953125 0.31688085625 0.5423689140625 0.255706065625 0.34780671406249997 0.1538874125 0.405499459375 0.1545459203125 0.41767971406250004 0.2235295328125 0.3859701515625 0.24001708281249998 0.3872703875
0 0.1275099421875 0.3730983359375 0.133533959375 0.380566334375 0.138364253125 0.3823676921875 0.24148284375 0.3391457703125 0.2580596828125 0.339360425 0.2706600140625 0.357672546875 0.311235015625 0.48991372499999997 0.318257409375 0.49532983750000004 0.32442594062499996 0.48084711875 0.2769390734375 0.3014595109375 0.1304799625 0.35849903125 0.1275099421875 0.3730983359375
0 0.184534734375 0.32536713281249996 0.189738809375 0.3327158328125 0.26654784062500003 0.2966518703125 0.27647607343749997 0.296997759375 0.28743659374999997 0.315071296875 0.324838109375 0.455639475 0.3312189890625 0.45876510625 0.33747674375000003 0.44319669531250006 0.2965492640625 0.26476349843749997 0.29089903281249996 0.2628427953125 0.1871076046875 0.305729234375 0.184534734375 0.32536713281249996
0 0.3352507234375 0.419802453125 0.34646189843749997 0.42472939218750005 0.352825859375 0.41796521249999996 0.313699628125 0.22770959375 0.162490484375 0.27052610312500003 0.163522775 0.288253753125 0.2913451125 0.2574147875 0.29827829375000003 0.2639164421875 0.3352507234375 0.419802453125
0 0.35031519375000003 0.3879380203125 0.36379077031249996 0.3855042640625 0.36723190156249996 0.3739204859375 0.33602022656249997 0.1782248625 0.17588384375 0.21505629375000002 0.1788209796875 0.23335290937500003 0.310938309375 0.21082899843749997 0.3228079171875 0.2279361828125 0.35031519375000003 0.3879380203125
0 0.25739734062499997 0.165686990625 0.2633491359375 0.184130403125 0.3461268875 0.17639956875 0.36593196093749997 0.3594496609375 0.37931824375 0.358101534375 0.360299196875 0.15539120312500002 0.25739734062499997 0.165686990625
0 0.4148636875 0.319329684375 0.3806060484375 0.10012052187500001 0.37823208125 0.1010437578125 0.2958995328125 0.15151427343749999 0.2993745796875 0.15971003125 0.359640690625 0.14321089843749998 0.3989284359375 0.321405521875 0.4148636875 0.319329684375
0 0.4735019125 0.43950489687500005 0.5158009906250001 0.5720736671875 0.52851805625 0.566700203125 0.5286508046875 0.5567869859375 0.47761561406249997 0.40378475937499997 0.34674339375 0.47162791875 0.35261649687499996 0.4914445859375 0.46137148593750005 0.43773997812500004 0.4735019125 0.43950489687500005
0 0.5379110218750001 0.543686996875 0.5507014125 0.5374212968750001 0.4953299078125 0.36254298125 0.3747161625 0.4133936203125 0.3764584921875 0.4253855875 0.48398085156250004 0.3949786125 0.49628581406250005 0.41121627031249997 0.5379110218750001 0.543686996875
0 0.373134403125 0.40774568125000005 0.383316421875 0.40832416875 0.48682672812499994 0.3520505515625 0.49401981875 0.355805990625 0.5073792687500001 0.3758089421875 0.5419441375 0.49461092500000003 0.5481560125 0.49370878906250004 0.5572101515625 0.49141429687500005 0.5038728328125 0.3208680640625 0.37168533125000003 0.3921845140625 0.373134403125 0.40774568125000005
0 0.38884399531249997 0.3576596828125 0.39004514375 0.3596403375 0.49280824687499997 0.30416099218750003 0.50306359375 0.303847203125 0.5158085953125 0.314731125 0.5564525859375 0.442544234375 0.563265 0.4426324609375 0.5697701875 0.438161175 0.518717725 0.264751509375 0.38717493593749996 0.344775390625 0.38884399531249997 0.3576596828125
0 0.520107084375 0.2458286 0.5683665671875 0.40545039374999997 0.5787685765624999 0.4033519671875 0.58631434375 0.39451730937499996 0.533232434375 0.212652709375 0.4418423984375 0.268753959375 0.44471260625 0.2836189078125 0.51591695 0.24702488906250003 0.520107084375 0.2458286
0 0.45923496249999995 0.2396808796875 0.530586028125 0.20130227343749998 0.5394935671875001 0.20079238593749998 0.58184840625 0.36587574843750004 0.5892614875 0.366954315625 0.592323740625 0.3628850859375 0.5488891125 0.17156218437499998 0.44962566718749997 0.2238354265625 0.4485257296875 0.23721979218749997 0.45923496249999995 0.2396808796875
0 0.30980693125 0.672128765625 0.398389990625 0.5983330125 0.4109603953125 0.5947441875 0.4263415859375 0.6150412484375 0.4786936046875 0.7165660296875 0.48982890156250003 0.7055447484374999 0.41890307812499994 0.557874228125 0.30296658125000003 0.655783153125 0.2990104 0.6624312828125001 0.30980693125 0.672128765625
0 0.4328364140625 0.5609056265625 0.44320693593750005 0.5840855265625 0.48956706875 0.6838356125 0.49868062812499997 0.6725201796875 0.43380726718749996 0.51589890625 0.31179043125 0.606501246875 0.31555449375 0.6187874078125 0.41934421093749996 0.550815934375 0.4328364140625 0.5609056265625
0 0.5042185703125 0.6715199468749999 0.5122182203125 0.66546020625 0.44854483749999996 0.4835815640625 0.33207431875000004 0.5173505328125 0.329773228125 0.52875424375 0.4340132859375 0.5050933609375 0.443228053125 0.5091429453125 0.5042185703125 0.6715199468749999
0 0.6730290828125 0.4098427671875 0.6819366265625 0.40933283749999994 0.733743859375 0.54238196875 0.744351821875 0.529478028125 0.6868362265625 0.373238403125 0.5685515328124999 0.4695874390625 0.5682721203125001 0.48128529374999995 0.57329681875 0.4865311359375 0.6730290828125 0.4098427671875
0 0.7514018 0.4934823921875 0.7614093421875 0.47958814843750003 0.6956344359375 0.3284394734375 0.5753675484375 0.42814004375000003 0.5803328234375 0.44240686562500003 0.6774428109375 0.3644339796875 0.6983340609375001 0.3674735578125 0.7514018 0.4934823921875
0 0.7040992 0.28072520624999997 0.61806515 0.35669776249999996 0.6299895609374999 0.36926822656249997 0.693840246875 0.3225746609375 0.7517860203125 0.455613975 0.7670381234375 0.44428868125000004 0.7040992 0.28072520624999997
0 0.7175810375 0.2411506015625 0.6340087015625 0.31206356562500004 0.6425635062499999 0.32414376875 0.7096965625 0.270704075 0.7696779796875 0.41216620624999994 0.7749086296875001 0.406606534375 0.7175810375 0.2411506015625
0 0.713739253125 0.619834890625 0.72696961875 0.6082154453124999 0.6642052359374999 0.459124671875 0.5462318749999999 0.55031531875 0.5532922109375 0.563984059375 0.6438376546875 0.49950336875 0.6619459953125 0.494914390625 0.713739253125 0.619834890625
0 0.6296842265625 0.6717261406249999 0.6812155921875 0.7749374546875 0.6913837015625 0.7673872796875 0.6915163921875 0.7574740109375 0.6246022265625 0.6190587171875 0.508199078125 0.7226649078125 0.5142040640625 0.73257886875 0.60690386875 0.658479134375 0.620748809375 0.6559786937500001 0.6296842265625 0.6717261406249999
0 0.632212340625 0.5560771015625 0.5158317125 0.5801248250000001 0.5200988390625 0.5972882765625 0.62280615625 0.577266646875 0.632655153125 0.5783236578125 0.6434125328125 0.5821446156250001 0.6513703750000001 0.5889419671875 0.697529925 0.704312796875 0.7042492625000001 0.7158175421874999 0.713623065625 0.7122937953124999 0.7159779421875 0.7043651171875001 0.6546316 0.5458041375 0.632212340625 0.5560771015625
0 0.6206065625 0.616217065625 0.63768835625 0.6241201453125 0.6851902109375 0.7348718671875 0.6969261171875 0.724840875 0.6369772625000001 0.5814713796875 0.5216530406250001 0.6668329265625 0.5147812046875 0.675765640625 0.5247571390625 0.6871497062499999 0.6206065625 0.616217065625
0 0.7103405140625 0.7773690578125 0.79605336875 0.68870835625 0.7982217656249999 0.6872179140625 0.8105860890625 0.6944346234375 0.8654592390625 0.7818789125000001 0.8751733453125 0.7715537593749999 0.8026942984375 0.6569198671875001 0.7042474249999999 0.7602292625 0.7039680125000001 0.7719271171875 0.7103405140625 0.7773690578125
0 0.8710146890624999 0.7474717640625 0.879908265625 0.7388331609375001 0.8217148390625001 0.612252971875 0.709335025 0.7149185218749999 0.719911565625 0.727292878125 0.80496451875 0.6466628062499999 0.8146191999999999 0.645358634375 0.8710146890624999 0.7474717640625
0 0.908209578125 0.6326888046875 0.9173609 0.6249965078125 0.8557797078125 0.49461543125 0.73987714375 0.60255739375 0.7455955828125 0.6107212359374999 0.7513511 0.6132505953125 0.848556403125 0.5292598796875 0.908209578125 0.6326888046875
0 0.8545847171875 0.4455390453125 0.8687303484375001 0.46000485312499995 0.9205256515625001 0.5346551828125 0.928972503125 0.52516843125 0.8549372828124999 0.41153636875000005 0.7586880296875 0.5291561546875 0.7621731484375001 0.5437628671875 0.8427530750000001 0.4443815765625 0.8545847171875 0.4455390453125
0 0.8389037593750001 0.40829041562499996 0.8478718375 0.4028273828125 0.8561528984375 0.4057241953125 0.8771707265625001 0.4194979296875 0.92479385625 0.48790135 0.93633331875 0.48224847187500003 0.85315224375 0.36584845 0.7587273578125 0.49757864218750003 0.7622037484375 0.5071082359375 0.8389037593750001 0.40829041562499996
0 0.7960840124999999 0.40842811250000005 0.8409092859375 0.34501567187500004 0.8520822984375 0.343821378125 0.8637481859375 0.3573624171875 0.9223502234375 0.44766674375 0.93508920625 0.43260059218749997 0.8500999 0.30574585781249997 0.7865227296875 0.39519328125 0.7893492171875 0.4074482328125 0.7960840124999999 0.40842811250000005
0 0.790836775 0.3478821125 0.7991352859374999 0.36093321718750004 0.8478033609375 0.3025918078125 0.8599469265625 0.294770865625 0.8694536828125001 0.3034858640625 0.8800029296874999 0.32024835625 0.9265355515625 0.40710468125 0.9356039578124999 0.40560415 0.9401796203125 0.4017579890625 0.8644157859374999 0.25594204062500003 0.86485346875 0.259763559375 0.790836775 0.3478821125
0 0.12289071562500001 0.791278575 0.1302578390625 0.79670624375 0.179488478125 0.9182089140624999 0.19202469375 0.91077680625 0.1341824703125 0.7647258671875 0.05808324375 0.7992726 0.059496026562500005 0.8071008171875 0.06478713281250001 0.8127709265625 0.12289071562500001 0.791278575
0 0.222133459375 0.8846668515625 0.2669428875 0.8498062796875001 0.27704931875 0.8469209046874999 0.2846459484375 0.854559884375 0.350901759375 0.9540382624999999 0.3587826765625 0.9432064234374999 0.280242765625 0.8194825890624999 0.216153865625 0.8723628640625 0.21901522343750002 0.8825797375000001 0.222133459375 0.8846668515625
0 0.659692425 1 0.563552746875 0.91454649375 0.5612928593750001 0.914810371875 0.51610928125 0.9852859109375001 0.5223118437500001 1 0.5318319046875 1 0.561453228125 0.9509877109374999 0.5729932062499999 0.94673984375 0.635360246875 1 0.659692425 1
0 0.186321828125 0.9740931515625 0.23912750468750002 0.9401295968750001 0.2507743171875 0.9388519171875 0.2572895609375 0.9414982734375 0.26025732343749997 0.9482991437500001 0.2673372375 0.9518768703125 0.2874585078125 0.9879236109375 0.3086508125 0.9914315953124999 0.258636453125 0.9056028109375 0.1648845296875 0.969665084375 0.186321828125 0.9740931515625
0 0.512814921875 1 0.4797470125 0.8796024375 0.40153629375 0.91450510625 0.4008746546875 0.9186548921875 0.4011289859375 0.9233625515625 0.4072584484375 0.9268019890625 0.4543499765625 0.90775266875 0.4637790640625 0.906152321875 0.470790015625 0.9105692218750001 0.4754453140625 0.91634180625 0.496515534375 1 0.512814921875 1
0 0.49730093125 1 0.4686067734375 0.909826965625 0.45990828749999996 0.906438353125 0.40754078437499996 0.9272676734375 0.40451053437500006 0.9251283656249999 0.386540325 0.9331289140625 0.3861265390625 0.93816396875 0.38841970625 0.9414698515625 0.3930750046875 0.9472424359374999 0.44177862343749996 0.924181615625 0.44800505468749996 0.9225399031249999 0.45367328906250004 0.9237892078125001 0.4593135234375 0.9292804921875 0.483530140625 1 0.49730093125 1
0 0.8895571484374999 1 0.8842236218749999 0.982239496875 0.8504183234375 1 0.8895571484374999 1
0 0.076872271875 0.8725142031249999 0.08822060000000001 0.87265935625 0.0997538953125 0.8843772218750001 0.12353419218749999 0.9636377546875 0.1393321625 0.9649322953125001 0.11616336406250001 0.8782308671875001 0.096742634375 0.847293746875 0.0237568109375 0.8674285171875 0.0207378703125 0.887438490625 0.076872271875 0.8725142031249999
0 0.087561021875 0.87607731875 0.0234460984375 0.8913464765624999 0.021100939062499997 0.9065823828124999 0.0212298265625 0.912119925 0.058335625 0.8999366640625001 0.0703100421875 0.90167888125 0.081591459375 0.911854128125 0.0958841046875 0.9591128171875001 0.1104371734375 0.9617322015624999 0.087561021875 0.87607731875
0 0.08721479374999999 0.9447997031250001 0.0800204265625 0.9171474328125001 0.068657475 0.907964315625 0.0214083578125 0.9197903249999999 0.02180689375 0.9369130999999999 0.0453785390625 0.933190821875 0.05963892656250001 0.9347636578125 0.0672117796875 0.9393793984375 0.0748065328125 0.95755210625 0.0913529265625 0.9589555359374999 0.08721479374999999 0.9447997031250001