0 0.51790039375 0.5325639234375 0.5258383531249999 0.5142789734375001 0.52375450625 0.503133290625 0.27013010937500004 0.300693603125 0.16212445312499998 0.573401409375 0.15833956875 0.5961831203125 0.1592678125 0.60367884375 0.1769178640625 0.6221545671875 0.1841800046875 0.6230331671875 0.2753898546875 0.3895678796875 0.2828730890625 0.37897445625000004 0.293591603125 0.37809250625 0.304657421875 0.37906816718749997 0.5097204546875 0.53690003125 0.51790039375 0.5325639234375
0 0.49766790937499994 0.4572502328125 0.5019054281249999 0.42423490781249995 0.25185735 0.2257380484375 0.24436367187500002 0.22362103906250003 0.2139968890625 0.2991071171875 0.1344191765625 0.5213915734375 0.1343180265625 0.5385669703125 0.154614065625 0.5509477109375001 0.1639496109375 0.5502615625 0.2047741265625 0.43706591875 0.2572224234375 0.3025210984375 0.2764660953125 0.296618565625 0.29284268281250003 0.30828303749999997 0.4904099484375 0.46145580468749997 0.49766790937499994 0.4572502328125
0 0.36836786093749996 0.48445510937499997 0.53225788125 0.6118873828125 0.54020419375 0.6037707796875 0.543534353125 0.5886805921875 0.5386824828125001 0.575384428125 0.509848753125 0.5527717515624999 0.30362594062500003 0.3862057578125 0.2932714453125 0.4092820125 0.2453005578125 0.5222182625 0.1873266609375 0.665172553125 0.189524190625 0.6743953546875 0.196565234375 0.6867459734375 0.20855303281249998 0.687591103125 0.21570149062500002 0.6903925828124999 0.2829963140625 0.528957540625 0.315095459375 0.45767536093750005 0.32857781406250003 0.45385971718749996 0.338378525 0.45819247343749997 0.36836786093749996 0.48445510937499997
0 0.549722340625 0.6850505906250001 0.5537575593749999 0.6863860640625 0.5590578875000001 0.68436444375 0.5631921671875 0.6659824296875 0.5608788687499999 0.6561404234375 0.3303185328125 0.4682319578125 0.322134415625 0.46748389531249995 0.27508341718749996 0.577747525 0.22584533437499998 0.69149878125 0.20744755312500002 0.7449512109375 0.2078011265625 0.7544350843750001 0.21311189531250002 0.765123890625 0.2232599140625 0.7713142625 0.23294067968749999 0.7699436421875 0.330155915625 0.5508823921875 0.33614041562499997 0.53986556875 0.3469726078125 0.537060734375 0.35803842812500003 0.5380364 0.549722340625 0.6850505906250001
0 0.7182505875 0.9866149265624999 0.7664249625 0.9810655 0.8251623953125 0.9257152796874999 0.8365692593749999 0.9209222968749999 0.8475214 0.9238208437500001 0.87510255 0.9650431296875001 0.9081779750000001 0.9597246546875 0.844475890625 0.8645060578124999 0.8111877234374999 0.8914649000000001 0.7182505875 0.9866149265624999
0 0.9077874187500001 0.48435454218749996 0.9131930734375 0.47024169687499995 0.9132983984375 0.4581504703125 0.7254775437500001 0.24321622031249998 0.646519259375 0.3777008 0.5812623359375 0.494355628125 0.5801192625 0.5059581859375 0.5887727234375 0.516809325 0.59960909375 0.519088665625 0.71620674375 0.32270703749999996 0.7279567359375 0.31468749687500003 0.7419021703124999 0.313348671875 0.764515684375 0.340655590625 0.897992971875 0.48764804375 0.9077874187500001 0.48435454218749996
0 0.769531359375 0.4130389421875 0.8958643671875001 0.5623140875 0.9068185921874999 0.5677547171875 0.9202905078124999 0.55122864375 0.9198211640625 0.541125565625 0.7949868921875 0.39227382187500004 0.732343440625 0.3229647578125 0.6994234671874999 0.3772020734375 0.6377261562500001 0.477463040625 0.5891534484375 0.55934031875 0.590548946875 0.574397034375 0.599318175 0.585867378125 0.6083084999999999 0.585865703125 0.6233886546875 0.562755975 0.720310884375 0.40793135312500006 0.7367802671875 0.39225208125 0.749113284375 0.3924127375 0.7563796015625 0.398375509375 0.769531359375 0.4130389421875
0 0.9079106421875001 0.6343376265625 0.9200058546875001 0.6256336140625 0.921262609375 0.612108175 0.9179115640625 0.6017774984375001 0.7963083921874999 0.45755305625 0.7454295515625 0.3980190515625 0.6624318703125 0.5260839875000001 0.5970466484375 0.6268670953125 0.600281925 0.6365785671874999 0.6099731312500001 0.6479183765625 0.6191949953125 0.649155109375 0.6514287078125001 0.601370909375 0.7320077640625 0.47555519375 0.7450228640625001 0.46417855937499997 0.7587388484375001 0.4641434125 0.7782370328125 0.4874422359375 0.9079106421875001 0.6343376265625
0 0.7665225453125 0.5386772421875 0.7789817734375 0.5521675312500001 0.87659055625 0.671822946875 0.9110802734375 0.7044399609374999 0.9227103187499999 0.6907170421875 0.9223546578124999 0.678691084375 0.828781096875 0.560371140625 0.7510240734375 0.47349842343750004 0.728574365625 0.5052786921875 0.643955915625 0.6246747640625 0.5987154546875 0.6940039421875001 0.6004540828125 0.705834096875 0.6068005109375 0.7144694890625 0.614294190625 0.7165864984375 0.618443090625 0.7159990890625 0.6608122875 0.6591527421875 0.7125024140625 0.58382564375 0.7367918999999999 0.546700134375 0.75096051875 0.536431375 0.7665225453125 0.5386772421875
0 0.5891754437500001 1 0.4688682453125 0.8556688250000001 0.3783067953125 0.96640838125 0.3521989640625 1 0.39346260312500003 1 0.44846681562499996 0.9353453859374999 0.45948404062500003 0.922447709375 0.47228646249999995 0.9211504749999999 0.483409409375 0.9231831609375 0.49509895625 0.9323506171875 0.5521119109375 1 0.5891754437500001 1
0 0.54498885625 1 0.47275241875 0.9195384328125 0.40769285 1 0.451919334375 1 0.45524567656250003 0.9962283796875001 0.463835865625 0.9867664640625 0.4789748421875 0.9856537734374999 0.49187621249999997 0.991042159375 0.49962567968749994 1 0.54498885625 1