0 0.2891121890625 0.761071090625 0.41598591718750005 0.571286746875 0.42892369218750004 0.5679474453125 0.5441116921875 0.68204065 0.564144378125 0.6686834 0.42182878125 0.5228667109375 0.2761271953125 0.7341071796875 0.2757570421875 0.7427048562499999 0.275339703125 0.7577317671875 0.2891121890625 0.761071090625
0 0.3942838109375 0.46721147968750004 0.412229775 0.46721147968750004 0.529504496875 0.5902095203125 0.5353473609375 0.58853988125 0.542024934375 0.5729564078125 0.39678790468749997 0.41879143281250003 0.2654261375 0.6334796875 0.2640713140625 0.6425254406249999 0.275339703125 0.6508737265625 0.3942838109375 0.46721147968750004
0 0.55162390625 0.6074626546874999 0.5436943546874999 0.6124716171875 0.4172379640625 0.476116315625 0.40930834374999997 0.4900301265625 0.40930834374999997 0.4978218515625 0.410560390625 0.4983784015625 0.5482851359375001 0.6469778640625 0.6751588640625 0.45552387968749997 0.6630557984375 0.4427231921875 0.55162390625 0.6074626546874999
0 0.521307534375 0.5127913828125 0.5317412140625 0.498321009375 0.38650421874999996 0.3408167109375 0.26171721406250004 0.5534196687499999 0.2738203140625 0.571229365625 0.3923470828125 0.38255814374999997 0.521307534375 0.5127913828125
0 0.3923470828125 0.3202242984375 0.407788953125 0.3218939609375 0.5442616859375 0.4638147640625 0.5538606578125 0.44600509062500004 0.39777257499999996 0.27124767968749997 0.2604651671875 0.4988775484375 0.2596304921875 0.513347921875 0.268812159375 0.5200265234375 0.3923470828125 0.3202242984375
0 0.39777257499999996 0.266795278125 0.4958493203125 0.3730967578125 0.50336156875 0.3647484703125 0.395685853125 0.24175041875 0.31430302499999996 0.38367124375 0.305956065625 0.3936891921875 0.31513776875 0.39869815625 0.39777257499999996 0.266795278125
0 0.604777084375 0.3530608609375 0.5067003734375 0.2155924703125 0.5036654796875 0.23096971718749998 0.6043597468749999 0.38033194375 0.7057752609375 0.2378545453125 0.696593628125 0.22950626875000002 0.604777084375 0.3530608609375
0 0.5210600734375 0.104871978125 0.606616346875 0.271837640625 0.6166327234375 0.264045915625 0.5131304875 0.0653567578125 0.377492428125 0.22787003125 0.3825006171875 0.24345348125 0.503114109375 0.1043154171875 0.5210600734375 0.104871978125
0 0.49142838125 0.040311909374999996 0.5064529125 0.062017445312499996 0.5189733515625 0.0636871078125 0.4889242875 0.0085884359375 0.3587117890625 0.16219686093750002 0.36246793125 0.17499755 0.47974265312500003 0.042538132812500004 0.49142838125 0.040311909374999996
0 0.6942594453125001 0.1488396125 0.680904296875 0.1538485984375 0.6738093515625 0.14383065 0.607033753125 0.00024015625 0.5982693875 0.0035794671875 0.678817540625 0.1900244609375 0.7297339671875 0.1221251140625 0.7193003203125 0.114333365625 0.6942594453125001 0.1488396125
0 1 0.64206481875 0.9608477437499999 0.5744153515625 0.8401948671874999 0.75176670625 0.844308046875 0.7737070765625 0.952621384375 0.6128110171875 0.9670174546875 0.6164676953125 1 0.6694903 1 0.64206481875
0 0.7413568015625 0.47721273750000004 0.7778916031249999 0.4904455515625 0.7336890046875 0.42789041718750004 0.6015322484375 0.6173602765624999 0.6082979734375 0.643224403125 0.7332379687499999 0.46939334062500004 0.7413568015625 0.47721273750000004
0 0.69309480625 0.4182665515625 0.7210597015625 0.42187551250000005 0.6714445625 0.3557114296875 0.5552908453125001 0.54179115 0.563644321875 0.5632260171875 0.6736997796875 0.3930039140625 0.69309480625 0.4182665515625
0 0.11858145312499999 0.626293278125 0.09771173749999999 0.6146971531250001 0.0828324 0.6375028734375 0.098291453125 0.6166298421875 0.11645582968749998 0.627710584375 0.11858145312499999 0.626293278125
0 0.11519978125000001 0.62023751875 0.09539288124999999 0.6081260078125 0.082701334375 0.6318725328125 0.095875971875 0.61134715625 0.11346064062500001 0.622041365625 0.11519978125000001 0.62023751875
0 0.1145234484375 0.61405291875 0.0931706484375 0.602585634375 0.0828324 0.627324046875 0.09413683125 0.6063221624999999 0.1131707828125 0.61559906875 0.1145234484375 0.61405291875
0 0.1151156453125 0.607696665625 0.0908448140625 0.5959508453125 0.07890513437499999 0.6251848843750001 0.0920192125 0.600388153125 0.112962575 0.6110899046875 0.1151156453125 0.607696665625