0 0.174665615625 0.7433522890625001 0.1018160140625 0.862403840625 0.10591534375 0.8707243609375 0.1152333484375 0.874775275 0.16980831875 0.7772204578124999 0.181505946875 0.7705519921875 0.1942063828125 0.776829284375 0.2933465359375 0.859159728125 0.2968413359375 0.8579201046874999 0.299970525 0.849151721875 0.174665615625 0.7433522890625001
0 0.0971402296875 0.8362365796875 0.104598946875 0.8369457296875 0.1451054375 0.7576531625 0.1641951140625 0.7298212046875 0.175541403125 0.72458733125 0.2842855203125 0.817820359375 0.2904131296875 0.8168560656249999 0.293814003125 0.8059759421875 0.16461601406249998 0.6980305046875 0.0926895671875 0.8293507140624999 0.0971402296875 0.8362365796875
0 0.08606939218750001 0.78633798125 0.0939813203125 0.7931264453125 0.15155970624999998 0.6843067921875 0.1600668890625 0.6726230953125001 0.1700875734375 0.6738047890625001 0.275496203125 0.7696317078125 0.2837459703125 0.7690231015625 0.2871468421875 0.7581429796875 0.15938688125 0.640315975 0.0875400890625 0.7723133171875001 0.08606939218750001 0.78633798125
0 0.1493276578125 0.5901743234375 0.07779118125 0.7284728874999999 0.08041385 0.7382619953125 0.0903875953125 0.734623453125 0.14432527343749998 0.6316516187500001 0.14917839375 0.61985330625 0.16068404218750001 0.6159736890625 0.2675122015625 0.71502550625 0.27533102187499997 0.715174371875 0.2775982703125 0.707920965625 0.1493276578125 0.5901743234375
0 0.06977400624999999 0.6876058875 0.0805077734375 0.6918600203125 0.137180228125 0.5797558875 0.1437245640625 0.5690707640625 0.1525646359375 0.569058915625 0.263716865625 0.66949924375 0.26780192187499996 0.668856384375 0.270340853125 0.6594912374999999 0.141081659375 0.5377621953125 0.06834020625000001 0.67541760625 0.06977400624999999 0.6876058875
0 0.055072139062500004 0.63336721875 0.06549105468750001 0.637934565625 0.1152967375 0.5307853546875 0.1263898359375 0.5145567421874999 0.138214059375 0.513385628125 0.248424646875 0.6146638265625 0.25384962187500004 0.61656874375 0.261654175 0.6077542546875 0.1279116921875 0.4832824515625 0.057133089062499996 0.61993931875 0.055072139062500004 0.63336721875
0 0.053677139062500004 0.5684556046875 0.055701196875000004 0.5812406515624999 0.063133471875 0.5839703796875 0.12108331562500001 0.46060560937500006 0.13038709843750002 0.4556931640625 0.1400564453125 0.45830948281249995 0.2467252953125 0.556007065625 0.25309186875 0.5570741531250001 0.256221059375 0.5483057703124999 0.1382897546875 0.43444935156250003 0.12365914062500001 0.42502748749999997 0.053677139062500004 0.5684556046875
0 0.0470002953125 0.5205403078125 0.0575012484375 0.5228246703125 0.11239668124999999 0.40886862031250004 0.12114287812499999 0.39921629687500004 0.1309245515625 0.3983666484375 0.2430653171875 0.5027893859375 0.24785304843749997 0.499277278125 0.25165219843750003 0.49178279687500004 0.117558378125 0.36874558749999997 0.054518940625 0.504874203125 0.0470002953125 0.5205403078125
0 0.044346140625 0.47733697499999994 0.10458167812500001 0.355699015625 0.11222692031249999 0.3455302953125 0.122247603125 0.3467119890625 0.23777079375 0.4533610765625 0.24126559374999998 0.452121453125 0.24254425937500002 0.440885646875 0.108323796875 0.31235105937499996 0.03506751875 0.47215668437499997 0.044346140625 0.47733697499999994
0 0.0375024796875 0.42211782500000006 0.09592771562499999 0.2998189109375 0.10298270000000001 0.2890534265625 0.11362635624999999 0.286688765625 0.23103279062499998 0.3916621859375 0.23692143125 0.388666509375 0.23733815468750002 0.3789456515625 0.0995432390625 0.25097360156250004 0.028807445312500003 0.414520553125 0.0375024796875 0.42211782500000006
0 0.0211420671875 0.36262285 0.031607965625 0.37201042812499996 0.0913588578125 0.24329595468749998 0.0973925390625 0.2326911765625 0.10948844375 0.2294083234375 0.2196663625 0.3348296359375 0.2282347515625 0.336929528125 0.23069402968750002 0.3268872640625 0.222589303125 0.31988675 0.09273984843750001 0.19756092812499998 0.0211420671875 0.36262285
0 0.06163645156250001 0.1321100953125 0.0122449609375 0.326781221875 0.0200161453125 0.33022111249999997 0.06402189375 0.1744937484375 0.07343805 0.16611532812500002 0.08550123750000001 0.1669755953125 0.21195822031249997 0.2560418375 0.21599633749999997 0.2505787390625 0.21727500156250001 0.23934290156250002 0.07882021875 0.14113015625 0.06642413750000001 0.12859800937500002 0.06163645156250001 0.1321100953125
0 0.3885195921875 0.7061949624999999 0.304811271875 0.8405900421875 0.30988950000000004 0.8468460625 0.31480382812499996 0.8488313390625001 0.3791135296875 0.7456066078125 0.38904028749999997 0.73714781875 0.402954 0.740475525 0.5043898984374999 0.8334793046875 0.5094962546875 0.8326757234375 0.511683846875 0.824745171875 0.3885195921875 0.7061949624999999
0 0.296900290625 0.793243215625 0.2982872953125 0.8056937671875 0.30363261874999997 0.8069215671875 0.37636989375 0.6913360140625 0.3922791734375 0.689522040625 0.4945443421875 0.7851539562500001 0.5041667515625 0.7829500390625 0.5079659015625 0.775455559375 0.3792970109375 0.6543232734375 0.296900290625 0.793243215625
0 0.375046775 0.600508828125 0.298397975 0.727054865625 0.2884619140625 0.74804711875 0.293062746875 0.756860275 0.298567378125 0.7594423375 0.3680018390625 0.6423075593750001 0.3764763515625 0.634766975 0.3853164703125 0.6347551203124999 0.49340484843750004 0.735677603125 0.5001227640625 0.7353100968749999 0.503172296875 0.725864565625 0.375046775 0.600508828125
0 0.368639346875 0.5460412953125 0.282133128125 0.6942481 0.2841818171875 0.70347164375 0.28992537343749997 0.7080850937500001 0.3584182796875 0.5917881375 0.367403396875 0.5841672015625 0.3778080875 0.5797711890625 0.4858168546875 0.68001651875 0.49457727656249995 0.679327584375 0.49456300468750003 0.6703642015625 0.368639346875 0.5460412953125
0 0.360383659375 0.49354681874999995 0.35575523750000004 0.4984131609375 0.276809384375 0.642358653125 0.2809528359375 0.6494964859375 0.2858671609375 0.6514817625 0.3549830015625 0.5316384859375 0.36538768906249997 0.5272424421874999 0.3756473421875 0.5304555484375 0.48022669999999995 0.6236542984375 0.4860029671875 0.624124596875 0.49200398281249996 0.6176629484375 0.360383659375 0.49354681874999995
0 0.2688487421875 0.5952357453125 0.2749784125 0.6002582249999999 0.344888790625 0.48119942499999996 0.3558695203125 0.46843681718749997 0.36707076562499996 0.4708120625 0.475988415625 0.574362684375 0.483568271875 0.5724802 0.4852452140625 0.56463000625 0.3546788609375 0.436210059375 0.26859555468749996 0.58424100625 0.2688487421875 0.5952357453125
0 0.349166090625 0.376084425 0.263912990625 0.532730459375 0.26754767031250004 0.5399646312499999 0.274312525 0.5444173609375 0.3433017640625 0.41907666718750003 0.351537309375 0.409504703125 0.363169553125 0.411122471875 0.4680348140625 0.511172840625 0.47542268749999994 0.5120792046875 0.48024309218749994 0.5044240125 0.349166090625 0.376084425
0 0.2671108078125 0.487619065625 0.335430134375 0.36100447812500003 0.344447965625 0.3492404203125 0.3546279609375 0.35177637968750003 0.4644545390625 0.4586323 0.46956085 0.457828725 0.4709988734375 0.447947146875 0.34372102031249996 0.31211306250000004 0.2547617140625 0.47990714843750004 0.2671108078125 0.487619065625
0 0.33230556875 0.25833140781249997 0.24725332656250001 0.4249231875 0.2533952078125 0.43292227656250004 0.259091821875 0.4327154578125 0.3325828890625 0.29701106875 0.3431796078125 0.2898261671875 0.354427796875 0.29702168281249997 0.45836573124999996 0.4068732625 0.46731817812500004 0.4033954390625 0.46494273281250004 0.39204499375 0.33230556875 0.25833140781249997
0 0.2397896609375 0.3703189578125 0.2426287703125 0.3767688125 0.25201168281249997 0.3784893734375 0.25300074375000003 0.376515890625 0.322453696875 0.24627463125000001 0.330960878125 0.23459093437499998 0.3425134640625 0.2355315546875 0.4469947203125 0.3411596609375 0.455291475 0.3453713171875 0.4603039046875 0.3349272359375 0.3252868859375 0.1996213921875 0.2397896609375 0.3703189578125
0 0.2371551609375 0.29487073124999996 0.231327725 0.311649996875 0.242177634375 0.315459865625 0.3127969296875 0.1774487671875 0.3220210109375 0.1718592109375 0.3337329078125 0.17415409531249998 0.438532784375 0.2824907 0.4457286296875 0.28618592187499997 0.4554960765625 0.276372884375 0.3191718546875 0.134376140625 0.31489477187500003 0.137807875 0.2371551609375 0.29487073124999996
0 0.447418153125 0.21212621562499998 0.30247859843749997 0.0632092953125 0.22561515000000001 0.227720534375 0.2163973609375 0.25486053124999997 0.22032686093749998 0.2623462109375 0.22865633124999998 0.2624147171875 0.2939303015625 0.12317581875000001 0.302549853125 0.108026115625 0.3117412640625 0.10657967500000001 0.3214902671875 0.10987312656249999 0.43541617187500004 0.22504953749999998 0.44350663125 0.2230867 0.447418153125 0.21212621562499998
0 0.401883278125 0.8330587609375 0.4137075 0.8318876484375 0.4318471828125 0.849033240625 0.4477565078125 0.847219259375 0.4022715109375 0.805411190625 0.36938273125 0.852139721875 0.388044996875 0.85247801875 0.401883278125 0.8330587609375
0 0.6891439234375001 0.1864875171875 0.6901836671875 0.173220290625 0.55279120625 0.0265640296875 0.4525623171875 0.2125261890625 0.451811425 0.22038793281250002 0.45362928125 0.2269984703125 0.461303015625 0.2347564921875 0.5386259484375 0.087414471875 0.5465755421875 0.070990896875 0.5573315734375 0.0651602609375 0.5687390703124999 0.0737100078125 0.6779100062500001 0.188255384375 0.6891439234375001 0.1864875171875
0 0.531506834375 0 0.4414869515625 0.1780837484375 0.445195121875 0.188024940625 0.4565556828125 0.19175445 0.540169665625 0.022732565625 0.5482132328125 0.015949465625 0.5597331015625 0.0210332078125 0.6782689375000001 0.1444497734375 0.6850991765625001 0.14061627031249999 0.6865371984374999 0.13073468906250002 0.68291580625 0.126476959375 0.6774438890625001 0.119751775 0.566364240625 0 0.531506834375 0
0 0.5211222671875 0.8184197171875001 0.5218391671875 0.8245138593749999 0.5275827703125 0.8291273015625 0.6052813125000001 0.7203472640624999 0.6167869125000001 0.7164676531249999 0.6314502421875 0.72174638125 0.7268381890625 0.8163915890625001 0.7343711015625 0.809688834375 0.7307354375 0.796467721875 0.6142236671875 0.6858362328125 0.609051921875 0.6949260500000001 0.6067050203125001 0.7015023375 0.5211222671875 0.8184197171875001
0 0.6085181515625 0.6302681765625 0.515054103125 0.7702851453124999 0.5185090515625 0.7802962250000001 0.5255455875 0.7826372140625 0.5979784640625 0.6733065234375 0.6106177359375 0.6658001890625 0.6199684609375 0.6657080109375 0.7239717812500001 0.7672733546875 0.73096133125 0.7647940828124999 0.7342498328125 0.7573799640625001 0.6085181515625 0.6302681765625
0 0.60486790625 0.5771328203125 0.507391275 0.7255773875 0.5118092265625 0.73660640625 0.5195953765625 0.740898384375 0.5962114109375001 0.6184954765625 0.6063771375 0.6120680843749999 0.6182483453125001 0.6157172015625 0.7217410171875 0.71736290625 0.72865095625 0.7142065109375 0.7321314890624999 0.704003534375 0.60486790625 0.5771328203125
0 0.59975568125 0.52483333125 0.5025856 0.6709282921875 0.50444824375 0.678453840625 0.5118503390625 0.688323565625 0.595807265625 0.5620067921875 0.603579146875 0.5573354171875 0.612419221875 0.5573235999999999 0.7190226828124999 0.6633073890625 0.7251502921874999 0.6623430953125 0.725998009375 0.6518647578125 0.59975568125 0.52483333125
0 0.5958194828125001 0.4648463625 0.49572941718749997 0.619280003125 0.497701434375 0.6299437906249999 0.5056468921875 0.635590003125 0.5868913515624999 0.508320753125 0.59560483125 0.50281155 0.6064078 0.50180115 0.715531703125 0.611526303125 0.7212610359375 0.6071763953125 0.7232893140625001 0.5978915796875001 0.5958194828125001 0.4648463625
0 0.7207160218750001 0.53622694375 0.588491171875 0.40255068281249995 0.4911881203125 0.5613128656249999 0.49528745 0.5696333890624999 0.5011107046875 0.5749239484374999 0.5784294171875 0.4496517921875 0.5843507734375 0.44251299531250005 0.5906703656250001 0.43875985 0.598920178125 0.4381512390625 0.709416671875 0.5462810546875 0.7161673015625001 0.5417703953124999 0.7207160218750001 0.53622694375
0 0.7137859875 0.4773169078125 0.5823434234375 0.3414485546875 0.4873606875 0.5017022265625 0.4879264671875 0.511480821875 0.495234640625 0.5117100781249999 0.571930378125 0.389984278125 0.579032296875 0.38403900156250004 0.59061755625 0.380836540625 0.59985590625 0.3842103375 0.7035875921875 0.4878874140625 0.7099868359375 0.4848113875 0.7137859875 0.4773169078125
0 0.489691059375 0.42921718125 0.4789962859375 0.44883143125 0.48919050156250005 0.46033074999999996 0.568935775 0.3291594515625 0.5771713203125 0.3195874875 0.5880539484375 0.3192542359375 0.6978150921874999 0.434396384375 0.7015815703125 0.4310449875 0.7089081921875 0.41816777031249996 0.577385971875 0.2816223 0.489691059375 0.42921718125
0 0.5724188328125 0.221713684375 0.5639912640625 0.2340745359375 0.47293185312499997 0.39231519375 0.475111609375 0.40254572343749995 0.48462164375 0.40380780781250003 0.5686297312499999 0.260241409375 0.577422865625 0.255409321875 0.5869001828125 0.2608144984375 0.6935505859375 0.37161855625 0.6990409484375 0.3652372359375 0.701467509375 0.3593380953125 0.5724188328125 0.221713684375
0 0.5692179828125 0.154714384375 0.47459473125 0.3185721578125 0.46600601093750005 0.3334407953125 0.47042579531250006 0.34060773437499997 0.4766003421875 0.344463678125 0.5604491640625 0.1995430375 0.57219373125 0.197694809375 0.5833622625 0.20421317656250002 0.6867426078125 0.3093248484375 0.6927109078125 0.3070063203125 0.699063209375 0.29911002343750004 0.5692179828125 0.154714384375
0 0.5606763906250001 0.09536827656249999 0.45884134843749996 0.27253624374999996 0.4614205390625 0.28616224843750004 0.47073855 0.290213190625 0.5514438640625 0.145097559375 0.5607333796875 0.131221759375 0.5701637578125001 0.1318067 0.6844552234375 0.2545118609375 0.6933280109375 0.250356890625 0.6934261125 0.23792753437499997 0.5606763906250001 0.09536827656249999
0 0.7445022015625 0.770362525 0.7428020890625 0.777026853125 0.74768375 0.783155275 0.7531413984374999 0.780917075 0.8456013734375001 0.664986421875 0.8576176234374999 0.6610264531250001 0.868387875 0.664159175 0.963040475 0.765816728125 0.9688994937500001 0.7632610890625 0.9693406343750001 0.7524347296875 0.8562349859375 0.631588559375 0.7502880656250001 0.7655038609375 0.7442401171874999 0.7671453031250001 0.7445022015625 0.770362525
0 0.7494399859375 0.7450313140625 0.84597075 0.6194944484375 0.8532646984375001 0.6107603140625 0.8648172875 0.611700965625 0.968324228125 0.7223100234375 0.970582603125 0.721954625 0.9714744109375 0.7000681156249999 0.8535590515625 0.5734722359375 0.7404919796875 0.7296389140625 0.743696390625 0.7404179015625 0.7494399859375 0.7450313140625
0 0.7452224203125 0.68707375625 0.8429665078124999 0.55858728125 0.850771109375 0.54977281875 0.8609510578125 0.552308784375 0.964729634375 0.6608061078125 0.9659899 0.6626767671875 0.973093378125 0.6603357921875 0.9735638421875 0.6487897890625 0.8495335140625 0.5127258203125 0.7341192750000001 0.672269153125 0.7370053234375 0.683539246875 0.7452224203125 0.68707375625
0 0.84606093125 0.4478382390625 0.7321317031250001 0.602320253125 0.73415580625 0.6151052921875 0.7426118749999999 0.6206712125 0.8333663671875 0.49466401718749997 0.84399575625 0.4833360015625 0.859984784375 0.4821991625 0.96510328125 0.5932442625000001 0.9717741640625001 0.5880565015625 0.9728608953125001 0.5796095375 0.84606093125 0.4478382390625
0 0.8400583171875 0.3791269765625 0.7273567562500001 0.5383727796875 0.7285187093750001 0.5539228031250001 0.7385066796875 0.55924765 0.8263097390624999 0.43025659687499995 0.8355992531249999 0.41638079843750003 0.8526891421875 0.41576036875 0.9590351453125001 0.5328192890625 0.9635043031249999 0.5265986734375 0.96494223125 0.516717109375 0.8400583171875 0.3791269765625
0 0.831324653125 0.3225697640625 0.720361128125 0.4889989859375 0.7215559609375 0.49915588906249997 0.728639434375 0.5063171171875 0.8246780421875 0.36775411562500004 0.8321313015625 0.36037424375 0.8410837484375 0.35689642187500004 0.9513228734375 0.4761013390625 0.9599239328125 0.47405811875000003 0.96069204375 0.4629026578125 0.831324653125 0.3225697640625
0 0.951921171875 0.40160753125 0.8251069828125001 0.2608728421875 0.7115148921875 0.43024198125 0.715417896875 0.43813609218750005 0.7226934015625 0.44250846250000003 0.814454925 0.30737719375 0.8202966249999999 0.29956125 0.8344350374999999 0.29595699999999997 0.9380686218750001 0.4120634359375 0.9423130328125 0.4127748015625 0.9483609875000001 0.411133390625 0.951921171875 0.40160753125
0 0.8176990156249999 0.197900046875 0.7097195953125001 0.36317001250000003 0.704061653125 0.37351831406249997 0.7053117375 0.38317420156250004 0.7134491796875 0.38603159531250003 0.8084195484375 0.2428090609375 0.81952686875 0.23554380625000002 0.8324193328125 0.23903224218750002 0.936244896875 0.35234982812500004 0.9432671625 0.3457274328125 0.9451831171875 0.3399086140625 0.8176990156249999 0.197900046875
0 0.940056621875 0.27864577343749997 0.82562429375 0.1414798734375 0.8142168406250001 0.13293011875 0.697304978125 0.30944795625 0.698016096875 0.3167354078125 0.7056898781250001 0.324493421875 0.8032931015625 0.1815462109375 0.8122782140625 0.1739252734375 0.8194271234375 0.17280025937500001 0.8273725859375001 0.1784465015625 0.92942728125 0.28997378125 0.9362248046874999 0.2902833953125 0.940056621875 0.27864577343749997
0 0.925052265625 0.20415161093749998 0.8059773343750001 0.06288865625 0.6950279874999999 0.23828127656250003 0.6941476 0.252902728125 0.7041682828125 0.25408442343750004 0.7144463328125 0.24419103125000002 0.8020758578124999 0.1048823546875 0.8157506531250001 0.10617868906250001 0.8397134953125001 0.128614840625 0.921586053125 0.2233179609375 0.9322950484374999 0.21266707187499997 0.925052265625 0.20415161093749998
0 0.8110039890625 0.061407965625000005 0.90546460625 0.1658543703125 0.9108753171874999 0.15879593281249998 0.9128239421875 0.148834 0.7865203562499999 0.0080189578125 0.6904985390625 0.1719808421875 0.6892785625 0.1805647546875 0.6833244890625 0.19184667187499999 0.6919725828125001 0.1946237046875 0.78135870625 0.048141984375 0.7942369453125 0.04266704375 0.8028380046875 0.040623837499999996 0.8080240625 0.04049738125 0.8133039078125 0.05001143125 0.8110039890625 0.061407965625000005
0 0.8016105437500001 0.8215658828124999 0.8476883296875 0.7667279859375 0.8575354359375 0.7575920968750001 0.8703482421875 0.760403384375 0.9180493734375 0.8122076671875 0.942367825 0.811139340625 0.86066885 0.7267538515624999 0.7832510546875 0.8211273734375 0.8016105437500001 0.8215658828124999
0 0.865378575 0.7977375609374999 0.8799950109375001 0.7981960265625 0.8938902328125 0.814630228125 0.919932565625 0.8105319765625 0.869964234375 0.7659811234375 0.82958249375 0.8169378500000001 0.8509827515625 0.8124169328124999 0.865378575 0.7977375609374999
0 0.5587152828125 0.8417724718749999 0.60803463125 0.7747001890625 0.6151692703125 0.76461180625 0.630614884375 0.767698440625 0.6954201265625 0.827845653125 0.7164030953125 0.82937124375 0.6177920343750001 0.7338539359375 0.5466383031250001 0.8397532328124999 0.5587152828125 0.8417724718749999
0 0.6205174312499999 0.8162708593750001 0.62903888125 0.8135505140625 0.6507529703125 0.8301336062500001 0.6685128234375 0.8307870796874999 0.6219269171875 0.7884625749999999 0.586193171875 0.8376639984375001 0.6021631000000001 0.8370904843750001 0.6205174312499999 0.8162708593750001
0 0.6317111171875001 0.6903701359375 0.62810399375 0.695075759375 0.7497036328125 0.8180101765625001 0.8615719078125 0.6769560625000001 0.8517759203124999 0.668842365625 0.8461589609375 0.6697263 0.759283275 0.7889161328125 0.7458944359374999 0.7944714390625001 0.639798709375 0.6896560546875 0.6317111171875001 0.6903701359375
0 0.734923971875 0.7365840125 0.7115840515625 0.7106014953125 0.6337585 0.6316761515625 0.6217292359375 0.6364651109375 0.6248869625 0.6456234296875001 0.7477468671875 0.7704285078125 0.860270790625 0.6216849546875001 0.8593149234374999 0.61355943125 0.8524377453125 0.6125727000000001 0.8514960984375 0.6134105359375 0.7519484734375 0.74424981875 0.7455818984375 0.7431827328125 0.734923971875 0.7365840125
0 0.725281471875 0.6767215 0.627310303125 0.5768620578125 0.620926809375 0.576590765625 0.6198871109375 0.589857965625 0.74766134375 0.7166483203125 0.8604100062500001 0.56097275625 0.851794628125 0.5540526031249999 0.8433855015624999 0.55330695 0.8345739218749999 0.5712455109375 0.7498061734375 0.681827675 0.7390501406250001 0.6876583109375 0.725281471875 0.6767215
0 0.7320501390625 0.628153490625 0.728939396875 0.6238154 0.7150114140625 0.611524325 0.6178526 0.5150888265625 0.610863003125 0.517568075 0.610446278125 0.5272889359375 0.6202892046875 0.540222871875 0.7390170640625 0.6608505484375 0.8581976921875001 0.497955865625 0.8489920546875 0.4904389171875 0.8421148296875 0.48945219062499995 0.8359545046875001 0.49455960781249997 0.7419115140625 0.627980953125 0.7320501390625 0.628153490625
0 0.7239045609375 0.567752528125 0.7098172625 0.5541071890625 0.6115679484375 0.45630918906250006 0.6071211 0.45923274843749995 0.6053645015625 0.4664058265625 0.6071026546875 0.472339253125 0.7327546765624999 0.5987738953124999 0.8526380265625001 0.43300995625 0.844453596875 0.4253323328125 0.8391879765624999 0.42478164375 0.8332992875 0.427777325 0.734899509375 0.563953278125 0.7239045609375 0.567752528125
0 0.604660178125 0.3941021234375 0.59798925 0.39928989375 0.599104428125 0.40876966406250004 0.7250423578125 0.542055953125 0.8429628125 0.377290596875 0.8381138203124999 0.36701906093750003 0.8298967234375001 0.3634845515625 0.73369880625 0.5006933046875 0.7249526578125 0.510345621875 0.7155549484375 0.5056175703125 0.604660178125 0.3941021234375
0 0.724384615625 0.44362165156250005 0.711745390625 0.45112794999999994 0.7037529890625 0.44066146875 0.5990327671875 0.33300198124999997 0.5903520046875 0.3343680625 0.592057440625 0.34444461249999997 0.5983586296875 0.353797934375 0.7187449875 0.47968192343749994 0.741170153125 0.449256078125 0.834463575 0.3138837046875 0.8319758046875 0.30599925625 0.8250189750000001 0.30433540625 0.8206949031249999 0.30294689375 0.724384615625 0.44362165156250005
0 0.71023575 0.38524180937499997 0.6971839796875 0.380399140625 0.6001702046874999 0.2763545234375 0.59467128125 0.27287206249999996 0.58928758125 0.27668780625 0.5878026171874999 0.28174911874999997 0.5891894796875 0.2891171625 0.714696465625 0.423160953125 0.8256600359374999 0.25673169218749997 0.8270979640625 0.2468501265625 0.8188012109375 0.24263850156250003 0.8065602640625 0.25353044062499996 0.720846696875 0.3870203296875 0.71023575 0.38524180937499997
0 0.8026001078125 0.184497759375 0.7146520093750001 0.32109793125 0.7036570125 0.3248971875 0.69165920625 0.3157506546875 0.5871779515625 0.2101225484375 0.5808583640625 0.2138757234375 0.5805539640624999 0.2201305859375 0.581078884375 0.22901357656250002 0.7048149484375 0.3612670375 0.711884203125 0.35946490625 0.7228976015625 0.342559184375 0.8278602046874999 0.1825915953125 0.81908551875 0.17431720781249999 0.8106763453125 0.1735715625 0.8026001078125 0.184497759375
0 0.7105118265625 0.25937696093749996 0.7026602890625 0.2633711875 0.6937405578125 0.2627058875 0.68815626875 0.2594467078125 0.6809931406249999 0.2516083640625 0.5779736375 0.1441985875 0.5744366624999999 0.15044480625 0.572759721875 0.1582949984375 0.57379524375 0.1670976375 0.7008340796875 0.3009003296875 0.7132670562500001 0.28721953125 0.8231624328124999 0.1161307453125 0.8207543234375001 0.1089234453125 0.8141487812499999 0.105824978125 0.8069998734375 0.10694999375 0.7105118265625 0.25937696093749996
0 0.710318153125 0.18699291406250002 0.7025605406250001 0.2006276390625 0.688820359375 0.2076175390625 0.5766999140625 0.080299253125 0.5690242640625 0.0823303453125 0.56627908125 0.085520990625 0.5635808859375 0.0935318953125 0.69586694375 0.24099174531249998 0.8132339359375 0.049416629687500005 0.8118471234375001 0.042048609375000004 0.8045716687500001 0.0376762296875 0.7955068046875 0.044620065625 0.710318153125 0.18699291406250002
0 0.4053397546875 0.749356078125 0.3980458078125 0.7580902109375 0.48678127031249996 0.84481668125 0.5412740515625 0.8438274953124999 0.6139928828125 0.741348415625 0.614250296875 0.730273321875 0.6056022046875 0.7274962890625 0.5540952578125 0.8024990937500001 0.5233876078125 0.8376766671875 0.49875058125000005 0.836036459375 0.4053397546875 0.749356078125
0 0.40629943749999997 0.704460875 0.3981619953125 0.70160348125 0.39281710937500003 0.71301525 0.50308846875 0.8154374843750001 0.5108561734375 0.8328359703125001 0.606000121875 0.69993105 0.6108859078125 0.6839895921875 0.6029404921875 0.6783433421875 0.560835390625 0.73600438125 0.52536854375 0.7926207359374999 0.5051025265625 0.797189309375 0.40629943749999997 0.704460875
0 0.4874445953125 0.7310857703125 0.393092171875 0.6452432171875 0.3873159015625 0.6447728875000001 0.387648746875 0.656444775 0.48032422500000005 0.7501374890625 0.5097120921875 0.7744785640625 0.6013939625 0.6386701796875001 0.606247078125 0.6268718343749999 0.5966104484375 0.62011239375 0.5240652015625 0.732909090625 0.5154783187499999 0.743915678125 0.5015318875 0.7447310765624999 0.4874445953125 0.7310857703125
0 0.5119307109375 0.68723199375 0.5009030437499999 0.6951743625 0.491584990625 0.6911234578125 0.39061280468750004 0.59321908125 0.3823957046875 0.589684540625 0.37803004375000004 0.6005829890625 0.42465336249999996 0.6526903890625 0.503817584375 0.7243711984375001 0.533649021875 0.6817452203125 0.599921575 0.5775219453125 0.6032101234375 0.5701078203125001 0.600450671875 0.5643351125 0.5925521953125 0.5635091 0.515809515625 0.68041463125 0.5119307109375 0.68723199375
0 0.503483046875 0.6375264140625 0.49307835468750005 0.641922428125 0.486632125 0.640178225 0.381256209375 0.5402081859375001 0.37540023749999996 0.5390607484375 0.372994875 0.544512659375 0.49280249375 0.6661040234375 0.49956734531249997 0.6705567234375 0.5955120265625 0.5223532390625001 0.596453625 0.5215153921875 0.595849096875 0.5119552625 0.58924355625 0.5088567953124999 0.5841045296875 0.5138034921875 0.5067388296875001 0.6342553859375 0.503483046875 0.6375264140625
0 0.38145432343749996 0.48883911874999997 0.3712600578125 0.47733979218749994 0.3656430984375 0.47822372656249995 0.36436743125 0.49107537656250005 0.49264926718749996 0.6161695500000001 0.5908611953125 0.460712628125 0.5937984046875 0.4547331109375 0.5880875234375 0.44597656093750004 0.5794067609375 0.4473426421875 0.5018490828125 0.57058341875 0.49769859375000003 0.579512521875 0.4825388828125 0.5832774921875 0.38145432343749996 0.48883911874999997
0 0.37775709218750003 0.43088353125 0.3698443421875 0.4210941359375 0.361753840625 0.4230570125 0.36239714375 0.43452272968749994 0.48526525625000005 0.5622424374999999 0.5852807734375001 0.40443273125 0.5872763359375 0.39929103593750004 0.5835283484375 0.3895359203125 0.5771617734375 0.388468834375 0.5007050015625001 0.5122260140625 0.49612356875 0.52191261875 0.4817604125 0.5324488765625001 0.37775709218750003 0.43088353125
0 0.4661800171875 0.46632127968750003 0.3660370546875 0.371045046875 0.3582509046875 0.366753065625 0.351520790625 0.3752361515625 0.47263629218750003 0.49909869687499997 0.48176231875 0.505938490625 0.5778847578125 0.3459827640625 0.5781094546875 0.33905079374999997 0.5736588359375 0.3321648890625 0.56777019375 0.3351605640625 0.487785959375 0.46430051250000004 0.4781635515625 0.46650443125 0.4661800171875 0.46632127968750003
0 0.35591430625 0.30267928125 0.35037700312500003 0.30424033281249996 0.34706277343749997 0.31080405624999996 0.46723589531250004 0.435507090625 0.47557958906250003 0.444538984375 0.575932171875 0.276331271875 0.571162884375 0.266736878125 0.5650352765625 0.26770117187500003 0.48541664375 0.40436984843749996 0.47525092031250005 0.410797240625 0.46350630625000006 0.41264547812499996 0.35591430625 0.30267928125
0 0.34596514218749996 0.2446311328125 0.33752334687499996 0.24802859531250002 0.3352510375 0.256834015625 0.469298753125 0.3955688046875 0.56971676875 0.21907485000000002 0.56561744375 0.21075435781250001 0.5595225046875 0.20757553906249998 0.5019634296875 0.3062896125 0.479425940625 0.3401814546875 0.4672319328125 0.3558936640625 0.45366951093749996 0.351131325 0.34596514218749996 0.2446311328125
0 0.45629645312499995 0.2983036140625 0.446308484375 0.292978796875 0.3387164859375 0.1830125703125 0.33420043593750004 0.1844129390625 0.32837495 0.19174858125 0.3301765859375 0.1988393890625 0.4623687203125 0.3366587703125 0.5480210796875 0.1893852921875 0.5603786234375 0.1529575125 0.5598210328125 0.14821760625 0.54980035 0.1470359109375 0.4776818703125 0.28114496093749997 0.46890300625 0.2949404 0.45629645312499995 0.2983036140625
0 0.556353084375 0.0922110671875 0.5531156984375001 0.0823755984375 0.5443296 0.0771223921875 0.5426967375 0.077808259375 0.4861077546875 0.19361124375 0.4596118015625 0.2336433015625 0.444292778125 0.23605403906250003 0.3286757109375 0.1197644453125 0.3209038265625 0.124435803125 0.31498246875 0.1315745984375 0.456970590625 0.2775076609375 0.556353084375 0.0922110671875
0 0.172290221875 0.7320018671875 0.17399570312499998 0.742078409375 0.2886099640625 0.8454222109374999 0.2978013765625 0.8439757703125 0.3735228046875 0.7272309531250001 0.37848825 0.7119666421875 0.3677976515625 0.7095110359375 0.3063127859375 0.810222240625 0.2879442296875 0.822078475 0.1801090390625 0.73215073125 0.172290221875 0.7320018671875
0 0.16878196875 0.677399746875 0.16211101562500002 0.682587521875 0.16408815937500001 0.6905523265625 0.28487699375000003 0.7977520984375001 0.29924015000000004 0.7872158406249999 0.3765119234375 0.657123446875 0.363619459375 0.6536350093750001 0.295510609375 0.7643542515624999 0.2855838484375 0.772813025 0.27355333125 0.7678096421875 0.16878196875 0.677399746875
0 0.157495196875 0.621244315625 0.152913734375 0.630930890625 0.281854309375 0.7499514359375 0.3697084828125 0.60371078125 0.36015151093750003 0.5976284734374999 0.3566567109375 0.598868096875 0.2831044828125 0.7207888890625 0.26690925 0.71575121875 0.166244815625 0.6246065765625 0.157495196875 0.621244315625
0 0.1538918625 0.5729292 0.14776425625 0.57389349375 0.145735975 0.5831783109375 0.27459689374999996 0.7015217093749999 0.3604085640625 0.5556024953125 0.35233650625 0.5444588671874999 0.34636820625000003 0.5467773953124999 0.2796462140625 0.6648646515625 0.2681875546875 0.6735645296875 0.251786025 0.662352365625 0.1538918625 0.5729292
0 0.24841199687499999 0.615986296875 0.1430989828125 0.5207267984375 0.13730675625 0.5203662125 0.1329172984375 0.5272639359375 0.139729115625 0.5365369 0.263085375 0.6522982546875 0.35121128125 0.5039458671875 0.34577203125 0.49307756718749995 0.3400754203125 0.493284384375 0.26982591093749997 0.6167543875 0.2614310578125 0.6249721187499999 0.24841199687499999 0.615986296875
0 0.24297888437499998 0.556537809375 0.1481812203125 0.4624893796875 0.138240215625 0.4619847984375 0.1325108828125 0.466334721875 0.1415714796875 0.48146077343749993 0.264449828125 0.593159346875 0.3512358125 0.442259165625 0.3432434109375 0.4317926703125 0.3379777890625 0.4312419796875 0.2687495359375 0.5545513 0.2579608375 0.5645250515625 0.24297888437499998 0.556537809375
0 0.22701216406250002 0.4915474296875 0.1391059734375 0.4074491125 0.12986762031250002 0.404075284375 0.1264994390625 0.4108122890625 0.1289872078125 0.4186967390625 0.25666754062499997 0.5358466203125001 0.34356585 0.3814804578125 0.33675405625 0.372207490625 0.329014890625 0.3727357109375 0.265834634375 0.49440358125 0.253752953125 0.5066497937500001 0.22701216406250002 0.4915474296875
0 0.22828078437500002 0.449278409375 0.129351103125 0.3510526046875 0.1183091640625 0.3500315921875 0.11238782968750001 0.357170384375 0.1183410984375 0.36333959843749997 0.123331665625 0.370620753125 0.24724551250000001 0.4911219703125 0.3261003515625 0.34353890625 0.331623384375 0.3330144734375 0.3319931703125 0.318473375 0.3221317984375 0.3186459453125 0.2638046609375 0.42851547031250004 0.2457689484375 0.4520435921875 0.22828078437500002 0.449278409375
0 0.11228576562499999 0.2899863140625 0.10617240624999999 0.29991399687500003 0.11306387656250001 0.3098640765625 0.241685803125 0.4261760984375 0.328968165625 0.266232190625 0.32573078125 0.256396721875 0.31740135937499997 0.256328209375 0.249751990625 0.38421665625 0.24022350937499998 0.39606107343749997 0.22603811562499998 0.3948451234375 0.11228576562499999 0.2899863140625
0 0.2454732140625 0.3124754765625 0.2416883359375 0.3289333390625 0.2250109453125 0.34190277187499996 0.12030499375 0.2432066375 0.11063564687500001 0.24059031718749999 0.1005680234375 0.23458837031250002 0.099130025 0.24446993125 0.10951626875 0.2531803921875 0.2331114984375 0.3709731421875 0.24267269531250002 0.35498560156250003 0.317793765625 0.20661076875 0.3207309296875 0.20063125781250002 0.3176529015625 0.1921500296875 0.3072012234375 0.1917258125 0.2454732140625 0.3124754765625
0 0.080984496875 0.1742212953125 0.07910463749999999 0.182384190625 0.22152037343750003 0.3210725625 0.306811346875 0.144200478125 0.29929687656250004 0.13779674375 0.29034443125 0.1412745671875 0.223219984375 0.27804603437500003 0.214234821875 0.28566697812499997 0.20201232343750003 0.28345244531249997 0.19827855625 0.28266068906249997 0.09060688125000001 0.172017365625 0.080984496875 0.1742212953125
0 0.1682026328125 0.8298874875 0.18334807343749998 0.817159134375 0.24169286093750003 0.8665987562499999 0.264910359375 0.86501403125 0.17811934375 0.7903954671875 0.1334167875 0.8696299265625 0.142423578125 0.8760136875000001 0.1682026328125 0.8298874875