0 0.3191846375 0.24124315937500002 0.418995225 0.3449944171875 0.42411371718749996 0.3217869015625 0.31201875625 0.2057493296875 0.23158623281250001 0.35418524375 0.2408717140625 0.36820193125 0.310483203125 0.245338615625 0.3191846375 0.24124315937500002
0 0.32174386250000003 0.1839069578125 0.32993345937499996 0.18458954375 0.4276966578125 0.28970591562500003 0.43537437656250005 0.274689315625 0.3232794140625 0.149095671875 0.2418954296875 0.2924362296875 0.2372887734375 0.29789682968750003 0.24650206562500002 0.3115482875 0.32174386250000003 0.1839069578125
0 0.32993345937499996 0.31632632968749996 0.4184833453125 0.411886703125 0.4276966578125 0.4016480609375 0.3186728 0.2774196015625 0.234729528125 0.412569315625 0.23780063125 0.42895108750000005 0.317649084375 0.31086572968750004 0.32993345937499996 0.31632632968749996
0 0.21622340625 0.49797080156250006 0.298690265625 0.3797199484375 0.30282838437500004 0.3801141171875 0.3944581984375 0.48378070468749995 0.4015521421875 0.48653990468749997 0.409828378125 0.4782623359375 0.29987260625 0.3422738453125 0.20528694062500003 0.48417487968749995 0.202035565625 0.491664096875 0.20646926875 0.495999953125 0.21622340625 0.49797080156250006
0 0.22656871406249998 0.5409352859375 0.306670928125 0.427808634375 0.3134692515625 0.4238669546875 0.319676453125 0.425443609375 0.41101069375000004 0.5326577171875 0.41692229843749995 0.5306868687499999 0.419582528125 0.520832628125 0.3105134734375 0.3899683578125 0.21858805 0.5235918125000001 0.21740572187499999 0.5283218609375 0.21858805 0.533446053125 0.22656871406249998 0.5409352859375
0 0.2961506140625 0.5463901328125 0.303244534375 0.540871746875 0.309747284375 0.5456017796875 0.404332925 0.6614876484375001 0.4152693890625 0.6610934562499999 0.41822519218750004 0.6504508796875 0.303244534375 0.5014548078125001 0.19772242812500002 0.6409907984375 0.1980180015625 0.650845071875 0.2101367953125 0.6532100953125 0.2961506140625 0.5463901328125
0 0.308444390625 0.5011241625 0.4036212015625 0.617404175 0.41603555468750003 0.605579084375 0.300463728125 0.45579466875 0.1922814171875 0.5996665234375 0.2035134671875 0.6158275015625 0.29987260625 0.4940291046875 0.308444390625 0.5011241625
0 0.5089458140625001 0.159979725 0.4269882015625 0.2925792765625 0.3275543640625 0.186499628125 0.3221306828125 0.18931234375 0.32092542812499997 0.2021705015625 0.427590840625 0.317893734375 0.518286590625 0.16922149375 0.5134655234375 0.159176078125 0.5089458140625001 0.159979725
0 0.515574725 0.1406925140625 0.5188892046875 0.1406925140625 0.608379675 0.2511921390625 0.613502 0.249584878125 0.619829603125 0.23994125937500002 0.5164786968749999 0.10292171406249999 0.420561596875 0.244826609375 0.4200579828125 0.2548084859375 0.42668689375 0.262844825 0.515574725 0.1406925140625
0 0.5164786968749999 0.23230674375000002 0.5240115296875001 0.23471765156250002 0.6086810328125 0.3399936859375 0.6141046640625001 0.3407973 0.618021759375 0.325930075 0.5176839249999999 0.19574140625 0.42728953281250004 0.3375827765625 0.43331582968750004 0.3560663328125 0.511356321875 0.23431582812500001 0.5164786968749999 0.23230674375000002
0 0.5120672296875 0.238290640625 0.43161622812499995 0.3628538609375 0.3306757796875 0.2555687671875 0.3270600171875 0.2632032828125 0.326758709375 0.2708378078125 0.328265296875 0.2756596078125 0.4328214828125 0.3929901359375 0.5238185140625 0.251550596875 0.5186961906249999 0.2419069953125 0.5120672296875 0.238290640625
0 0.52140800625 0.3178503765625 0.5156830171875 0.31744857031249996 0.43854644687500005 0.4315645578125 0.42920569531249997 0.4259391265625 0.417454434375 0.41951004843749995 0.3412218109375 0.3315121640625 0.3360994609375 0.331110340625 0.337304740625 0.3479866359375 0.43794383124999997 0.4564771921875 0.5238185140625 0.3258867171875 0.52140800625 0.3178503765625
0 0.4361359375 0.42634093437500004 0.5144777375 0.3122249625 0.52351720625 0.3114213140625 0.609391890625 0.412679178125 0.6163221578125 0.40504464531249995 0.61782869375 0.3949992203125 0.5186961906249999 0.2752577921875 0.43402673593749996 0.40866099218749996 0.42739779999999994 0.41468824687500005 0.42920569531249997 0.41830459375 0.4361359375 0.42634093437500004
0 0.5211527609375 0.3840661671875 0.527781696875 0.386477059375 0.6085340312499999 0.47487676562500003 0.6181761140625001 0.47768949843749997 0.6214905703125 0.470054965625 0.5217554 0.3499117390625 0.43618202500000003 0.484520384375 0.43618202500000003 0.4937621609375 0.44040042812499997 0.49978945 0.5211527609375 0.3840661671875
0 0.42645224531250003 0.621840690625 0.5252834671875 0.4824102203125 0.5400478750000001 0.4868302046875 0.6355646421875 0.5969280234375 0.6446040625 0.5949189374999999 0.6503290500000001 0.5828644453125 0.5243795203125 0.438210365625 0.41801541562500005 0.60456255625 0.41650885468750004 0.6097861640625 0.42072725625 0.61661705 0.42645224531250003 0.621840690625
0 0.5325150187500001 0.5434863921875001 0.54185576875 0.5370573296875001 0.55420966875 0.5422809375 0.6533422234375 0.66242418125 0.6620803359375 0.6427351375 0.5415544625 0.492857459375 0.42946539375 0.6467533078125001 0.4276575 0.6632277953125 0.4385048375 0.669255065625 0.5325150187500001 0.5434863921875001
0 0.4362727203125 0.7070822203125 0.54082893125 0.5853316828125 0.5462525874999999 0.588948046875 0.6390575375 0.7018585796875 0.6444811703125 0.7026622109375 0.6511100812499999 0.70145675625 0.6538219468750001 0.6914113484375 0.545649946875 0.5519808937499999 0.538117090625 0.5499718171875 0.42964378437499995 0.6926167859375 0.4275345828125 0.6970367796875 0.42964378437499995 0.7022604203125 0.4362727203125 0.7070822203125
0 0.7124667687499999 0.1754161890625 0.6201175343750001 0.286530703125 0.535406178125 0.1680085625 0.5308928640625 0.1754161890625 0.5298513421875 0.186064671875 0.6201175343750001 0.31662423125 0.72913131875 0.1823608390625 0.7204518609375 0.1698604546875 0.7124667687499999 0.1754161890625
0 0.80655190625 0.2749562890625 0.7228821015625 0.1351371734375 0.614448946875 0.25771705 0.6114380749999999 0.267085659375 0.6190759984375 0.280049028125 0.7225349328124999 0.16615664218749998 0.795095065625 0.2869936890625 0.8009970859375001 0.288845590625 0.80655190625 0.2749562890625
0 0.6201175343750001 0.23606621875 0.7232293000000001 0.1263406015625 0.7280897828125 0.1305074 0.796136603125 0.25134445625 0.8030801578125001 0.257363146875 0.807593471875 0.2522704078125 0.8121067859375 0.24439979531249997 0.7280897828125 0.0906913640625 0.614562684375 0.214769253125 0.6135211468749999 0.21523223906250002 0.6135211468749999 0.22495475156250003 0.6201175343750001 0.23606621875
0 0.71732728125 0.23421427968750003 0.7232293000000001 0.23745513593749998 0.796830940625 0.3425509515625 0.8034273265625 0.3485696609375 0.8089821484374999 0.33421735468749997 0.7207990578125 0.199490996875 0.6204454187499999 0.333316225 0.6211590703125001 0.34393988750000004 0.6267139203125 0.353199471875 0.71732728125 0.23421427968750003
0 0.7148970390625 0.239770021875 0.6228949453125 0.359681109375 0.532628753125 0.250881471875 0.529156975 0.2592150484375 0.52880980625 0.2661597078125 0.5305456953125 0.27125246718749996 0.6222006062500001 0.3888486859375 0.7232293000000001 0.24902955000000002 0.719410325 0.238844071875 0.7148970390625 0.239770021875
0 0.719410325 0.2990310875 0.727048246875 0.2948643 0.80967654375 0.3990342015625 0.819397509375 0.38236701093750003 0.726701078125 0.2633818546875 0.631574375 0.3902375828125 0.625672384375 0.399960134375 0.637476421875 0.4147753859375 0.719410325 0.2990310875
0 0.6375035515625 0.4183849265625 0.6218805671875 0.42116277812499997 0.6128539109375 0.4197738421875 0.528836921875 0.3234745984375 0.528836921875 0.342919634375 0.619103128125 0.45449714375 0.7197846234374999 0.321622696875 0.71006365625 0.3142150515625 0.6375035515625 0.4183849265625
0 0.7281169125 0.3859765125 0.73575480625 0.3859765125 0.8159528625 0.484590690625 0.8208133453125 0.47810897656250007 0.733671734375 0.355883003125 0.6359065296875 0.48011869531249995 0.6350732812500001 0.484590690625 0.6427112046875 0.49523913437499995 0.7281169125 0.3859765125
0 0.733671734375 0.34986429375 0.7385322171875 0.3503272796875 0.8152584656249999 0.454960109375 0.822202021875 0.45171927187499994 0.828798465625 0.44245972499999997 0.7371435109375 0.3160669734375 0.639654678125 0.4463853609375 0.637850721875 0.4535711921875 0.6454886156249999 0.46144180312499994 0.733671734375 0.34986429375
0 0.7649177328125 0.5148474328125 0.7742915296875 0.5148474328125 0.8603916046875 0.6333695828125 0.8683767250000001 0.612998625 0.7704725828125001 0.473642475 0.662847503125 0.6143875609375 0.656945484375 0.6194802625 0.6635418421875 0.6305917484375 0.7649177328125 0.5148474328125
0 0.7610987859375 0.46623482968749996 0.7697782156249999 0.4666978140625 0.859350040625 0.576423403125 0.8711540781249999 0.5642227328125 0.765612071875 0.424403615625 0.6565213453125 0.569449559375 0.6576398218749999 0.5801272265625 0.6618059671875 0.58799785625 0.7610987859375 0.46623482968749996