0 0.3867907875 0.1843688203125 0.399081615625 0.19311654375 0.4970892703125 0.08266551718750001 0.50632468125 0.0757117078125 0.5133548734375 0.08150484062499999 0.5723727625 0.2316167859375 0.5787536921875 0.2321767546875 0.5861793078125 0.22420148437499998 0.51295178125 0.042648174999999997 0.3867907875 0.1843688203125
0 0.286298440625 0 0.38084809062499997 0.18659816875 0.5099190390625 0.0412418546875 0.512329396875 0.0247405078125 0.5063451640625 0.025782187499999998 0.39311465156250003 0.143803353125 0.385128878125 0.142057996875 0.3779157140625 0.1403804421875 0.311505790625 0 0.286298440625 0
0 0.32618031875 0 0.38237050781250004 0.1167466140625 0.494365396875 0 0.464548559375 0 0.38827332187499997 0.0780938453125 0.3461407421875 0 0.32618031875 0
0 0.20940033125 0.48600205937499996 0.0585627015625 0.6482504703124999 0.0608851140625 0.6526355015624999 0.0649883828125 0.659629434375 0.07507675 0.6616203703125 0.2009667703125 0.524512184375 0.20948650781249997 0.5258127015625 0.2925800375 0.6370349359375 0.298512525 0.63921401875 0.3080293625 0.6289927734375 0.20940033125 0.48600205937499996
0 0.0766547546875 0.596132209375 0.07970492500000001 0.60355393125 0.0872801734375 0.609194109375 0.21372732343749998 0.4776630234375 0.2261279421875 0.4776456234375 0.2394276875 0.48378816718750006 0.3135853859375 0.5903565046875 0.3202399953125 0.57988405625 0.2229715078125 0.4359071 0.0766547546875 0.596132209375
0 0.22447060468750002 0.373017125 0.080766384375 0.527357853125 0.0807879359375 0.5373105203125 0.0826387265625 0.542448315625 0.0915004109375 0.5443316484375 0.2157692359375 0.41371505624999994 0.2320507390625 0.41237974375 0.24201235468750001 0.4187821484375 0.32075634375 0.5351509109375 0.32604319843749996 0.5223471828124999 0.22447060468750002 0.373017125
0 0.0920478140625 0.4824637796875 0.0941066296875 0.4892782984375 0.1007373734375 0.49925813750000003 0.23145276250000002 0.35649240781249997 0.24099111875 0.356223815625 0.2507303609375 0.354314396875 0.32948873125 0.47731826406250005 0.33600943125 0.46793974687500006 0.2386596484375 0.3178746109375 0.0920478140625 0.4824637796875
0 0.2502855390625 0.357758 0.24204662500000002 0.364482378125 0.238930934375 0.3730540890625 0.33520235625 0.5285528109375 0.342830178125 0.52701090625 0.4561115703125 0.38824341093750003 0.44933973437499997 0.3760399109375 0.35173957499999997 0.48798968593750003 0.34234229374999997 0.49048194375 0.3378444734375 0.49008722968749996 0.2502855390625 0.357758
0 0.3404404390625 0.4519989625 0.3374976609375 0.45578194375000003 0.34147421875 0.4671873015625 0.3487601109375 0.465062596875 0.44672372187500003 0.3636482890625 0.4572209796875 0.3656751421875 0.4600377796875 0.3764259125 0.47148677031249997 0.3774306390625 0.4770032046875 0.3762562828125 0.4585974453125 0.3307967703125 0.45253105312499997 0.329711596875 0.3404404390625 0.4519989625
0 0.3379303359375 0.5434055953125 0.34535730625 0.5435045328125 0.44124775468750005 0.42864060937500004 0.45236192031250005 0.43238005625 0.5103649140625001 0.5358722671875 0.5160151828124999 0.5336040125 0.5170194515625 0.525399834375 0.45595576718749997 0.39289237187500003 0.3364572375 0.53315128125 0.3379303359375 0.5434055953125
0 0.32383467499999996 0.64167631875 0.44248415625000004 0.4961932015625 0.435793684375 0.49007788437500005 0.4306861296875 0.491288128125 0.42719981718750005 0.4860068046875 0.327576740625 0.6077298140625 0.240104953125 0.4883838328125 0.2320085046875 0.49375435 0.22898794374999998 0.49985080625 0.32383467499999996 0.64167631875
0 0.23158983125 0.42627349531250003 0.2278279828125 0.43187064218750004 0.3226125890625 0.5807587812499999 0.32969762812500003 0.58027490625 0.4261236828125 0.4610354390625 0.4227640375 0.4513426375 0.3457662203125 0.5435404171875 0.3405989203125 0.5486151593749999 0.33138808124999997 0.54283146875 0.3210988828125 0.5424813281249999 0.2413888171875 0.42049958125 0.23158983125 0.42627349531250003
0 0.325281171875 0.5859683671875 0.327280209375 0.5966473796875 0.332089415625 0.596170846875 0.42732648281249996 0.48159532812499994 0.438299571875 0.48311112031250003 0.44096819062500003 0.4883206859375 0.4462909453125 0.4921047265625 0.45664705781250003 0.49190790937499995 0.462720690625 0.49631065156250004 0.49385147500000004 0.5559830953125 0.4973163359375 0.5513117624999999 0.4421684 0.444753190625 0.325281171875 0.5859683671875
0 0.4408152921875 0.5435893078125 0.49423199218749997 0.63728109375 0.5051834984375 0.628844215625 0.4397104625 0.505347759375 0.322220640625 0.65148543125 0.3271488890625 0.6618687171875 0.33589848437500003 0.656178409375 0.42970112499999996 0.5398498625 0.4408152921875 0.5435893078125
0 0.5475504812499999 0.47823086875 0.5465700265625 0.48624050781249994 0.5511712921874999 0.4915017 0.6286381171875 0.386039875 0.638748696875 0.38584775 0.6775362515625 0.481002621875 0.6845909875 0.48270114375000006 0.6887579875000001 0.47173286406250003 0.6396006671875 0.34922208125 0.5475504812499999 0.47823086875
0 0.47410540624999997 0.382733125 0.4673741859375 0.390335803125 0.5328271250000001 0.5292908359374999 0.6290793859375 0.4055082203125 0.626931625 0.396684359375 0.62399953125 0.39426820937499996 0.5521074234375 0.4937427125 0.5463156078125 0.49161530156250005 0.5431290671875 0.4945739203125 0.537003396875 0.4918775109375 0.48108780781249993 0.3817267375 0.47410540624999997 0.382733125
0 0.5134186203125 0.628513753125 0.6046774390625 0.5026737671875 0.6012013640625 0.4948127578125 0.5966071359375 0.49279044218749996 0.520802475 0.5978584578125 0.5144737171875 0.5935250421875 0.4592468140625 0.49422894531250006 0.4512699515625 0.49676720156250004 0.447513553125 0.5036530531250001 0.5134186203125 0.628513753125
0 0.5357078890625 0.538718765625 0.52604785 0.5319341890625 0.5200809468750001 0.5411253968749999 0.511900959375 0.5420266875 0.45266810468749996 0.43590245781250003 0.4498153828125 0.439430090625 0.4465765828125 0.4445842921875 0.51017121875 0.572638471875 0.5357078890625 0.538718765625
0 0.62003339375 0.4365573734375 0.627291284375 0.439892884375 0.6656725531250001 0.531773821875 0.6739832703124999 0.5298045828125 0.67423071875 0.5211909203125 0.633339790625 0.40696154062499995 0.536819075 0.5296411578125 0.53756611875 0.536722975 0.5430895078125 0.5377474109375 0.62003339375 0.4365573734375
0 0.6448319984374999 0.5306307234375 0.60884011875 0.4549489484375 0.5430971953125 0.541781559375 0.54025194375 0.5412321796875 0.5364980640625 0.5413375312500001 0.5142790703125 0.572217709375 0.5161845828125 0.5822744703125 0.5220527078125 0.5800922843749999 0.5957519859375 0.48316929374999995 0.6004392000000001 0.48148286249999994 0.6035463265625001 0.483553625 0.6094948171875 0.48437532031249997 0.6196989015625001 0.48886699062499994 0.6395964640625 0.5349662015625001 0.6448319984374999 0.5306307234375
0 0.5944316484375001 0.53254018125 0.5990063421875 0.5341380671875 0.6406723203125 0.6175560359375 0.6456765328125 0.613209484375 0.6493507968750001 0.6075498296874999 0.605487121875 0.507986696875 0.51290310625 0.6310694703124999 0.516887865625 0.6326155859375 0.5223551734375 0.6310146046875 0.5944316484375001 0.53254018125
0 0.6093903843749999 0.49408458125 0.6546478765625 0.601746165625 0.6584825624999999 0.6020826859375 0.7312859828125 0.49201990625 0.729060734375 0.4858425125 0.72591258125 0.48476862968749995 0.6602920218749999 0.5751226093749999 0.655862175 0.5723410078125 0.6165025453124999 0.4871313828125 0.6115414359375 0.48869005000000004 0.6093903843749999 0.49408458125
0 0.7223158656249999 0.4581317203125 0.6645854328125 0.5376126343750001 0.6229849796875 0.4390457578125 0.61665595 0.44447244062499996 0.61329985625 0.4501198421875 0.6600194312500001 0.5627356296875 0.7280325624999999 0.46501429375000003 0.7223158656249999 0.4581317203125
0 0.676241240625 0.5178975359375 0.754456009375 0.4099048734375 0.751828796875 0.3997041359375 0.6820457906249999 0.497270121875 0.635718490625 0.388590528125 0.6331675515625 0.39726695 0.6340197062499999 0.404919078125 0.676241240625 0.5178975359375
0 0.6859553078125 0.48190079687500004 0.6803682671875 0.485617921875 0.6819908640625 0.49129640781250006 0.683971015625 0.4909724171875 0.7521480171875 0.396917778125 0.7554535140625 0.398315075 0.75625426875 0.402592778125 0.78218019375 0.48968084999999995 0.7880440421875 0.4877595671875 0.788792090625 0.4802961296875 0.7563547609375 0.3733710390625 0.690125665625 0.466765725 0.6885347296875 0.4757052953125 0.6859553078125 0.48190079687500004
0 0.7388976625 0.443907984375 0.7457366624999999 0.4475660421875 0.7740311109375 0.5257319375 0.7767888640625 0.5265473046875 0.7799020546875 0.517455703125 0.749938509375 0.4190759125 0.7232828453125 0.45591595781249994 0.7259554546875 0.46092845000000005 0.7388976625 0.443907984375
0 0.6617634781249999 0.5671625546875 0.6634606546875 0.5700553453125 0.728079384375 0.47786166718749995 0.7329869359375001 0.4796642734375 0.763537175 0.5582587671875 0.767747440625 0.550396665625 0.7357719406250001 0.45132678125 0.6602659515625 0.564271146875 0.6617634781249999 0.5671625546875
0 0.7834195937499999 0.564805346875 0.8186071437500001 0.5594330515625 0.8193301046875 0.55492339375 0.81777138125 0.5508994671874999 0.7908095562499999 0.5547070749999999 0.7887187515625 0.5522370390625 0.79790265625 0.4855897265625 0.7958454781250001 0.4856378453125 0.7944400765624999 0.48734376093750004 0.7834195937499999 0.564805346875
0 0.84694513125 0.40445694374999996 0.8477351671875001 0.47843132187500004 0.884693440625 0.451405040625 0.8834989125 0.4479587625 0.8808080859375 0.44713295468750003 0.8562318687499999 0.46423871875 0.8530385828125 0.46631715625 0.851532046875 0.46421937968749993 0.8506196218750001 0.40084828593750005 0.84824845625 0.40221264687499997 0.84694513125 0.40445694374999996
0 0.8850283343750001 0.42706148749999995 0.8522308109375001 0.456136221875 0.8526925437499999 0.4631418890625 0.8788551874999999 0.44027867968749995 0.8826113078125 0.44080484843749995 0.8825926031250001 0.4433584375 0.8843712046875 0.44803531249999995 0.8849629406249999 0.4528045828125 0.8836358109375 0.455243346875 0.8856653296875001 0.4974844265625 0.8888586140625 0.4954059875 0.8850283343750001 0.42706148749999995
0 0.83918575625 0.49065374687499996 0.8422676703124999 0.49308631875 0.871052290625 0.472811875 0.8733359 0.4757640578125 0.8744310984375 0.5340407375 0.8766092656250001 0.533052546875 0.8766940812499999 0.46033428593750003 0.8389592125 0.486796915625 0.83918575625 0.49065374687499996
0 0.880691921875 0.479585578125 0.8857462328124999 0.5460408578125 0.9191923624999999 0.5080923328125 0.9191056218749999 0.501598378125 0.8918743203125 0.5343921593750001 0.8892787109375 0.5327885015625 0.8890780609375 0.5296259937500001 0.8853057078125 0.49922187500000004 0.883322159375 0.47821287031250004 0.8819661249999999 0.47848697968750004 0.880691921875 0.479585578125
0 0.9329244203125 0.4727380109375 0.9327450359375 0.468201478125 0.9051966124999999 0.4999846578125 0.9030396875 0.49959881250000004 0.8975481999999999 0.447226121875 0.8953224234375 0.4486032375 0.8940989531250001 0.4510584609375 0.9007204281250001 0.5137438828125 0.9329244203125 0.4727380109375
0 0.9139040859374999 0.46006170625 0.895016503125 0.437082778125 0.8933882296875 0.439195378125 0.8932003421875001 0.44193066718749996 0.8960442234375 0.4463079078125 0.8985395125 0.4463303359375 0.898063421875 0.45021967656250006 0.9146276109375 0.46975644375 0.935226546875 0.4059144453125 0.932990546875 0.4025733234375 0.9139040859374999 0.46006170625
0 0.8908342140625001 0.5279484703125 0.890629646875 0.5301552578125001 0.8916787812500001 0.53358879375 0.9190818171874999 0.5017928406250001 0.9214606468750001 0.5039671593749999 0.9257312531249999 0.55190849375 0.92808708125 0.5434667546874999 0.9239014890625 0.49002933437499996 0.9217683593749999 0.48944901874999996 0.8908342140625001 0.5279484703125
0 0.9419608937499999 0.46366559687500003 0.9283391140624999 0.529984584375 0.92929986875 0.5341987687499999 0.9548646546875 0.535903571875 0.9569344578125 0.5310575484375 0.9560436187500001 0.5284655328125 0.9334394749999999 0.5245067140625 0.933362565625 0.51965185625 0.9451242593750001 0.463045409375 0.9429293953125001 0.4612367609375 0.9419608937499999 0.46366559687500003
0 0.9280380062500001 0.547914471875 0.925946446875 0.55293815 0.9144798796875 0.6027472375 0.916894534375 0.6038569453125 0.932051803125 0.5414434499999999 0.950092240625 0.5432061765625 0.9549868015625 0.5448926234375 0.9560352890624999 0.5385204921875 0.9294491656250001 0.5352895906249999 0.9289031828125 0.5386532984375 0.929330359375 0.54174330625 0.9280380062500001 0.547914471875
0 0.894941575 0.6178813640625 0.8936650593750001 0.6208307671875 0.9156307921875 0.623370696875 0.9225227828125 0.6231591375 0.9363498171875 0.561307040625 0.933152321875 0.56000596875 0.9206706499999999 0.6158532625 0.8964617609375001 0.615195896875 0.894941575 0.6178813640625
0 0.8930461984375 0.6078691015625 0.8930679421875001 0.60769146875 0.891411309375 0.6091621140625 0.8920171265624999 0.612986040625 0.9197938640625001 0.6141667078124999 0.9353355625 0.5453228078125 0.93232441875 0.54469945 0.9195220046875001 0.601034996875 0.9173434609375001 0.6067692828125 0.8930461984375 0.6078691015625
0 0.9255728062499999 0.6144465953125 0.9371841609375 0.5981174546875 0.9391245484375 0.599716403125 0.945080871875 0.632078009375 0.9464474453125 0.6358716484375 0.9486270625 0.631776921875 0.939474103125 0.586889065625 0.9273684062499999 0.606617403125 0.9255728062499999 0.6144465953125
0 0.9551216828125 0.4999015125 0.95643145625 0.49886563125 0.9532048859375 0.4826148453125 0.943470046875 0.4967806515625 0.9438868734374999 0.4985559484375 0.9531485843749999 0.4852711765625 0.9551216828125 0.4999015125
0 0.9691902203125 0.5365131843750001 0.9704867140625 0.5371090093750001 0.9680183578125 0.5166462546874999 0.957726521875 0.5324220390625001 0.9575889156249999 0.5347238062499999 0.9674916796874999 0.5203600328125 0.9691902203125 0.5365131843750001
0 0.849953515625 0.6948505640625 0.8719635109375 0.6634554453125 0.8761529031249999 0.661740178125 0.8896372265625001 0.7240223640625 0.8936364250000001 0.7266876718749999 0.8983213109375001 0.71668423125 0.879881984375 0.634103109375 0.8446892171875 0.6897992375 0.849953515625 0.6948505640625
0 0.8741246234375 0.743890553125 0.8798874874999999 0.741018409375 0.8838386937499999 0.752946484375 0.8965771437500001 0.757924796875 0.883329275 0.7099543640625 0.7640907234375 0.9175550203125 0.768487559375 0.9319852421875 0.8741246234375 0.743890553125
0 0.7787173421875 0.9869291468749999 0.7838436062499999 0.9922046046874999 0.8901172421875 0.7959623015624999 0.897969478125 0.7966513890625 0.930875225 0.9139046578125001 0.9357982390625 0.8974472703125 0.899257190625 0.75960765 0.777633996875 0.9810434359375 0.7787173421875 0.9869291468749999
0 0.43692010937500003 0.9163892453125 0.4384012828125 0.9237555140625 0.4422386703125 0.9290988375 0.5365717796875 0.7791690484375 0.5454592 0.7799489796875 0.5963130999999999 0.8690230796874999 0.6011206312499999 0.8664410124999999 0.604925475 0.8567617343749999 0.5436638828125 0.74875058125 0.43692010937500003 0.9163892453125
0 0.0842138046875 0.8882849203125 0.0797186375 0.8986973796875001 0.08491200625 0.907549340625 0.27664462031250003 0.84337628125 0.2827352125 0.8448985499999999 0.287257765625 0.8531977875000001 0.276981584375 0.9854089281249999 0.289067609375 0.986214559375 0.3041045140625 0.8181279046875 0.0842138046875 0.8882849203125
0 0.653706284375 0.609918671875 0.6606578265625 0.6129786312500001 0.6705668109375 0.600039625 0.6724058421875 0.5999783 0.680736946875 0.6189723703125 0.6951669875 0.6275884281249999 0.6753247250000001 0.578853415625 0.6542186390625 0.60920905 0.653706284375 0.609918671875
0 0.1795815515625 0 0.0699303671875 0.09709739843750001 0.070021621875 0.106795328125 0.0699748140625 0.1176211296875 0.0840402921875 0.124555428125 0.2190801734375 0 0.1795815515625 0
0 0.2644589640625 0 0.350899415625 0.1759039265625 0.365808078125 0.1829122203125 0.3746319234375 0.17000668593749999 0.28864655156249996 0 0.2644589640625 0
0 0.5046717390625 0 0.398184325 0.11336400625000001 0.3969417609375 0.12351488906250001 0.4001074046875 0.1255026890625 0.4070058078125 0.1318080046875 0.5169748656250001 0.013209546875 0.5261118484375 0.015151389062500001 0.583352934375 0.1706534921875 0.5917380390625 0.1822192734375 0.601335990625 0.16995163124999998 0.5374653 0.00246784375 0.5173291796874999 0 0.5046717390625 0