0 0.146773546875 0.2778815703125 0.143713078125 0.27671848125 0.0916025390625 0.30408065156249997 0.09290321562500001 0.30642625625000003 0.09581679531250001 0.3083537046875 0.140763625 0.286369328125 0.1432861171875 0.2857750859375 0.1482475140625 0.2872997109375 0.189157790625 0.329606940625 0.19114683906250002 0.32950986250000003 0.19224076875 0.327235390625 0.146773546875 0.2778815703125
0 0.1456838234375 0.2676033640625 0.0921528703125 0.2946308328125 0.093516815625 0.29639853125000004 0.096251821875 0.2981159390625 0.143118609375 0.2763941390625 0.1472459296875 0.2765628890625 0.18952369062500002 0.3197288125 0.1913952390625 0.3202432234375 0.1932305171875 0.3175287453125 0.149282303125 0.27052379531250004 0.1456838234375 0.2676033640625
0 0.095908046875 0.2896522171875 0.14413775625 0.26653462499999997 0.1490697921875 0.268212128125 0.1898918921875 0.3109779578125 0.1923872890625 0.3116638359375 0.193689178125 0.3094465375 0.1474489078125 0.2595583375 0.0930155984375 0.28552991250000004 0.095908046875 0.2896522171875
0 0.0972255671875 0.2805185125 0.1449512421875 0.2577452140625 0.14842531718750002 0.25789535468749997 0.18895135000000002 0.301062646875 0.19174513437500001 0.3024743265625 0.1956011484375 0.3006371421875 0.1477537796875 0.2488587171875 0.093396353125 0.27586218749999997 0.0972255671875 0.2805185125
0 0.0935361234375 0.2659110609375 0.0933668734375 0.266421234375 0.09649297968750001 0.270660346875 0.1438004578125 0.24664548125 0.1488499921875 0.2477115015625 0.1896450328125 0.2917574625 0.1915165640625 0.2922718671875 0.1943622390625 0.289996034375 0.1466640578125 0.2385805015625 0.0935361234375 0.2659110609375
0 0.0979280234375 0.2609151453125 0.145680778125 0.236861721875 0.150732615625 0.23905499687499998 0.19004033125 0.281726478125 0.1942897390625 0.28353824843750003 0.19630360156249999 0.281033790625 0.148128471875 0.228682425 0.093355621875 0.2560890703125 0.0979280234375 0.2609151453125
0 0.24736216249999998 0.3058510765625 0.196836778125 0.32796451875 0.19708234375 0.328244253125 0.19774244375 0.33164460625 0.2406379640625 0.313498725 0.24360572500000002 0.312865921875 0.2472877609375 0.3130732265625 0.2782458421875 0.352484065625 0.281543671875 0.35355144374999997 0.2833495546875 0.350989828125 0.24736216249999998 0.3058510765625
0 0.24605341875 0.304686625 0.24854881718750002 0.3053725046875 0.2809919234375 0.345030571875 0.2857995484375 0.34393779687500003 0.249186021875 0.2975003203125 0.2004793703125 0.3196820953125 0.200933790625 0.32415255468750004 0.24605341875 0.304686625
0 0.2470748671875 0.295954375 0.2500155328125 0.29660168750000004 0.28418555156249997 0.338665775 0.2868820421875 0.33602705 0.25202024375 0.2895882125 0.2006983875 0.3105683359375 0.2031712578125 0.3147888421875 0.2470748671875 0.295954375
0 0.2522823609375 0.287085109375 0.25668096875 0.2892597859375 0.285772071875 0.33041071875 0.29055032187499996 0.329470803125 0.2559823359375 0.281503275 0.20504242343749998 0.30049606406249996 0.2060008921875 0.3046222234375 0.2522823609375 0.287085109375
0 0.2065114234375 0.2928525046875 0.20699065781249998 0.294915584375 0.2553268265625 0.2803574203125 0.25868337812500003 0.281119046875 0.2883124921875 0.3240273234375 0.2929732203125 0.323698896875 0.2607468484375 0.2737998234375 0.20653767812499998 0.2913242125 0.2065114234375 0.2928525046875
0 0.29212770625 0.3167067421875 0.2957192984375 0.316245403125 0.2640851125 0.2655434171875 0.209203896875 0.2820631609375 0.2123767328125 0.2862563515625 0.262112065625 0.27353128125000004 0.29212770625 0.3167067421875
0 0.0821468765625 0.366365603125 0.1056016703125 0.35588865 0.1095209546875 0.3566340625 0.1346962203125 0.3794818765625 0.1452004921875 0.38236906249999997 0.10794089843750002 0.34724016875 0.048928878125000005 0.3771455796875 0.052118921875 0.3805111765625 0.0674114015625 0.3749252390625 0.0681406390625 0.3723050734375 0.0684388046875 0.3684049828125 0.07128623437500001 0.36885578125 0.0749002875 0.3700150484375 0.07777563125 0.3691461734375 0.07694372187500001 0.3664287375 0.0821468765625 0.366365603125
0 0.0489100046875 0.3678489609375 0.05255669843750001 0.3700127265625 0.105396328125 0.345213421875 0.109898178125 0.3464507921875 0.14722071875 0.3824265828125 0.15640845781249998 0.3851178359375 0.1085324875 0.33711581874999996 0.0474267109375 0.3651043609375 0.0489100046875 0.3678489609375
0 0.048364434375 0.3554210390625 0.0520461453125 0.359751353125 0.1048252140625 0.3352672578125 0.10825517031250001 0.336210009375 0.15590971250000002 0.3806668578125 0.1591508609375 0.3790689421875 0.10716444218750001 0.3266187765625 0.048760546875 0.3545343921875 0.048364434375 0.3554210390625
0 0.10311100468750001 0.365325103125 0.108132434375 0.36620753437500003 0.11947571562499999 0.37529839374999996 0.1312056703125 0.37885430625 0.10823706875000001 0.3574426046875 0.08527161875 0.367722215625 0.0932942859375 0.3694295609375 0.10311100468750001 0.365325103125
0 0.20974922343750002 0.36593159375 0.2145842171875 0.36543543125 0.248451225 0.402950209375 0.2517226796875 0.401194703125 0.21261042031250002 0.3580902578125 0.163654515625 0.38317043906250003 0.1675208546875 0.3860152203125 0.20974922343750002 0.36593159375
0 0.2498421015625 0.3945388234375 0.2552293359375 0.3946922 0.215133709375 0.34965828125 0.165600553125 0.37486862187500003 0.1676581296875 0.3782547796875 0.213004159375 0.3560415375 0.2498421015625 0.3945388234375
0 0.21037855625000002 0.3744005015625 0.2158008234375 0.37672045 0.24181039062499998 0.40344777968749995 0.24695297031250002 0.40369983125 0.213670878125 0.36783909375 0.1715357296875 0.38861200625 0.1781510046875 0.39059619218749997 0.21037855625000002 0.3744005015625
0 0.1882871140625 0.3930503515625 0.2099384046875 0.3837368765625 0.21345922343749998 0.3842068515625 0.2308797015625 0.401604825 0.23810545468750002 0.402761290625 0.21534415468749998 0.37792227500000003 0.21273902812499998 0.3762107265625 0.18197944531250002 0.391814390625 0.1882871140625 0.3930503515625
0 0.5591580390625001 0.9001376140625 0.45402074531250003 0.7947579671875 0.4405122765625 0.7870372734375 0.40581752031249996 0.7831788125 0.2416803609375 0.8498287359375001 0.24153459531250002 0.860261584375 0.2552211875 0.86469143125 0.408885603125 0.807400825 0.42034418437500004 0.8068765062500001 0.4331725046875 0.8134083078125001 0.52409748125 0.8981825125 0.536869575 0.9073707140625 0.5537502062499999 0.9070007703125 0.5591580390625001 0.9001376140625
0 0.474111640625 0.7770191843750001 0.414050825 0.7514934656250001 0.24808380625 0.8184278984375 0.2453213171875 0.8233462656249999 0.2519864703125 0.8288520296874999 0.265485421875 0.83189438125 0.41643879375 0.7745265828125001 0.4401674765625 0.7787107515625 0.5399951703125 0.878623253125 0.562063503125 0.8843549156250001 0.56498990625 0.8691281343749999 0.474111640625 0.7770191843750001
0 0.566480825 0.84482329375 0.5668885609375 0.8332459984374999 0.4614978890625 0.724456884375 0.41347756406249997 0.711926053125 0.2539308765625 0.7828962453125 0.25202765 0.7884515859375 0.260048309375 0.7939959359375 0.272308934375 0.794026065625 0.408483071875 0.74027764375 0.420856115625 0.7349949578125 0.444158034375 0.7413996843749999 0.54021925625 0.8372710953125001 0.5540372984374999 0.8457448375000001 0.566480825 0.84482329375
0 0.574974190625 0.8100857937500001 0.5738530203125001 0.80409994375 0.46456920312500005 0.68956501875 0.43035740625 0.6808295828125 0.2617355953125 0.7450304062499999 0.2568155125 0.7493557703125 0.260038040625 0.7585910546875 0.2715061015625 0.7627450921875 0.41851485468750005 0.704627084375 0.432806378125 0.70354549375 0.44679780625000004 0.7063892046875 0.5553262875 0.8130349499999999 0.5660437515625001 0.81163896875 0.574974190625 0.8100857937500001
0 0.5844667921875 0.78196859375 0.48837231875000003 0.669722946875 0.43374784375 0.6513691390624999 0.2671006625 0.7171146671875 0.26088128906249997 0.718745025 0.260346825 0.7286175781249999 0.2725607375 0.7359824515625 0.42431143281250006 0.6768299203125 0.44050720937500004 0.6729319328125001 0.4582651078125 0.6798167296875001 0.565940059375 0.7909036 0.577403340625 0.79271845625 0.5844667921875 0.78196859375
0 0.5838065140625 0.75246621875 0.5872257296875001 0.7451324046875001 0.48347510156249995 0.628265484375 0.43487716406250004 0.613430509375 0.2704496234375 0.68052078125 0.2675200921875 0.687398184375 0.27194801874999996 0.6936384906249999 0.285858071875 0.6986437203125 0.43574927968750005 0.6402639203125 0.45242704843750003 0.63923371875 0.46312106562500005 0.6442414578125 0.5663112375 0.7535671890625 0.5780882390625 0.7550312765625 0.5838065140625 0.75246621875
0 0.58706740625 0.7208590640625 0.594686146875 0.714679534375 0.4847605609375 0.5902056796874999 0.442657021875 0.5792241359375 0.27387233437499997 0.6480716531249999 0.27126643125 0.6532651390625 0.275582271875 0.657997196875 0.28922262656250003 0.664405740625 0.439495625 0.60613085 0.45224772812499997 0.60461260625 0.4657178453125 0.6077240109375001 0.56705308125 0.71624441875 0.5791123875 0.7225138765625 0.58706740625 0.7208590640625
0 0.5939177140624999 0.6852152578124999 0.5962413015625 0.6752164359374999 0.4887184734375 0.5528804046875 0.4477021375 0.5404247875 0.2790188734375 0.610012790625 0.276635159375 0.612781784375 0.282648340625 0.6212307312500001 0.2919812609375 0.627046309375 0.4468271921875 0.5658915515625 0.4581103203125 0.5657424671875 0.47491277343749994 0.5724291578125 0.574891134375 0.6838269578125 0.58334838125 0.6879244109375 0.5939177140624999 0.6852152578124999
0 0.6023975203124999 0.6556313796875 0.6044472234375 0.6449662859374999 0.49789946093750004 0.5196479296875001 0.4512685328125 0.5071265359375 0.289509246875 0.5728818 0.285596196875 0.5786024140625 0.29210323125 0.5886645421875001 0.30301300468750003 0.5925496421875 0.45432344999999996 0.5351508625 0.465386621875 0.5340548843749999 0.4777114046875 0.5368514703125 0.5833169703125 0.654523728125 0.5948782125000001 0.65711045 0.6023975203124999 0.6556313796875
0 0.5785394875 0.6103651796875 0.5914828234375 0.6224918453125 0.603371928125 0.625464171875 0.611853696875 0.6147940921874999 0.50442613125 0.48568808125 0.46122699687499996 0.472041528125 0.2932895140625 0.5385815859374999 0.293749453125 0.5403618640625 0.2924507140625 0.5450281484375 0.2951357578125 0.5519713484375 0.3085603515625 0.5595025515625001 0.45577911249999997 0.50038819375 0.4677676796875 0.49866008281249996 0.4744197328125 0.4996019953125 0.48675293125 0.506537703125 0.5785394875 0.6103651796875
0 0.61229715625 0.5915726140625 0.6181148624999999 0.5843071 0.5092596515625 0.4500809171875 0.500366665625 0.44615917656250004 0.4843901421875 0.44354080937499996 0.4615954890625 0.4387529375 0.2991061640625 0.505493759375 0.2966783046875 0.5062995796875 0.3028035734375 0.5162567625000001 0.3160621453125 0.522560359375 0.462957253125 0.465129965625 0.47625716718750005 0.4649442421875 0.4923500203125 0.47114041562500003 0.59468558125 0.5890958140625 0.5986154406249999 0.5916533953124999 0.61229715625 0.5915726140625
0 0.6190594125 0.558559025 0.6205115812499999 0.54891166875 0.51902644375 0.420257021875 0.5131834828125 0.415105203125 0.4711339109375 0.40384302656250004 0.3073316953125 0.4655167265625 0.3019716125 0.47465517031250004 0.3070552390625 0.4816666328125 0.322442665625 0.489441834375 0.4694456515625 0.43145011875000006 0.48481629374999996 0.43094710156250005 0.503855484375 0.4385440703125 0.6006345875 0.5582225609375 0.61061478125 0.5606702203125 0.6190594125 0.558559025
0 0.6302163015625 0.5214063953125 0.5287902625 0.3857871734375 0.48191187187500006 0.3688970140625 0.31220095312499996 0.43616906718750004 0.31538306875 0.44728819375000006 0.326261840625 0.45588563750000005 0.483667559375 0.3966153109375 0.4932749 0.397653871875 0.5045867312500001 0.4011635390625 0.6041393203125 0.5238515359375 0.6127173828125 0.52741086875 0.6249852890625001 0.528780190625 0.6302163015625 0.5214063953125
0 0.6420503078124999 0.49101489843749996 0.535066653125 0.347459721875 0.490927675 0.3333251109375 0.31651825625 0.4022280109375 0.31812153125 0.4131951140625 0.33424835625 0.4228345453125 0.48995536093750003 0.3638983640625 0.5014807609374999 0.3634614875 0.5173037859375 0.36901214375 0.6197534203124999 0.499305353125 0.626925225 0.5016771 0.6368981375 0.5008135109375 0.6420503078124999 0.49101489843749996
0 0.5400887421875 0.30998907343750004 0.49794093593750005 0.29399860625 0.32688379843750004 0.3619330453125 0.3182497171875 0.36716988281249996 0.32573107343749996 0.376435646875 0.3410422546875 0.3846493109375 0.5006584640625 0.32238184062499997 0.521875775 0.32821359375000003 0.6295848453125 0.4651592203125 0.6394846859375 0.46467606406249995 0.647668675 0.45611130468749994 0.5400887421875 0.30998907343750004
0 0.6606051140625 0.4228186421875 0.5550219984375 0.27764575625 0.5483563078125 0.269805753125 0.505252334375 0.25595562968749996 0.3296222609375 0.32783998125 0.3271363828125 0.3407746078125 0.340450709375 0.3480388875 0.5078293656249999 0.28790495781250003 0.518989196875 0.28937023125 0.528602265625 0.29321404375000004 0.629724440625 0.42474448125 0.6372001078125 0.431205021875 0.6489505375 0.43243209374999997 0.6606051140625 0.4228186421875
0 0.8363849203125 0.933807046875 0.7581931609375 0.8425685859375 0.733248353125 0.832897409375 0.7121251375 0.8299064078124999 0.5674827453125 0.8891330484375001 0.56293384375 0.893363765625 0.5692897859375 0.8979256515625 0.5788170359375 0.90148256875 0.7157976734375 0.8484307234375 0.7275122703125 0.849461215625 0.7375578328125 0.8525350812499999 0.8186836421875 0.939575715625 0.8289531015625 0.9392707281250001 0.8363849203125 0.933807046875
0 0.8413654375 0.9145334234375 0.8427356921875001 0.9074036578125 0.7701443046875001 0.8180172890625 0.7464029109375 0.8042981499999999 0.725222596875 0.8016042359375 0.5820751015625001 0.85796530625 0.578385503125 0.85945331875 0.5743577984375 0.8649143499999999 0.5865558453124999 0.8767117640625001 0.7189111375 0.818948184375 0.7303929203124999 0.8189764015625001 0.7407810125000001 0.8202678234375 0.821107540625 0.9114674875000001 0.833929146875 0.9178065156249999 0.8413654375 0.9145334234375
0 0.8522621953125 0.8821859390625001 0.7686895203125 0.7835259546875 0.7323200562500001 0.7735295046874999 0.5841895609375001 0.8350653203125 0.58076565625 0.83821391875 0.5845301375 0.845191165625 0.5948611500000001 0.8467796734374999 0.73282573125 0.7952493421875 0.7421728187500001 0.795316328125 0.753720575 0.799428621875 0.834855259375 0.8908504265625 0.8460471374999999 0.8901734156250001 0.8522621953125 0.8821859390625001
0 0.737853690625 0.74252281875 0.5854504656249999 0.8046049796875 0.5912234703125 0.8170053562499999 0.6037507296875 0.8204485781249999 0.740032875 0.7643898546875 0.7598340546875 0.769832375 0.8389482296875 0.8606988265625001 0.8527538140625 0.8685593656249999 0.8632953984375 0.860197240625 0.780807509375 0.75589285625 0.737853690625 0.74252281875
0 0.8594006515625001 0.8350264781250001 0.8673463171875 0.8268891281249999 0.7830091968749999 0.7211381796875 0.7439866859375 0.711663578125 0.5936345796875 0.7709833921875 0.592085296875 0.7759398734375 0.5948658499999999 0.781395609375 0.6044501906249999 0.7846554609374999 0.7468554671875001 0.732156334375 0.757590590625 0.7338559250000001 0.76925256875 0.7373740625 0.8439259937499999 0.8292093218750001 0.850628978125 0.8341793281250001 0.8594006515625001 0.8350264781250001
0 0.8625623359375 0.8008657046875 0.86750354375 0.790651496875 0.8593420796875 0.7777742125 0.7867462578125 0.6861972578125 0.77692906875 0.6819351078125 0.7719085406249999 0.6814934671875 0.762680084375 0.6830228968750001 0.632103609375 0.7359583796875 0.61114721875 0.7298855843750001 0.609198028125 0.7288397609375 0.5971355171875 0.734166259375 0.5939115828125 0.7376588515625 0.6015502734375 0.7488286171875 0.6108447046875 0.7513832687499999 0.75261306875 0.6977707953125 0.7623686890625 0.7001394375000001 0.7757701453125 0.7078888984375 0.7820734375 0.714938415625 0.852297309375 0.8033612968750001 0.8625623359375 0.8008657046875
0 0.8883056828125 0.7776031921875 0.8059801625 0.668026415625 0.7760148296875 0.6579135984375 0.64289954375 0.7107768046875 0.6308379125 0.7093381546875 0.6138506484375 0.7195682624999999 0.613031315625 0.7200821625 0.6171472703124999 0.7296581453125001 0.6304827390625001 0.733323509375 0.7711485031249999 0.6765930734375 0.7878354796875 0.6827434515624999 0.8634447 0.7807784515625 0.8719353453125 0.7853015359375 0.8811066765625 0.7840691640624999 0.8883056828125 0.7776031921875
0 0.8910417484375 0.7611531046875 0.9029142796875 0.75472061875 0.8191347515625 0.6394271828125 0.8138769390625 0.6357926625 0.796500396875 0.6310165765625 0.7776305390625 0.62958323125 0.63322251875 0.6902893484375 0.62508775625 0.6905555578125 0.6243544453125 0.69879868125 0.6385070171875 0.7070673515625 0.6759827796875 0.69359768125 0.76954916875 0.6561364578125 0.787254890625 0.65255834375 0.8031907359374999 0.658189509375 0.8816946968750001 0.76108610625 0.8910417484375 0.7611531046875
0 0.899359565625 0.7334114828125 0.90933911875 0.7324012703125 0.9144649593749999 0.7278675875 0.8280850390625 0.6106083375 0.8218388421875 0.6032617390625 0.8085078265625001 0.6017869578124999 0.7900991265624999 0.60016759375 0.636396690625 0.6583190765625 0.634261978125 0.65835785 0.631327946875 0.6625556703125 0.6337132828125001 0.67228149375 0.648893559375 0.6752028609375 0.7880089124999999 0.6221122296875 0.79671905625 0.621065853125 0.8069929921875 0.6229514421875 0.8899465109375001 0.7292603843750001 0.899359565625 0.7334114828125
0 0.9205917937500001 0.704843078125 0.9258273796875001 0.6975246859374999 0.8418105312499999 0.5790383609374999 0.826393003125 0.5729241296875001 0.8011671984375001 0.566928903125 0.6403654296875 0.6264171000000001 0.6342086015625 0.632070840625 0.6414431984375 0.6431295390625 0.6522925109375 0.6442349609375 0.7991385156249999 0.5907670453125 0.8087710390625 0.5893486640625001 0.8226907765625 0.5966150515625 0.8992972968749999 0.7027432984375 0.908828978125 0.7084908203125 0.9205917937500001 0.704843078125
0 0.9177712281250001 0.6796720859375001 0.9280362203125 0.677176484375 0.9374359609375 0.6747558328125 0.8547412140624999 0.553818003125 0.8446207390625 0.5422788625 0.8185867437500001 0.5360614984375001 0.6729486046875001 0.5876720453125001 0.6458289171875 0.5950018125 0.64457818125 0.5958252703125 0.647648640625 0.6019862328125 0.65296800625 0.60751425 0.6629038 0.6133728453125 0.8130352921874999 0.5583058421875 0.8212315546875001 0.5599331249999999 0.835151328125 0.5671995140625 0.91448126875 0.6790805843750001 0.9177712281250001 0.6796720859375001
0 0.8614006125 0.5131229375 0.827733828125 0.504795296875 0.6671265875 0.5671341234375 0.6597081703125001 0.5729655984375001 0.660917675 0.5797796515625 0.6827054703125001 0.58437929375 0.82684370625 0.5290880390625 0.8438460750000001 0.5323723671875 0.9224758375000001 0.64426355625 0.9363183828125001 0.647605296875 0.9458694265625001 0.6405081406249999 0.8614006125 0.5131229375
0 0.95947709375 0.6123033921875 0.874410065625 0.48475378593749996 0.834754965625 0.47153940156249996 0.68022060625 0.5383252374999999 0.6715081140625 0.537782428125 0.6726396796875 0.5482787859375 0.6824705984375 0.55283276875 0.8302823515625001 0.4980882703125 0.8448855125 0.49747234999999995 0.8582209765625001 0.5034525640624999 0.93830716875 0.6175959375 0.9518050859375 0.6194540796875 0.95947709375 0.6123033921875
0 0.879799178125 0.44688258125 0.83912330625 0.4357024796875 0.6827099 0.50243483125 0.678542440625 0.51101173125 0.683080853125 0.5168888515625001 0.8401187453125001 0.463291321875 0.852075675 0.4633369765625 0.8690912796875001 0.4731065359375 0.9515702156250001 0.5879075546875 0.96199271875 0.589383371875 0.9659845859375 0.5784433390625 0.879799178125 0.44688258125
0 0.9726094859375 0.5603565500000001 0.9755740578125 0.5482082203124999 0.8970803671875001 0.41922456406249997 0.85007155625 0.4016741 0.692715321875 0.46675838281250004 0.6926308046874999 0.46719815000000003 0.6839315046875 0.4731405234375 0.6842048015625 0.48154910468749995 0.69590814375 0.48291397500000005 0.8517497640625 0.42898763906250004 0.8619121171874999 0.4285400390625 0.8761058484375001 0.4366080375 0.9587735671875001 0.560257378125 0.9726094859375 0.5603565500000001
0 0.90323666875 0.38063828593750004 0.8606751328125 0.3661620765625 0.6951201046875 0.43130770781249994 0.6935143578125 0.43966279999999996 0.70010745625 0.447956540625 0.8571388328125 0.3911164109375 0.8686731453125001 0.3933607765625 0.886202396875 0.403734475 0.9674136359375 0.525131628125 0.9807359140624999 0.5246266234375 0.9858395812499999 0.514455178125 0.90323666875 0.38063828593750004