0 0.4980056421875 0.51604938125 0.501448684375 0.5121555546875001 0.4947449125 0.49333494218749996 0.488237578125 0.46633538124999996 0.44580488437500004 0.32625398906249997 0.44114083437499996 0.3239335671875 0.3168390734375 0.374814940625 0.2961087046875 0.38343089375 0.2886144703125 0.391182975 0.2895538703125 0.40024740625 0.2963689140625 0.40556030156249995 0.33108201875 0.39161940624999997 0.41902961406249994 0.355811503125 0.4335269859375 0.3607547125 0.44172395625 0.37065318125 0.46675953437500006 0.45156484687500004 0.48752393906249997 0.513798190625 0.4980056421875 0.51604938125
0 0.4831476890625 0.4373711203125 0.4937605703125 0.47853457343750005 0.49705211250000003 0.48855563281250003 0.5058525234375 0.49234656718750003 0.5104089390625 0.48647025624999995 0.507600146875 0.4715631703125 0.48118156875 0.3582183734375 0.46357389062500004 0.2887982796875 0.43264813437500005 0.2984559640625 0.3510009421875 0.32930861093749997 0.29936728437500004 0.350450215625 0.3004900734375 0.360753940625 0.30578474375 0.365977903125 0.3132836859375 0.364368928125 0.385366109375 0.337461553125 0.4310034359375 0.32129299375000003 0.439982525 0.32018011562500004 0.4537333 0.3295843984375 0.4613895265625 0.3480512 0.4831476890625 0.4373711203125
0 0.50534151875 0.4603739625 0.517750596875 0.4647855015625 0.5222667828125 0.4593163578125 0.4897645578125 0.2899207203125 0.48036797499999995 0.24882841406249998 0.31009292187500004 0.3007063828125 0.3078484203125 0.30794649218750003 0.30868489375 0.31495729375 0.3163541734375 0.3240058515625 0.34999413281249997 0.311640275 0.447533675 0.28089817031250003 0.4650717953125 0.28601924218749997 0.4749370046875 0.303796209375 0.47795164999999995 0.32281055468750003 0.5014726406250001 0.437623953125 0.50534151875 0.4603739625
0 0.5212954937500001 0.4350977484375 0.5275023859375 0.44037506875 0.5343529515625 0.43913769062499997 0.5345316296875 0.43423387656249995 0.534499740625 0.419079696875 0.53432940625 0.40842216249999996 0.5103626718750001 0.21454494999999998 0.47371748281250003 0.2201823890625 0.342349884375 0.2559076734375 0.331099115625 0.255249584375 0.3251027875 0.260222628125 0.326833725 0.2705619265625 0.3328797015625 0.27746792343750004 0.357384365625 0.27398700468750004 0.47377654687500004 0.2443476421875 0.48853776406250005 0.2497158078125 0.4998428890625 0.26839604375000004 0.502880003125 0.29027835625 0.514103184375 0.3871724984375 0.5212954937500001 0.4350977484375
0 0.5417816734375 0.24013500781250002 0.53567085 0.17507309531249998 0.381761484375 0.2098893703125 0.3659495921875 0.20896448906249998 0.346717128125 0.21480140312499998 0.34634201249999996 0.227884165625 0.3516993796875 0.23556892812500002 0.4967952828125 0.20637996093750002 0.5112926578125 0.21132317031249997 0.522391925 0.2258961453125 0.5366188484375 0.40691799062499995 0.5444265749999999 0.41146990624999996 0.551093753125 0.408993234375 0.5417816734375 0.24013500781250002
0 0.5668241109375 0.38288489375 0.569717815625 0.164778934375 0.5666357625 0.1371606828125 0.3742828609375 0.1586711984375 0.3713272796875 0.1638221046875 0.371193540625 0.174461853125 0.3761261453125 0.1833503359375 0.5270893484375 0.1659711765625 0.5430088750000001 0.1750927953125 0.5504817156249999 0.19232030312499998 0.5523894375 0.3804024828125 0.561091628125 0.3882828921875 0.5668241109375 0.38288489375
0 0.5930314625 0.352884640625 0.60461215625 0.0963822171875 0.4017148546875 0.1131807421875 0.3968141375 0.11944643749999999 0.3961929359375 0.12882910625 0.401756159375 0.14062113125 0.5593912484375 0.1269084046875 0.5763259281249999 0.138137009375 0.58248425 0.1593828484375 0.574420196875 0.349338884375 0.5858188328125 0.3577865390625 0.5930314625 0.352884640625
0 0.47711865312499996 0.637684240625 0.46294674999999996 0.6077792265624999 0.42455905312500003 0.5350960421875001 0.40061181875 0.49888593593749997 0.3378219765625 0.5369844296874999 0.2816188515625 0.5734205875 0.282804340625 0.5861851125 0.2928967984375 0.58308975 0.3800612015625 0.5304456328125 0.39114634375 0.5265892921875001 0.40627433437500005 0.5344360421875 0.416546546875 0.5542844265625 0.462201225 0.6400878546875 0.4729065421875 0.6431711703125 0.47711865312499996 0.637684240625
0 0.47714004687499995 0.61270465 0.4791834046875 0.6075003875 0.4524049109375 0.5535152234375 0.40427269375 0.46183356875000003 0.2807990640625 0.5352870921874999 0.28007493437500003 0.54261613125 0.2884908109375 0.5472036203124999 0.29839988281249996 0.5428689624999999 0.38544359687499996 0.491446353125 0.3985992734375 0.4913968203125 0.4106060578125 0.4998800484375 0.4189106640625 0.5179752515625 0.46744988125000003 0.6117283234374999 0.47714004687499995 0.61270465
0 0.4742638515625 0.5891936609374999 0.479692259375 0.583777875 0.4099414046875 0.42612721249999996 0.3830940171875 0.4409377140625 0.31341338125 0.4806807578125 0.275101025 0.506287259375 0.2758570421875 0.514112396875 0.28232778281250004 0.519814675 0.3853798234375 0.46113799687499996 0.3910543171875 0.45942230312500004 0.40484061406249994 0.4622763109375 0.4120626609375 0.46966062031250005 0.4229879578125 0.4952805140625 0.46631296562499996 0.5829952828125 0.4742638515625 0.5891936609374999
0 0.4758411390625 0.5577527265625 0.484395465625 0.5578435703125 0.48414467187500004 0.5480003734375 0.4648071296875 0.4960885421875 0.424254315625 0.40198357187499995 0.41885671875 0.3947059765625 0.39498738125 0.40723354218749996 0.33383389375 0.43805635625 0.28196356875 0.4677840796875 0.2827195828125 0.47560921718750004 0.28866263124999997 0.480461584375 0.298428546875 0.47448046875000005 0.387158259375 0.42766121874999996 0.4023975234375 0.4220002515625 0.42040534531249996 0.431653540625 0.4324440171875 0.45529094531250003 0.4490177078125 0.49803162968750003 0.4758411390625 0.5577527265625
0 0.4532689703125 0.464289971875 0.4795563703125 0.5387225078125 0.4882136234375 0.54086698125 0.49329772812500006 0.5358405796875 0.4759053234375 0.48281395781249997 0.43365238437500003 0.36567631093749997 0.366882390625 0.3945325125 0.31737725625 0.41579861874999996 0.2860716734375 0.4323959609375 0.2863402296875 0.43896402031250004 0.29230574531250003 0.44668435625 0.318567453125 0.4347062484375 0.342700634375 0.42260363749999996 0.40630919218750006 0.39479108125 0.4181054125 0.39302394375 0.42818482031249994 0.39934682499999996 0.4354293359375 0.409599103125 0.4532689703125 0.464289971875