0 0.3401346265625 0.3140940546875 0.3528009515625 0.3163479921875 0.3625117859375 0.32592726875 0.45455376718749996 0.4701797671875 0.46637564375 0.4786320625 0.46975335625000003 0.47130677499999996 0.3566008484375 0.2921180875 0.3456233796875 0.2825388109375 0.20038283906249998 0.43862454843750004 0.199960634375 0.44538638593749996 0.20460496093749997 0.44820380000000004 0.3304237921875 0.31747497343750003 0.3401346265625 0.3140940546875
0 0.35237872812500004 0.2667612015625 0.3612451546875 0.275213496875 0.4659534578125 0.44200546718749995 0.4705977640625 0.44200546718749995 0.474819884375 0.43862454843750004 0.3481566453125 0.23520595625000001 0.1982717984375 0.4008709453125 0.2023100046875 0.4091251984375 0.3304237921875 0.27690395625 0.3401346265625 0.2695786421875 0.35237872812500004 0.2667612015625
0 0.3498454625 0.218301365625 0.35871188906249996 0.22337274375 0.47608651718750006 0.40932324062500003 0.48157523125 0.4087597640625 0.485797353125 0.4025614046875 0.381933496875 0.23238852968749998 0.3511120953125 0.185055675 0.25062595 0.29831644687500003 0.192360840625 0.365934809375 0.1982717984375 0.3721331421875 0.1982717984375 0.37382360000000003 0.3388679953125 0.219428346875 0.3498454625 0.218301365625
0 0.350689909375 0.168151071875 0.361667378125 0.16758759375 0.37306706875 0.1737859390625 0.4866418 0.3535380921875 0.492130515625 0.3535380921875 0.493397146875 0.34508579687499996 0.363356234375 0.13265143125 0.2054493890625 0.30507825624999996 0.20716655468749998 0.31254505625 0.2316264640625 0.291554584375 0.335490321875 0.18111126718749998 0.350689909375 0.168151071875
0 0.3186018765625 0.38333436249999997 0.3287349359375 0.38333436249999997 0.3384457703125 0.3906596765625 0.439354178125 0.546745415625 0.445687340625 0.544491453125 0.44822060468749997 0.5388565984375 0.32535726249999997 0.35065215 0.3202907328125 0.3551600375 0.1758946203125 0.506174396875 0.181403228125 0.5104913859375 0.18264998593749998 0.5140631890625 0.304246696875 0.3900962 0.3186018765625 0.38333436249999997
0 0.6374631234375 0.4503902703125 0.72232749375 0.5929523359375 0.7265496140625001 0.5861905000000001 0.6277522875 0.41714456718750004 0.622263534375 0.4154541078125 0.48124513281250003 0.56872240625 0.48676887031250005 0.5763794078125 0.6155081874999999 0.44306493125 0.62606343125 0.443628434375 0.6374631234375 0.4503902703125
0 0.638904178125 0.3636184671875 0.7263018125 0.5259025390625001 0.7326349750000001 0.5247755828125 0.733057159375 0.5163232875 0.6304599359374999 0.3303727765625 0.47930849531249997 0.4892759421875 0.4829676390625 0.49697589375 0.6101938171875 0.37094380781249997 0.6220157328125 0.36136453125 0.638904178125 0.3636184671875
0 0.6469261562499999 0.26025298281250003 0.6591702953125 0.26983224687499996 0.7440346671875 0.42986237968749996 0.7482567484375 0.42310054375000006 0.6427040749999999 0.2253168328125 0.6325710156250001 0.231515178125 0.48859710781250004 0.39267228125 0.4937377953125 0.40067801562499994 0.6182158359375001 0.2715227046875 0.63468205625 0.25968949218750004 0.6469261562499999 0.26025298281250003
0 0.633415425 0.28560986875 0.6338376484375 0.27603060468749996 0.624971221875 0.272086196875 0.5092854499999999 0.4022515578125 0.48564165781249996 0.41802916718749994 0.467908803125 0.41070385312499996 0.3564451328125 0.23038820937499999 0.35222303125 0.232642146875 0.3505580546875 0.235957959375 0.46495331562500003 0.42366402187499996 0.48015290468750005 0.44733044843750003 0.633415425 0.28560986875
0 0.4619978265625 0.547067534375 0.5945720437500001 0.41070385312499996 0.5966830843750001 0.4028150359375 0.5899276984374999 0.40112457656249995 0.5379957703125 0.45578274375000005 0.4674865796875 0.5217106484375 0.4552424796875 0.5211471953125 0.3674226203125 0.3808390671875 0.3537257484375 0.36435513125 0.351378603125 0.372386771875 0.44848709375 0.5307264468749999 0.4619978265625 0.547067534375
0 0.635526465625 0.22876626562500002 0.63468205625 0.22031397031250002 0.6279266703124999 0.21806003281250003 0.5249072625 0.334701709375 0.48859710781250004 0.36118554999999997 0.4759307828125 0.3578046328125 0.3661559875 0.1848143296875 0.35855619375000003 0.17917946093749998 0.3556007046875 0.1825603796875 0.35562636406250003 0.1886537375 0.47973067968749994 0.38935987656250004 0.486486065625 0.39499473125 0.635526465625 0.22876626562500002
0 0.6199046921875 0.1859413109375 0.6237045890624999 0.176362034375 0.61906024375 0.17129065625 0.61146045 0.1797429515625 0.49619690156249996 0.3025829859375 0.48184175937499996 0.3031464640625 0.37713345625 0.1324100984375 0.371644721875 0.1273387203125 0.3661559875 0.1307196390625 0.3670300609375 0.13797064375 0.4615756421875 0.2969481046875 0.48564165781249996 0.33301125 0.6199046921875 0.1859413109375