0 0.21203006562499999 0.560212753125 0.287744971875 0.6862972296875001 0.2996355984375 0.6788060875 0.2128591640625 0.5217033468750001 0.0930254484375 0.61912378125 0.0989391359375 0.6357823828125 0.19657596718749998 0.5635798624999999 0.21203006562499999 0.560212753125
0 0.1893172609375 0.51469801875 0.202309028125 0.51151734375 0.286652221875 0.64353939375 0.29347811562500004 0.6342348046875 0.29345749374999996 0.62105465 0.21401834062499997 0.4754795828125 0.088847453125 0.573275996875 0.0931816921875 0.58458995625 0.1893172609375 0.51469801875
0 0.2042889046875 0.46523143906250003 0.2110653078125 0.46801380156250005 0.2989924546875 0.6173401484375 0.305818346875 0.608035559375 0.22052261875 0.43544197812499996 0.2151073296875 0.428162621875 0.12496422031250001 0.4996465625 0.132264671875 0.512426834375 0.2042889046875 0.46523143906250003
0 0.1322730609375 0.473979465625 0.19526904843749998 0.4274677359375 0.21161396250000003 0.4251316890625 0.2227745453125 0.431976046875 0.3011826625 0.57433375 0.30657740625 0.568432946875 0.30943970468750004 0.5616253718750001 0.2212610578125 0.3826592125 0.1298602953125 0.462078940625 0.1322730609375 0.473979465625
0 0.2353418953125 0.33216166875 0.1001029265625 0.42074170312500003 0.099311109375 0.435831540625 0.10629776718749999 0.441893409375 0.1112923921875 0.44261370624999996 0.20606684843749998 0.377218765625 0.22234172812500003 0.3737895640625 0.237346153125 0.3891306625 0.29629548125 0.5109921265625 0.3039626984375 0.5148055484375 0.3079056703125 0.4991283796875 0.2353418953125 0.33216166875
0 0.2434176140625 0.290906575 0.14793515625 0.35611755624999997 0.1482636671875 0.37610286875 0.154429546875 0.3822268828125 0.2244618296875 0.3296900109375 0.23424074843749998 0.327851103125 0.2476036921875 0.3433164859375 0.3046516453125 0.4741097359375 0.3113578671875 0.475799 0.315230721875 0.45902857968750005 0.2492330203125 0.291564775 0.2434176140625 0.290906575
0 0.24306706406249998 0.2854407671875 0.2508043875 0.29034729375 0.3096546671875 0.4363827640625 0.321355509375 0.4387922765625 0.32661002968749997 0.43070512031249997 0.2606618140625 0.251154315625 0.1187043453125 0.3267125203125 0.12228837343750001 0.3440168125 0.24306706406249998 0.2854407671875
0 0.25550642031250004 0.23506750781250002 0.26961995625 0.2493775515625 0.319792534375 0.4015624421875 0.33264415468749997 0.3961954578125 0.33433520156249996 0.38398421875 0.275353096875 0.1973151265625 0.123779278125 0.26891569375 0.12931243750000002 0.2863642 0.25550642031250004 0.23506750781250002
0 0.343883165625 0.3656856515625 0.295830765625 0.1694012546875 0.19649073749999998 0.2021875890625 0.204999278125 0.21911902656249999 0.28499179531249996 0.193289915625 0.33096150625 0.3699594296875 0.343883165625 0.3656856515625
0 0.29341799375 0.15750068125 0.35777429375 0.3250887609375 0.37308810000000003 0.31953540625 0.3077091609375 0.11028264218749999 0.3055168703125 0.11171713593749999 0.23216261562499999 0.17971416406250001 0.236757128125 0.18705566093749998 0.29341799375 0.15750068125
0 0.337067553125 0.50341563125 0.435843990625 0.4264160890625 0.44798677031249995 0.42549671250000004 0.5086730671875 0.5473034046875 0.5203548359375 0.5391959374999999 0.519046396875 0.5293634921875 0.446834415625 0.3892690296875 0.3284368484375 0.48510888124999996 0.337067553125 0.50341563125
0 0.4517938734375 0.3791622703125 0.46620783593750004 0.39251679687499996 0.5262195765625 0.514374559375 0.5378437234375 0.5053686453124999 0.4582080984375 0.3445932578125 0.3473970625 0.4213755265625 0.350844546875 0.4328517640625 0.4517938734375 0.3791622703125
0 0.46053185937499996 0.301503853125 0.34134945625 0.40106740937499996 0.34502750937500004 0.41613768906250004 0.3550888671875 0.4144730515625 0.44835322031249997 0.336085103125 0.455946725 0.33821877031250003 0.47194037031249997 0.355065190625 0.5230501609375 0.46495675625 0.5290062984375 0.46270004531250003 0.537545540625 0.4584420515625 0.46053185937499996 0.301503853125
0 0.4669353046875 0.2427485875 0.34964820625000004 0.3507813890625 0.3531533796875 0.3631561546875 0.3546178078125 0.3648509859375 0.44726522968750004 0.287412640625 0.4572689625 0.2848495125 0.4713372359375 0.2928130078125 0.52971160625 0.41028035156250003 0.5363999265625 0.4088711015625 0.5421255625 0.40302038749999997 0.4669353046875 0.2427485875
0 0.397155178125 0.2776636546875 0.46161848125000005 0.225833803125 0.46555082187499996 0.22373032343750002 0.5360034453125 0.370980690625 0.5458919234375 0.3666204984375 0.5520040515625 0.3562262140625 0.4735982265625 0.18803905781250002 0.392185575 0.2635940578125 0.397155178125 0.2776636546875
0 0.393294259375 0.21746388125 0.3941586453125 0.230941446875 0.4050098109375 0.23102271562499999 0.4693579234375 0.1773958359375 0.47801247656249995 0.174934859375 0.5434716484375001 0.3288833203125 0.550892275 0.3283214765625 0.5533025015625 0.323624678125 0.482977590625 0.1439648640625 0.393294259375 0.21746388125
0 0.3122627078125 0.6768384843749999 0.30935074375 0.6842819515625 0.3213375328125 0.6915001937499999 0.39743194375 0.5990635281250001 0.40922896875000003 0.5927531265625 0.427246409375 0.6094462765625 0.4932788046875 0.6983448859375 0.5025910296875 0.6849997078125 0.4116618015625 0.5545472499999999 0.3122627078125 0.6768384843749999
0 0.319229171875 0.6374877828125001 0.411069834375 0.547470325 0.4257550390625 0.5544842578125 0.43928083281249997 0.575128984375 0.49918421874999996 0.6635888343749999 0.5064726453125 0.6503968828125 0.42017540468750003 0.509763375 0.3137578875 0.626164734375 0.319229171875 0.6374877828125001
0 0.418809278125 0.4990324015625 0.4284265171875 0.5010128453125 0.5117541609375 0.648191209375 0.518713721875 0.6404413625 0.42992721874999995 0.4745669765625 0.3206974078125 0.533546846875 0.320097365625 0.5453295812500001 0.418809278125 0.4990324015625
0 0.5469153890625 0.44599536406249995 0.5526003453125 0.45007924218750006 0.639200171875 0.3523328640625 0.6478547234375001 0.3498718453125 0.717927815625 0.4700648890625 0.7264501046875 0.4549737703125 0.64741815625 0.31310137656250003 0.545491696875 0.434365853125 0.5469153890625 0.44599536406249995
0 0.63693588125 0.3064580671875 0.657848403125 0.3048747 0.7281350468750001 0.41782862343750005 0.7359252781250001 0.40189007656250003 0.6495387421875 0.2668665203125 0.546156265625 0.3918807984375 0.5530920390625 0.4048986734375 0.63693588125 0.3064580671875
0 0.723016415625 0.3802957453125 0.7363186046875 0.365745575 0.6509095359375 0.217821909375 0.57762879375 0.3118512875 0.5911377 0.321662884375 0.6469295578125001 0.2614608796875 0.723016415625 0.3802957453125
0 0.73424408125 0.333399421875 0.738562853125 0.326752371875 0.658377740625 0.1757245765625 0.5867750390625 0.2642097015625 0.5969109109375 0.274276684375 0.6549402421875 0.20668231874999998 0.73424408125 0.333399421875
0 0.6236060953125 0.4474117265625 0.6406846390625 0.43889573281249994 0.7095644812499999 0.5510533578125 0.720842875 0.536656415625 0.637704990625 0.4030066125 0.5353350671875 0.5191015140624999 0.544237015625 0.5310677109374999 0.6236060953125 0.4474117265625
0 0.6104836484375 0.6127378640625001 0.6236875359375 0.6072237968749999 0.6347285281249999 0.6208337453125 0.7002014953125 0.711580459375 0.7090696640624999 0.70188035625 0.7077611625 0.692047875 0.6221060171875 0.5698667546875 0.523076384375 0.6978945859375 0.5303993296875 0.7063794718749999 0.6104836484375 0.6127378640625001
0 0.7240244671875 0.6341544 0.640901896875 0.49082790625 0.6204238703125 0.5059118453125 0.5098714828124999 0.5552585296875 0.516543471875 0.571294275 0.6142815406250001 0.5289326890625 0.624086009375 0.5278144250000001 0.6351816859375 0.52922990625 0.6439659875 0.5342037578125 0.7059395687500001 0.6381551875 0.7141933500000001 0.6480562937500001 0.722867453125 0.64251245625 0.7240244671875 0.6341544
0 0.5227206375 0.650069496875 0.5341480640625 0.6591358781250001 0.6177782890625 0.56793435625 0.6356636515625 0.571997390625 0.69828228125 0.6710860640625 0.708326746875 0.6585882562500001 0.6287780359374999 0.5299777890625 0.5281581484375 0.6397262890625 0.5227206375 0.650069496875
0 0.720636184375 0.691975909375 0.7220598765624999 0.7036054203125001 0.7290940124999999 0.7075871484375 0.8002188203125 0.6010808859375001 0.8021273640625 0.599130634375 0.8152904546874999 0.6035512125 0.8817500828125 0.6779716515625 0.8897706921875 0.6656270765625 0.8021134375000001 0.5681860875 0.720636184375 0.691975909375
0 0.802849621875 0.5575440671874999 0.8121210453125001 0.5541334890625 0.8822010359375 0.64272568125 0.8896623390625 0.632229203125 0.8142700968750001 0.5198362375000001 0.7190464546875 0.6460500421875001 0.7312061203125 0.65596379375 0.802849621875 0.5575440671874999
0 0.745465071875 0.536279784375 0.8285290578125 0.43186714375 0.9019922078124999 0.52104491875 0.9098433968749999 0.51142763125 0.830579915625 0.39602012656249996 0.732669978125 0.5282256796875 0.739458171875 0.5350428046875 0.745465071875 0.536279784375
0 0.7459862046875 0.4651853375 0.81052555625 0.34920493750000003 0.8222874062500001 0.3477504828125 0.8382479343749999 0.3589484625 0.8998350171875 0.4213929421875 0.9067354984374999 0.4101558515625 0.81769871875 0.31404743125 0.7404515218750001 0.45150619062499997 0.7459862046875 0.4651853375
0 0.7359078109375 0.42027022187499996 0.7406971953125 0.42893046874999996 0.8015163609375 0.3143596015625 0.80951148125 0.30698710937499996 0.8180464953125 0.3080326765625 0.840640696875 0.3170366234375 0.8972329484375001 0.3742199796875 0.9077202312500001 0.36609488749999997 0.8093197203125 0.269258296875 0.7359078109375 0.42027022187499996
0 0.748287378125 0.3129143875 0.7528353984375 0.324412534375 0.7595770500000001 0.323902096875 0.7942997140625 0.2513459890625 0.8050749015625 0.2477105328125 0.8184713218749999 0.25853873125 0.8889999296875001 0.3349683578125 0.8992966578124999 0.317270878125 0.7976071546875 0.21049273125 0.748287378125 0.3129143875
0 0.8044082734375 0.158096409375 0.80539170625 0.16177940156249998 0.7456493531249999 0.2651802015625 0.75567496875 0.27626361875 0.794899075 0.2078781484375 0.8056637140625 0.1974763265625 0.8162440765625 0.20400630625 0.8290137625 0.21826552656249998 0.88721514375 0.293936709375 0.8958835796875 0.2904607375 0.8998091734375 0.28565208124999997 0.8044082734375 0.158096409375
0 0.095642534375 0.87996191875 0.101650115625 0.8844068375 0.1554673359375 0.8503890609375 0.16347403437500002 0.8541381828124999 0.22934679062500002 0.9634788171875 0.24055261093750002 0.9533752640625 0.162679090625 0.8216503203125001 0.0931221828125 0.8725308625 0.095642534375 0.87996191875
0 0.25862261875 0.910086796875 0.262909059375 0.9195618078125 0.2662674984375 0.9209407859375001 0.3051178328125 0.8766233968750001 0.31460247343750003 0.8715499140625 0.32315495312500003 0.8774354093750001 0.402514790625 0.9612560265625 0.4086655203125 0.948813084375 0.31375014375 0.8437143624999999 0.25862261875 0.910086796875
0 0.582329709375 0.9773714296874999 0.608392596875 0.9119869078124999 0.61908426875 0.9052511296875 0.70865566875 0.9559542390625 0.71479480625 0.9406737296875001 0.605161896875 0.8754886015625001 0.6029857140625 0.8762459874999999 0.56893688125 0.95586558125 0.582329709375 0.9773714296874999
0 0.2909683171875 0.972055346875 0.3021956828125 0.9682333484375001 0.30896401875 0.9694191406250001 0.312859028125 0.9754926546875 0.320315840625 0.977475440625 0.3367190046875 0.9980071796875001 0.35852376874999997 0.9978803218750001 0.3050750140625 0.9336258656249999 0.2412014265625 0.998562884375 0.263640315625 0.9984323390625001 0.2909683171875 0.972055346875
0 0.5771473140625 0.9919946609375 0.5179694515625 0.8593418859374999 0.44639513124999997 0.911038253125 0.4463489671875 0.9152873625 0.44728132187499997 0.9198869484375001 0.4537867140625 0.92194176875 0.497167678125 0.8927589781249999 0.5061750609375 0.889105065625 0.5136860703125 0.89193286875 0.5190854875 0.8966187968750001 0.5593332640625001 0.992494309375 0.5771473140625 0.9919946609375
0 0.560466334375 0.9902857125000001 0.511438990625 0.89167844375 0.5024235734375 0.8902382281250001 0.45413095312499996 0.9223402671875001 0.450851159375 0.920890346875 0.43440302500000005 0.9327497359375 0.4347281984375 0.9378198531249999 0.4374550046875 0.9405853265624999 0.442854421875 0.9452712546875001 0.48723296875 0.9117673171874999 0.49309604843750005 0.9087760328125001 0.49883167031250003 0.908766328125 0.5051554109375 0.9129577109375001 0.547254834375 0.9929842515624999 0.560466334375 0.9902857125000001
0 0.9227721265625 0.8995520906250001 0.9292612171875 0.9032263468749999 0.9538419640625 0.9635088890624999 0.9721226765625 0.9621247859375 0.9292119624999999 0.871988303125 0.8660812515625 0.92363083125 0.8663237374999999 0.9335057000000001 0.8734910296875 0.93556651875 0.9177157609375 0.8999349265625 0.9227721265625 0.8995520906250001
0 0.0693211140625 0.9679227875 0.12216182499999999 0.9408328125000001 0.13330317187500001 0.9384834390625001 0.14630510000000002 0.9475378078125001 0.1707746859375 0.9989726140625 0.188187615625 0.998871309375 0.161492921875 0.937854903125 0.13797312343749998 0.9115270656250001 0.0693757203125 0.9474715390625 0.0693211140625 0.9679227875
0 0.107976975 0.9720231625 0.1199635828125 0.9711156109375001 0.13249484375 0.9786997968750001 0.1422761453125 0.9991384140624999 0.158096965625 0.999046371875 0.13315283125 0.9420083890625 0.0725420125 0.9711925125 0.0724212703125 0.9927850390625 0.107976975 0.9720231625
0 0.13811365312499999 0.9991626312499999 0.131723496875 0.9842795171875001 0.11925630937500001 0.9776943656249999 0.075156790625 0.999528903125 0.13811365312499999 0.9991626312499999