0 0.4821645421875 0.5481478375 0.49093980000000004 0.5472583281250001 0.49456555468749996 0.5399112203125 0.38994729375000003 0.464904125 0.299778965625 0.40596722500000004 0.2918969765625 0.40920731093749996 0.12012149375 0.5526642671875 0.11423616875 0.5625096421875 0.1154629609375 0.5675091359375 0.128476053125 0.57093393125 0.21586141093750003 0.49554663125 0.26982698125 0.45043381406250005 0.2826484109375 0.4402635703125 0.296047771875 0.435329609375 0.308028265625 0.43476847812499997 0.32426499531249997 0.43831436874999996 0.46661103125 0.5393066171875 0.4821645421875 0.5481478375
0 0.46997455312499997 0.500870184375 0.291634790625 0.372376175 0.283122434375 0.3641621234375 0.27686946875 0.3649334734375 0.09973435625 0.5000287375 0.0952153015625 0.5050252468750001 0.098201921875 0.5145205015625 0.1087194875 0.5182688453125001 0.2586353859375 0.4007169859375 0.2680412640625 0.3940561109375 0.2780776125 0.3931075578125 0.2894275890625 0.39257595625 0.30119788281250004 0.3958525640625 0.45983297343749996 0.5123503687500001 0.46892351562499995 0.5085752 0.46997455312499997 0.500870184375
0 0.45042796249999995 0.46159288125 0.273349396875 0.327297971875 0.2619995234375 0.3220877359375 0.25642961249999996 0.323305584375 0.0706769140625 0.46071839687500005 0.066432353125 0.4679497625 0.0695732625 0.4736892046875 0.0792942703125 0.47562633749999994 0.23845832812499998 0.3557273703125 0.25684956406250004 0.3500811171875 0.26772664375 0.35100712343749996 0.2794969359375 0.3542837296875 0.44422733125 0.474323940625 0.45226693906250004 0.47251193125 0.45042796249999995 0.46159288125
0 0.445495828125 0.4054207484375 0.2599575 0.263387803125 0.08292754062499999 0.39369326875 0.0775677109375 0.4025570515625 0.0808254671875 0.409103275 0.090231240625 0.4081842359375 0.24077766718750002 0.29634467343750004 0.2521802296875 0.29054728124999996 0.26484389375 0.2904326296875 0.278926203125 0.29168699062500003 0.4375612515625 0.41392664687499997 0.443866815625 0.4136313125 0.445495828125 0.4054207484375
0 0.739613834375 0.20962423125 0.7179648703125 0.20872424843749998 0.522965978125 0.21642198437500001 0.516596815625 0.22091754843750003 0.517816278125 0.22718988437499998 0.5293238734375 0.228086359375 0.7078232921875001 0.22020443125 0.7228514125000001 0.22428540937500002 0.7316264640625 0.234879590625 0.759053409375 0.3800116734375 0.76446559375 0.3831075546875 0.7728730828125 0.3788859 0.739613834375 0.20962423125
0 0.4677312984375 0.370630853125 0.45018094218750004 0.36666801250000003 0.294120640625 0.24478624999999998 0.28219265937500004 0.24582341406250002 0.284153528125 0.2518887796875 0.4643679265625 0.39758360000000004 0.47324820624999997 0.39764615000000003 0.62342690625 0.2767325890625 0.6271578984375 0.26459567968750003 0.62395265625 0.2585254953125 0.6169114984374999 0.257898303125 0.609292203125 0.2635185203125 0.4899584015625 0.36528342812500003 0.4677312984375 0.370630853125
0 0.7712072890624999 0.44418996875000005 0.7703666609375001 0.43657355156250005 0.7667935984375001 0.432913034375 0.6240801921875 0.2998794484375 0.617354271875 0.30210841718750003 0.4745849671875 0.3982721796875 0.45609839843750005 0.4138341828125 0.457717259375 0.42346499218749994 0.46722811093749994 0.423498009375 0.5991203984375 0.32640825 0.613255353125 0.3223968046875 0.6251833625 0.321359640625 0.636690853125 0.32799795 0.735160975 0.4219539765625 0.7636406375 0.44454436875000003 0.7712072890624999 0.44418996875000005
0 0.48656495 0.43216204999999996 0.4700128375 0.4372436765625 0.4485740765625 0.4325059765625 0.405276496875 0.40199687031250003 0.3038571875 0.31839160624999996 0.29592928125 0.3128566796875 0.28899317343750003 0.313181546875 0.2863132734375 0.31761343750000004 0.289781184375 0.32606375625 0.46728003906250004 0.46416688749999996 0.6258136828125 0.3385556078125 0.6279681921875 0.3293634734375 0.6217678140625 0.32486903125 0.6156724062500001 0.32706845625000003 0.48656495 0.43216204999999996
0 0.7826839921875 0.5424306578125 0.7576723171874999 0.5225487484375 0.6301441984375 0.42947523906249996 0.6166924500000001 0.422449515625 0.4983042453125 0.5385247078125001 0.48506245468750003 0.550628575 0.48509688593750006 0.5559348890625 0.485850440625 0.5635108078125 0.494730775 0.563573334375 0.6026095234375 0.46138799218750004 0.6172175390625 0.4501770921875 0.629250571875 0.4500919984375 0.6402852671875 0.4524460796875 0.7655539484375 0.542276 0.7755376546875 0.546593265625 0.7826839921875 0.5424306578125
0 0.6207914734375 0.39641929375 0.6095991609375 0.3926371375 0.47718123125 0.5021921546875 0.4642864453125 0.5138719171874999 0.47213645625 0.5253957578125 0.59693515 0.4214609546875 0.6021372859375 0.4169109296875 0.6172705890625 0.41620212656250005 0.6258355296875 0.4191503640625 0.7550975421875 0.5221908671875 0.7632422296875 0.5213309140625 0.76923255625 0.5181794296875 0.6207914734375 0.39641929375
0 0.7659224890624999 0.49393168593750003 0.755255775 0.4834261015625 0.6156424328125001 0.3612525015625 0.6083384781250001 0.363987034375 0.5918913953125 0.3757625515625 0.464055321875 0.4686931859375 0.46036688437500006 0.476184478125 0.456057959375 0.48308510625 0.462941453125 0.488026053125 0.4838549703125 0.4765198203125 0.59777633125 0.3888845125 0.6136453921875 0.3833564 0.6254156796875 0.386632984375 0.745744771875 0.49487675312499996 0.755728475 0.49919399374999995 0.7659224890624999 0.49393168593750003
0 1 0.600728825 0.8947808765625 0.6489574296875 0.8123043171875001 0.5240955640625 0.80274480625 0.5097260765625 0.7959817 0.515136253125 0.8888819984375 0.6677552421875 1 0.614889125 1 0.600728825