0 0.0128214546875 0.28983453125 0.011799984375 0.289592375 0.0121438484375 0.2980313765625 0.013974659375 0.29758356406250003 0.0399974 0.3163483734375 0.04250475625 0.3120912359375 0.0128214546875 0.28983453125
0 0.011455215625 0.2811311265625 0.01172375 0.287721428125 0.012511949999999999 0.2879364859375 0.0430984875 0.31099316875 0.04455678125 0.306395796875 0.011455215625 0.2811311265625
0 0.011416918750000001 0.2801912671875 0.0452219359375 0.3057357453125 0.046076084375 0.3014955578125 0.011207735937500001 0.27505755625 0.011416918750000001 0.2801912671875
0 0.0111698171875 0.27412695 0.0450299984375 0.2998195609375 0.047995678125 0.29566498124999996 0.01086658125 0.2666850078125 0.0111698171875 0.27412695
0 0.0392563265625 0.323990090625 0.040982470312500005 0.318327240625 0.016212659375 0.3004758140625 0.0147424765625 0.2995841515625 0.012217409375 0.2998366828125 0.0126779 0.311137946875 0.012895779687500001 0.3106008953125 0.0155400421875 0.309891290625 0.019895521875 0.310197621875 0.0392563265625 0.323990090625
0 0.0374557828125 0.330550684375 0.0387474125 0.3249312890625 0.020062178125 0.31121964375 0.0163212421875 0.3112970078125 0.0130728546875 0.3123637984375 0.012759990625 0.313152596875 0.013404746875000002 0.3289760640625 0.0170979734375 0.320122378125 0.0213448296875 0.32043957343749996 0.02978198125 0.324789228125 0.0374557828125 0.330550684375
0 0.035414164062499996 0.3369870046875 0.0377786796875 0.3318538453125 0.0236096140625 0.322142071875 0.021039771875 0.3219539265625 0.017322653125 0.32217729375 0.013499743750000001 0.3313074453125 0.014084717187500002 0.3456637078125 0.01794460625 0.3354696765625 0.021297181249999998 0.33097962187499996 0.026233 0.3307827625 0.035414164062499996 0.3369870046875
0 0.0255886703125 0.332924584375 0.0227643703125 0.3332070421875 0.0195159921875 0.3342738390625 0.0152765234375 0.3468653328125 0.0199013234375 0.35085432656250004 0.0212881953125 0.3458189546875 0.0235649 0.3421784203125 0.02759749375 0.34118158906249996 0.033491596875 0.3441533421875 0.035747476562500005 0.3390310484375 0.0343621296875 0.3379825265625 0.0286034265625 0.3338101625 0.0255886703125 0.332924584375
0 0.023959228125000002 0.34391958906250003 0.021045881250000002 0.35139688750000003 0.025622823437499997 0.3554755921875 0.027101939062500004 0.3523599671875 0.030061646874999997 0.35087689843750003 0.034101662500000005 0.3519567 0.034192446875 0.3491283140625 0.034286209375 0.34496418125 0.0303072 0.34358150468750004 0.027703131250000002 0.34250647343749996 0.023959228125000002 0.34391958906250003
0 0.094614978125 0.46725085312500003 0.17684824062499999 0.2723809171875 0.1928636015625 0.26787424375 0.3774001734375 0.4120984109375 0.386547678125 0.388669884375 0.186869809375 0.2278037640625 0.1528435453125 0.23120671874999998 0.074987365625 0.4496051 0.094614978125 0.46725085312500003
0 0.135843915625 0.544467396875 0.2124035421875 0.37776229843750003 0.22966431250000002 0.3709523203125 0.39139781406249996 0.49131205468749994 0.40046521406249996 0.47733277812499997 0.22023293437499997 0.33630938125 0.1954269625 0.3366114671875 0.1172136203125 0.5298088015625 0.135843915625 0.544467396875
0 0.1621278390625 0.3775845375 0.13044325 0.4459764984375 0.13088981718749998 0.44803098593749996 0.1329347484375 0.44962572500000003 0.1650523625 0.38388934531249996 0.167552890625 0.38348933281250003 0.172561446875 0.3847876890625 0.174192890625 0.38042625 0.171173634375 0.3783291890625 0.1666793046875 0.376079778125 0.1621278390625 0.3775845375
0 0.164127696875 0.3665889703125 0.1595281078125 0.3677986625 0.1265210515625 0.4359959578125 0.12803296875 0.43872062968750003 0.1310928421875 0.439014375 0.160213728125 0.377476096875 0.1630976890625 0.3746387109375 0.1679994984375 0.3745983 0.17388014375 0.378508328125 0.176852825 0.3741626984375 0.166810159375 0.366620571875 0.164127696875 0.3665889703125
0 0.146988453125 0.10252008593749999 0.12962576718750002 0.102077778125 0.10503828281250001 0.11034675000000001 0.0358779140625 0.3489367 0.0470135984375 0.360895475 0.0584624890625 0.364834209375 0.12897743281250001 0.1544324921875 0.1409215546875 0.1481542328125 0.1580512328125 0.14716734375 0.3516113796875 0.2970253078125 0.3633880390625 0.2864063203125 0.363249746875 0.26899019687500003 0.146988453125 0.10252008593749999
0 0.13662450937499998 0.1681926828125 0.1448542578125 0.1855258578125 0.34983411875 0.3523979234375 0.3781942484375 0.347382915625 0.4757874046875 0.12410563593749999 0.4781107171875 0.115158303125 0.4598960640625 0.0995499921875 0.3631621859375 0.308216334375 0.35540574999999996 0.31698082968749997 0.3460179484375 0.3157409484375 0.1451602578125 0.154266559375 0.13662450937499998 0.1681926828125
0 0.1846558515625 0.3025378640625 0.1966873703125 0.310049571875 0.3715520671875 0.4479785640625 0.3991474484375 0.4415875171875 0.4946066125 0.24829984375 0.4870906265625 0.22871656406250002 0.4758747890625 0.22620701250000003 0.3813770046875 0.41213606875000003 0.369796978125 0.414020415625 0.188617928125 0.273817934375 0.1786037171875 0.28861816406249996 0.1846558515625 0.3025378640625
0 0.417558665625 0.5014773171875 0.40566548124999996 0.5113817265625 0.3896501171875 0.5158883999999999 0.23205335625 0.394388690625 0.2249597390625 0.397276871875 0.21300096562499998 0.4100928234375 0.394311146875 0.5444721953125 0.403050775 0.5450506390625 0.42255470468749995 0.5387425828125 0.518334315625 0.3606740640625 0.51145185625 0.348289928125 0.50106635 0.34424484375 0.417558665625 0.5014773171875
0 0.24913185468750002 0.442791815625 0.2321187421875 0.444493290625 0.1546340609375 0.6287208265625 0.1735116390625 0.6384529359375 0.24158653437500002 0.48930005625 0.24952504531250003 0.4783386296875 0.2682496703125 0.47719224687499995 0.417798765625 0.579161925 0.431119425 0.5647572203125 0.40747155 0.548966021875 0.39524335312500003 0.550188959375 0.24913185468750002 0.442791815625
0 0.26283814375 0.5467270375 0.18994915 0.7094337640624999 0.20793084374999998 0.7236129124999999 0.2805576140625 0.5725523703125 0.295626203125 0.5688666140625 0.4447747390625 0.665066328125 0.45058662031249996 0.654317615625 0.42942951249999994 0.6339197828125 0.42251792187500004 0.634611009375 0.28192695156249997 0.5411867296875 0.26283814375 0.5467270375
0 0.4323206953125 0.688099309375 0.289603040625 0.5948876890625 0.27873678125 0.594521928125 0.2740392234375 0.6087904703125 0.437163790625 0.7144861437500001 0.4661211109375 0.7065063984375 0.5516242421875 0.554884296875 0.5455721140625001 0.5409646265625 0.53257916875 0.540811525 0.4478553515625 0.6872719828125 0.4323206953125 0.688099309375
0 0.419517434375 0.6029562203125 0.2705510140625 0.5045595421875 0.26294031093750003 0.500963184375 0.2548997890625 0.5046722953125 0.2560504875 0.51835595625 0.4218187765625 0.6303234859375 0.4444471375 0.62660796875 0.53690568125 0.4546815546875 0.518858359375 0.44341398125 0.43428742500000006 0.6007527890625 0.419517434375 0.6029562203125
0 0.2274765984375 0.8132055749999999 0.298726871875 0.67027144375 0.3143780421875 0.670158634375 0.451808259375 0.7508265703125 0.46624324531249994 0.739941725 0.31644653906250003 0.6430806046875001 0.282303753125 0.64576898125 0.20931279531250002 0.8012234203125 0.2274765984375 0.8132055749999999
0 0.2468418328125 0.89551368125 0.3251711953125 0.7562290140625 0.337814515625 0.7542383296875 0.47135560468750004 0.8309377109374999 0.48007342656249996 0.8148146437499999 0.334981525 0.7269242031250001 0.3118724640625 0.7343191 0.2336607015625 0.88171365 0.2468418328125 0.89551368125
0 0.4765049109375 0.7730491359375 0.56282373125 0.626429253125 0.5525693109375001 0.616561065625 0.46432049218750004 0.7546589906250001 0.452740465625 0.7565433359375 0.30970966093749996 0.671351809375 0.3080678171875 0.6851474718749999 0.4554059921875 0.77951670625 0.4765049109375 0.7730491359375
0 0.49865956093749997 0.8492683078125 0.5801934171875 0.7031269375 0.5632094765625 0.6917530140625 0.4832196203125 0.8341086984375 0.47163963750000004 0.8359930390624999 0.3317841515625 0.7570201765625 0.3302677578125 0.772100071875 0.470598109375 0.852800925 0.49865956093749997 0.8492683078125
0 0.336219328125 0.8074139859375 0.2639203671875 0.9439167718749999 0.2649836625 0.9438104328125 0.2781950578125 0.9519304625 0.344434509375 0.831284828125 0.354434109375 0.8230222859375 0.480561134375 0.8873906968749999 0.49330637343749995 0.8926523046874999 0.4951126375 0.8772203968750001 0.361688078125 0.8012356234375 0.336219328125 0.8074139859375
0 0.5814738265625 0.77756348125 0.5017909687500001 0.9050587984374999 0.49192846718750005 0.9077226812499999 0.36558347812499997 0.8389966843750001 0.3567471625 0.840299809375 0.3497445625 0.8451940234374999 0.35265490625 0.8553877140624999 0.48639782968749995 0.9254708140625001 0.4967986765625 0.9261081828125001 0.5102108515625 0.9222504859375 0.59348119375 0.79188008125 0.594494803125 0.78087455 0.5814738265625 0.77756348125
0 0.2998676421875 1 0.36841798125 0.88316859375 0.376505665625 0.8811015734375 0.504297496875 0.9433920046875001 0.511489375 0.93009105 0.5031409390625 0.9267320703124999 0.48996848593750003 0.9301463953125 0.36215569531249997 0.8619865734375001 0.3529366640625 0.8666830828125001 0.28597454375 0.991590171875 0.28669546874999996 0.9924146890625 0.2920031140625 0.9981747296875 0.2943001125 1 0.2998676421875 1
0 0.344245040625 1 0.38579373281249996 0.935849759375 0.39565625937500004 0.9331858640625 0.5117686984375001 0.986998390625 0.5214461703125 0.9755457890624999 0.39355765468750004 0.910748675 0.373382603125 0.9190572234375001 0.32565531875 1 0.344245040625 1
0 0.37397276874999996 0.26669370468750003 0.47683195781250004 0.054745975 0.49874944374999997 0.0537651859375 0.6556873828125 0.2149015921875 0.6665702640625 0.1932232078125 0.5038630703125 0.013284975 0.457076653125 0.01372494375 0.3505343234375 0.24226756093750001 0.37397276874999996 0.26669370468750003
0 0.39510641875 0.37419159375 0.49542097500000004 0.1770324609375 0.5080285484375 0.176982728125 0.6588935234375 0.3229812328125 0.6685982593750001 0.29960385624999997 0.5130449734375 0.135906653125 0.47860496562500005 0.1429845015625 0.38149689531250003 0.35980742499999996 0.39510641875 0.37419159375
0 0.42907895468749996 0.5516234734375 0.4290121171875 0.5595027859374999 0.442038690625 0.570311765625 0.5295755265625 0.4053155125 0.5475576953125 0.4023059765625 0.6805134703125 0.5186049406250001 0.6927688546875 0.49981723593750005 0.5450253734375 0.367435109375 0.519549125 0.3742221046875 0.42907895468749996 0.5516234734375
0 0.5669182 0.4657732515625 0.54123543125 0.47681997656249997 0.447590546875 0.643569865625 0.4496417859375 0.650094603125 0.46356717343750004 0.655363384375 0.5472718640625 0.5083124578125 0.55865875625 0.5035401171875 0.5728453140624999 0.502121325 0.689780603125 0.6030660671875 0.6993941593749999 0.598471128125 0.70282545625 0.58359380625 0.5669182 0.4657732515625
0 0.46716759531249996 0.7151523265625 0.46705647812500006 0.7213726421875 0.4793906703125 0.7334620390625 0.5702858453124999 0.5862975921875 0.5814115734375 0.588212853125 0.699743684375 0.681145221875 0.7130800374999999 0.6634605796875 0.5813873796875 0.5549079171875 0.5567978046875 0.5616062515625 0.46716759531249996 0.7151523265625
0 0.5685548734375 0.6337065703125 0.48090959218749996 0.780781428125 0.483161859375 0.7869822281250001 0.49521670156250003 0.791832534375 0.577998284375 0.6612247796874999 0.5898285 0.6564081296875 0.7061079828125 0.742278703125 0.7149988625 0.7304889609375 0.6111629875 0.6518521078124999 0.5928408109375 0.6306721671875 0.5685548734375 0.6337065703125
0 0.501775328125 0.8541577281249999 0.5027469953125 0.860116484375 0.5119900578125 0.8670646921875 0.5926946531249999 0.7402981953125 0.6036807078125 0.7385939109375 0.716492559375 0.8114884171875 0.7246486515624999 0.7979553421875 0.6060553703125 0.7117105484375 0.5790972703125 0.7204625 0.501775328125 0.8541577281249999
0 0.5189045875 0.9170976921875 0.5251786015625 0.9220656296874999 0.5962379515625 0.8121436703124999 0.6051878687500001 0.8032052171874999 0.61526000625 0.8011487671875 0.7215852218750001 0.8692004328125 0.729861809375 0.8561327703125 0.6165647015625 0.7772378796875 0.6001168109374999 0.7816805140625 0.5189045875 0.9170976921875
0 0.5392940671875001 0.9815038234375001 0.615617459375 0.8703560078124999 0.6230172546875 0.8678673828125 0.728195703125 0.927290934375 0.73683350625 0.9180339828124999 0.6285233296875 0.8473831468749999 0.605962746875 0.8510382671875 0.529445678125 0.97203973125 0.5392940671875001 0.9815038234375001
0 0.5549267046875 1 0.617525153125 0.9075844015625 0.6285091078125 0.9047373390625 0.694517884375 0.9425492609375 0.7221355328125 0.9411860578125 0.642204 0.8977723171875001 0.64048205625 0.8919994250000001 0.6290071703125 0.8854533609375 0.6110793359375 0.8903937203125001 0.5391657609375 1 0.5549267046875 1
0 0.5986104375 1 0.6243907140625 0.9622515375 0.62931806875 0.9589610703125 0.6357499328125 0.9569189640625 0.6536741968750001 0.9663171484375 0.66024638125 0.9523708171875 0.6414804515625 0.9378111390624999 0.6215921843750001 0.9418984234375 0.6254919515624999 0.9530489125000001 0.5938988984375 1 0.5986104375 1
0 0.7125650234375 0.200751021875 0.8121228031250001 0.018902368750000002 0.7870173312500001 0.01831803125 0.7057134984375 0.162061096875 0.6846613875 0.1627081796875 0.5497294234375001 0.01279509375 0.52121446875 0.0121314015625 0.5207199499999999 0.022332521875 0.6783507640625001 0.2005269296875 0.700404640625 0.2026963578125 0.7125650234375 0.200751021875
0 0.6897426062500001 0.24919118906249998 0.70038976875 0.26248970781250003 0.8213726359375 0.069556284375 0.8389221515624999 0.0707178453125 0.9497177359375 0.21786693437500002 0.9623242046874999 0.20202280468749997 0.8510387875 0.0352351328125 0.8378912609375 0.0277999546875 0.8145211140624999 0.030866360937499997 0.6897426062500001 0.24919118906249998
0 0.5418300921875 0.155117603125 0.6907300640625 0.3130393046875 0.7224216796875 0.301119809375 0.8402309921875 0.0953787296875 0.8211605015625001 0.08489005625 0.7102175 0.269527715625 0.690752165625 0.2765786171875 0.55049529375 0.1250842484375 0.5417570328125 0.1347081875 0.5414791125 0.15296522031249998 0.5418300921875 0.155117603125
0 0.8155078484375 0.146705603125 0.7448997796875 0.2726216671875 0.697130965625 0.34388691250000003 0.7116138328125 0.3612633796875 0.8085171171875001 0.196988275 0.8243775687499999 0.1844645359375 0.8387243218749999 0.18594638593749999 0.9384198703125 0.3116013796875 0.95576471875 0.2981999734375 0.8446181515625 0.148898471875 0.835141409375 0.1440129046875 0.8155078484375 0.146705603125
0 0.5511382734375 0.2621037578125 0.69189241875 0.40334006406249995 0.7189991453125 0.39989991874999997 0.8329913953125001 0.2040197921875 0.8203923203124999 0.18996724843749999 0.8060016546875 0.20817735937499998 0.71195015625 0.3699798015625 0.6947516265625 0.37097067031250003 0.5578876296875 0.240282853125 0.54933219375 0.24770099218750002 0.5511382734375 0.2621037578125
0 0.40767092343750005 0.45057730781250005 0.40497263749999995 0.46397218906250004 0.42410893125 0.47153758437500004 0.5114331359375 0.29509539375 0.5260285015624999 0.2914482015625 0.667162915625 0.4217089359375 0.6790674109375 0.40155995312500004 0.5308547640625 0.2545070859375 0.5016786515625 0.2552374625 0.40767092343750005 0.45057730781250005
0 0.5718303484375 0.3774359890625 0.7018354734375001 0.4993305484375 0.7285253734375 0.49666130312499995 0.8396876984375 0.32002256875 0.827220284375 0.3001235125 0.7181419578125 0.4729079625 0.71020085 0.4707854828125 0.5737901453124999 0.3495315578125 0.5648690859375 0.3613612953125 0.5638380125 0.3716727859375 0.5718303484375 0.3774359890625
0 0.7020331 0.43733137656250004 0.7042706640625 0.4443993234375 0.7150489624999999 0.45061305625000003 0.8162737999999999 0.28955155781249997 0.8305035625 0.29031595781249997 0.9292778140625 0.4036671671875 0.9465056390625 0.3895483734375 0.8374650078125001 0.2531612859375 0.80744065 0.26199737343749996 0.7020331 0.43733137656250004
0 0.714631284375 0.5320221093749999 0.7273552234375 0.5427159828125 0.819710225 0.397124928125 0.8284484421875 0.38750099531250004 0.8412596046875 0.3862197546875 0.9366117375 0.49189237812500003 0.951887215625 0.47578129375 0.8438848703125 0.3524154234375 0.81938130625 0.3585118953125 0.714631284375 0.5320221093749999
0 0.7186461453125 0.5924413546875 0.741965096875 0.5857341765624999 0.8523449875000001 0.41427792031250005 0.8332598765625001 0.410353221875 0.73923770625 0.5590276765625 0.727962090625 0.5630720124999999 0.7121967375 0.5595445203125 0.5987466703125001 0.45932777187499996 0.5916777875 0.47839988125 0.7186461453125 0.5924413546875
0 0.7496502 0.6228823703125 0.8466411875000001 0.472452703125 0.8621725078125 0.47454526875 0.9493641187499999 0.5700964515625 0.9697947390625 0.555657315625 0.8660993296875 0.4420690734375 0.8402941578125 0.446837353125 0.739471490625 0.6136919796875 0.7496502 0.6228823703125
0 0.7229381671875 0.662012365625 0.7408533703125 0.6587623109375 0.8510357828125 0.496075771875 0.839438475 0.48483973750000003 0.7512516015624999 0.622722215625 0.73961038125 0.6311781437499999 0.7317715140625001 0.6363371359375 0.604961825 0.5440189625 0.6010131234375 0.5597264125 0.7229381671875 0.662012365625
0 0.7448525984375001 0.7512625468749999 0.8582692609375 0.5959621859374999 0.8511846796875 0.5782277515625001 0.8446343015625001 0.582468990625 0.752225046875 0.7146639140625 0.745089003125 0.7199883218750001 0.732265790625 0.7161477421875 0.6213416406250001 0.6319525640625 0.61380985 0.6473438046875 0.7448525984375001 0.7512625468749999
0 0.7421041953125 0.6946716125 0.8321450406249999 0.55963970625 0.8426102140625 0.5560315625000001 0.931042228125 0.6378654578125 0.9490185062500001 0.628895375 0.853126821875 0.5293645812500001 0.8305781859374999 0.533668871875 0.7319074390625 0.6839203 0.7421041953125 0.6946716125
0 0.7262854328125 0.7823208125 0.7474983109375 0.779174715625 0.84065763125 0.6469047906250001 0.8346878640625001 0.6336695875 0.8271767625 0.6390315156249999 0.74303900625 0.7611777296875 0.732702265625 0.7632361078125001 0.6186853546875 0.6834486796875 0.612907053125 0.698586484375 0.7262854328125 0.7823208125
0 0.7456435671875 0.80753699375 0.8262210046874999 0.6939436921875 0.8383610031250001 0.686581921875 0.9248202421875 0.7563177624999999 0.93821383125 0.7472937015625 0.84720278125 0.6636685453125 0.8312866921875001 0.664235703125 0.7343445171874999 0.79980631875 0.7456435671875 0.80753699375
0 0.6220844875 0.76748475 0.7303592609375 0.84236534375 0.7526613 0.8365487953124999 0.8395990609374999 0.7105364046875 0.8294216750000001 0.69720974375 0.7472053375 0.817114565625 0.7373258578125 0.819639528125 0.72624933125 0.817161178125 0.7147156015625 0.8142161984375 0.62427471875 0.755124634375 0.6220844875 0.76748475
0 0.6336816062499999 0.8354497765625 0.7428772453125 0.9051072843749999 0.7549247734375 0.9018532046875001 0.846023896875 0.7779861609375 0.8410867859375 0.7687461375 0.8344645125 0.767871509375 0.7543905671875 0.8798775187500001 0.7463862734375 0.8822149453125 0.7355923343749999 0.8838067562499999 0.642079203125 0.8198993984375 0.6336816062499999 0.8354497765625
0 0.7472854109375 0.8713666328125 0.8289057453125 0.757156759375 0.8382457625 0.753661121875 0.9232973531249999 0.81943931875 0.9326579859375 0.8067201718750001 0.84658408125 0.7323350484375 0.8265322546875 0.7379265328125 0.7413053406250001 0.86274320625 0.7472854109375 0.8713666328125
0 0.75613718125 0.9186380375000001 0.83266108125 0.810573175 0.843619415625 0.8099895281249999 0.8941109484374999 0.8484857765625 0.912508465625 0.8374243765625 0.845710490625 0.7877513078125 0.8395814109374999 0.7899011953125 0.7544572406250001 0.9059984062499999 0.74291971875 0.9123272953124999 0.75613718125 0.9186380375000001
0 0.727074125 0.929741465625 0.6453567328125 0.8820727796875 0.6427365203125001 0.8987285734375 0.644704221875 0.8944333421874999 0.72646785625 0.940048215625 0.7633399265625 0.939434490625 0.77707260625 0.9278149515624999 0.8438505140625001 0.8371185546875 0.839252471875 0.8252831171875 0.8325839609375001 0.8264623234374999 0.7570207812499999 0.9334064578125 0.749766578125 0.9356688671875 0.73528905625 0.9263583703125 0.727074125 0.929741465625
0 0.536092821875 1 0.6073520078125 0.891678590625 0.60363563125 0.889259628125 0.5395156531249999 0.9849722703125 0.5305688296875 0.9772161046875001 0.5242637578125 0.9856604296875 0.5181489796875 0.9901788390625 0.51353981875 0.991197921875 0.3925266125 0.934092896875 0.3890703984375 0.947275428125 0.3893899125 0.9469308234374999 0.49551675624999997 1 0.536092821875 1