0 0.20412426562500002 0.134630809375 0.3051224078125 0.2470543734375 0.3130520296875 0.22924470000000002 0.19160382812500001 0.0917762921875 0.100404559375 0.2407320859375 0.11230775625 0.2509502359375 0.193690584375 0.131848046875 0.20412426562500002 0.134630809375
0 0.214140609375 0.2693164484375 0.3163907984375 0.37673104999999996 0.3222336625 0.360591015625 0.20370689375 0.2309143625 0.1139216859375 0.3826619078125 0.119820040625 0.39621040937499996 0.20245488125 0.26987300937500003 0.214140609375 0.2693164484375
0 0.214557946875 0.3433379046875 0.2241569515625 0.3405551421875 0.3268245140625 0.44463044375000005 0.33183266875 0.43182973281250003 0.214975284375 0.30938821875 0.126312384375 0.45325134218749996 0.121906728125 0.45075250625 0.133592490625 0.4696752796875 0.214557946875 0.3433379046875
0 0.24418963906250002 0.40010622500000004 0.33183266875 0.48692839218749995 0.3405969640625 0.48024974531250003 0.229999815625 0.3778441515625 0.158978771875 0.498308428125 0.1661456140625 0.5069642890625 0.2312518640625 0.40567175000000005 0.24418963906250002 0.40010622500000004
0 0.3238903515625 0.319128834375 0.3138740078125 0.31467640937499997 0.21329320312500002 0.20169630624999998 0.20572549843750002 0.21595068906249998 0.32055158125 0.35029575625 0.40986399687499997 0.20893149218749998 0.40360379531249996 0.19223491875 0.3238903515625 0.319128834375
0 0.397343559375 0.166076959375 0.3351587421875 0.2595777265625 0.32722915625 0.2640301515625 0.31512605625 0.2634735890625 0.23332589062500003 0.17219904531250002 0.228254040625 0.1821578734375 0.3259771078125 0.296310175 0.401934409375 0.1783211078125 0.397343559375 0.166076959375
0 0.4144548484375 0.0281458390625 0.42280180625 0.0287024015625 0.5142010124999999 0.13389075781249998 0.5217132953125 0.1272121328125 0.4257232390625 0.005883753125 0.40986399687499997 0.0025444296875 0.32456356249999996 0.1408555453125 0.331402634375 0.1539266546875 0.4044385046875 0.0364941265625 0.4144548484375 0.0281458390625
0 0.42739262343749995 0.10661969687499999 0.5162877 0.2151473765625 0.525051996875 0.20401634999999999 0.42071505 0.0715569109375 0.3334893578125 0.20958189843750002 0.34058426875 0.222939146875 0.4177936171875 0.10661969687499999 0.42739262343749995 0.10661969687499999
0 0.43903428125 0.3072291140625 0.5237197046875 0.40014771875 0.5287221546875001 0.3872820671875 0.4283146078125 0.2700616796875 0.34394552031250003 0.40606451093749996 0.34898903593749997 0.422543465625 0.4261706671875 0.3072291140625 0.43903428125 0.3072291140625
0 0.42545600937500005 0.262437609375 0.455113778125 0.2948399765625 0.46583345156249995 0.2853098796875 0.4172376203125 0.231941228125 0.34327187187499997 0.34916160625 0.348274409375 0.3605977359375 0.41545099218750003 0.2614845828125 0.42545600937500005 0.262437609375
0 0.3379120484375 0.3820404953125 0.31325681875 0.374892909375 0.24357895156249998 0.2976989984375 0.2412350328125 0.3025503421875 0.3357681078125 0.4092013203125 0.4100911703125 0.289598425 0.407589915625 0.276732771875 0.3379120484375 0.3820404953125
0 0.332552196875 0.4487513234375 0.3168300140625 0.446368734375 0.22321157343750003 0.345349575 0.2151957546875 0.3546288984375 0.33148025625 0.47877115000000003 0.4200961875 0.3439200546875 0.4115204546875 0.33296041718749997 0.332552196875 0.4487513234375
0 0.43724765468750004 0.36917484375 0.46476148124999994 0.39824168437499996 0.471193303125 0.3968121625 0.5140719421875 0.444939253125 0.5183598234375 0.44017419531249996 0.4279572640625 0.3372489609375 0.35327691875 0.4573284109375 0.35720745625 0.4678115140625 0.425098696875 0.36869835 0.43724765468750004 0.36917484375
0 0.228972275 0.427057234375 0.337698046875 0.5382595718750001 0.42621811249999997 0.407810678125 0.42493521718749994 0.39497964375 0.41627564375 0.3919857375 0.3521306609375 0.4942063390625 0.3431503703125 0.50703738125 0.3290384734375 0.50703738125 0.23570751875 0.410804603125 0.23282098593749997 0.41123229375000003 0.225765025 0.4180755140625 0.228972275 0.427057234375
0 0.2472536 0.5044711656249999 0.258158246875 0.5023326765625 0.3357736921875 0.5853067296875001 0.33994312031249996 0.5776080828125 0.2520644890625 0.4749597921875 0.17925991875 0.5865898375 0.18182572187499998 0.5972823921875 0.2427634546875 0.5100312875 0.2472536 0.5044711656249999
0 0.42172796718749994 0.4527193203125 0.415634209375 0.4437375828125 0.355979371875 0.5318440515625 0.3502063046875 0.5395426796875 0.33673586875 0.5421088953125001 0.2589438328125 0.4591182609375 0.2568753515625 0.4685442875 0.3441125484375 0.56349395 0.42172796718749994 0.4527193203125
0 0.425576678125 0.4942063390625 0.43231189687500005 0.4929232484375 0.48908025312500003 0.5557953390625 0.4929289640625 0.551090615625 0.427501034375 0.4736767015625 0.370732703125 0.557078428125 0.365601096875 0.5639216765625 0.37169488125 0.569909471875 0.425576678125 0.4942063390625
0 0.242262325 0.5545153875 0.352591709375 0.6708501484375 0.43950813593750004 0.5356965312499999 0.43277291875 0.525431703125 0.36606214531250003 0.6297908203125 0.35804403281249997 0.6409110640625 0.3481015640625 0.641766446875 0.253166971875 0.5472444750000001 0.2499597203125 0.544250559375 0.2419416078125 0.542112053125 0.242262325 0.5545153875
0 0.24771467500000002 0.5947193234375 0.34521503125 0.691379803125 0.3509880703125 0.681542665625 0.23745146250000002 0.5622140078125 0.152138621875 0.7067770437500001 0.1572702140625 0.7166141796875001 0.2342442125 0.59600243125 0.24771467500000002 0.5947193234375
0 0.35804403281249997 0.7726430578125 0.4545822109375 0.6208090828125 0.44624340625 0.610116565625 0.37311810625 0.7311560578125 0.3670243234375 0.7405654328125 0.35451606406249997 0.7422762656249999 0.2416208640625 0.6374894328125 0.2313577046875 0.64818196875 0.3201984875 0.7320114390625 0.35804403281249997 0.7726430578125
0 0.44166831718750005 0.5765329171875 0.5324334546875 0.67105490625 0.5401308515625 0.662500878125 0.43846106718750005 0.5508708484375 0.356034759375 0.6830305328125 0.3611663390625 0.6924399609375 0.432688 0.5773883343749999 0.44166831718750005 0.5765329171875
0 0.44487556875 0.5384675062500001 0.5417344890625 0.6530914671875 0.6254437187499999 0.5243533640625 0.6174255796875 0.5166547390625 0.5491111421875 0.624007765625 0.5382065218750001 0.623580075 0.45513875312499996 0.534618190625 0.4525729640625 0.53162429375 0.44551700156249996 0.5294857765625001 0.44487556875 0.5384675062500001
0 0.6437250171875 0.591930159375 0.56675100625 0.7133973250000001 0.55231841875 0.7112588171875001 0.46236942656249996 0.614933609375 0.4535351421875 0.6261462734375 0.5622608609374999 0.7467580390624999 0.6539882296874999 0.5996287875 0.6437250171875 0.591930159375
0 0.2569471125 0.7699836859375 0.3704837203125 0.8687826890625001 0.3765775046875 0.8563793546875 0.255343475 0.7396168765625 0.171514109375 0.887899015625 0.17869020625 0.8961555734375001 0.251174071875 0.77126679375 0.2569471125 0.7699836859375
0 0.458362378125 0.69385284375 0.45162710781250004 0.68144951875 0.38299200624999996 0.8007781671875 0.37144589843750003 0.8063382906250001 0.27009680468749997 0.7195149296875 0.2601543375 0.7332013734375 0.3762567609375 0.8362773734375001 0.458362378125 0.69385284375
0 0.4663016171875 0.7601223187499999 0.546482853125 0.8426686640625001 0.5503315375 0.8341146359374999 0.4611700109375 0.735743340625 0.3835961109375 0.8601985093750001 0.38996909375 0.8700415484375 0.4570005828125 0.76611015 0.4663016171875 0.7601223187499999
0 0.6513598875 0.6771482640625 0.64462466875 0.670732746875 0.5766310015625 0.778513465625 0.5644434609375 0.7810796828125001 0.4804135140625 0.6925455140625 0.470150328125 0.6993887359375 0.5682921453125 0.809307965625 0.6513598875 0.6771482640625
0 0.749917421875 0.7589225625 0.744785815625 0.7602056703125 0.7351640640625 0.755500965625 0.6662081921875 0.6720992203125 0.6633216843749999 0.6810809390625 0.663642428125 0.6827917390625 0.74542725 0.7880062453125001 0.8259292281249999 0.6639728828125 0.8201561609375 0.65884046875 0.749917421875 0.7589225625
0 0.8361639249999999 0.584855646875 0.9089685078124999 0.6815161421875 0.9166659046875001 0.6755283125 0.830390884375 0.557055071875 0.7437951484374999 0.6857931578125 0.7505303671875 0.696485675 0.8278250953124999 0.5831448390625 0.8361639249999999 0.584855646875
0 0.743549853125 0.7012746046875 0.687423009375 0.62514378125 0.6784426921875 0.6384025156249999 0.74290841875 0.727792090625 0.83431504375 0.598198596875 0.82725905625 0.5892168671875 0.7563788546875 0.6978530078125 0.743549853125 0.7012746046875
0 0.624560921875 0.566548696875 0.6755561859375 0.6332701015625 0.685819371875 0.6217221656249999 0.6223158234375 0.540458928125 0.542441203125 0.669757528125 0.548228371875 0.6764679359375 0.6187878546875 0.5691149125 0.624560921875 0.566548696875
0 0.7210458359375 0.6177733562500001 0.633808653125 0.5181189875000001 0.6289977765625 0.5288115062500001 0.7155935390625 0.6378753546875 0.796416209375 0.5176912625 0.788077353125 0.511275740625 0.7210458359375 0.6177733562500001
0 0.8708244031250001 0.601948440625 0.8775596218749999 0.596816028125 0.79545403125 0.48518596406250003 0.7162349734375 0.607080871875 0.7210458359375 0.612640959375 0.7925674984375 0.5040048374999999 0.8708244031250001 0.601948440625
0 0.7723618171875 0.4873244875 0.7601742765624999 0.48903528749999997 0.690256253125 0.398362603125 0.6870490031250001 0.4090551390625 0.7665887765625 0.5164081546875 0.8432420453124999 0.39707950468750003 0.837468978125 0.38938087499999996 0.7723618171875 0.4873244875
0 0.840996971875 0.3880977765625 0.9073870015625 0.47577655312499995 0.9118771999999999 0.4689333234375 0.8384311562500001 0.3611525953125 0.7584185875 0.4758539828125 0.766268059375 0.48775217812499994 0.8339410109375001 0.38767007656249997 0.840996971875 0.3880977765625
0 0.43787208906249997 0.41885131875 0.511959565625 0.5005422734375 0.5174118890625 0.49369904375000007 0.43306122656249996 0.3923338328125 0.4279296203125 0.3966108484375 0.429212515625 0.406447975 0.360898103125 0.5103793921875 0.3657089796875 0.5167949140625 0.4282503375 0.42184522500000005 0.43787208906249997 0.41885131875
0 0.56391698125 0.49540985937500004 0.5526916187500001 0.4958375515625 0.46898244218749996 0.3996047625 0.46577516562500004 0.40986959062499995 0.5603890140625001 0.5232104359374999 0.6415324265625 0.40259867031249996 0.6357593609375 0.391478434375 0.56391698125 0.49540985937500004
0 0.6447397031250001 0.34374832187500004 0.638325203125 0.330489578125 0.56391698125 0.44297502499999997 0.5504465453125 0.43869800937500003 0.47154820468749997 0.34545912031250003 0.46898244218749996 0.35982854375 0.5607097578125 0.47017546406250005 0.5777081609375 0.46204916249999994 0.5876506296875 0.4440857046875 0.6447397031250001 0.34374832187500004
0 0.5603890140625001 0.379675225 0.5414662546875 0.374970503125 0.46641662500000003 0.28771944843749997 0.46063814531249997 0.2957198984375 0.5555781515625 0.4134636328125 0.6373629984375 0.287291753125 0.6277412734375 0.2761715125 0.5603890140625001 0.379675225
0 0.6656883312499999 0.30470728281250004 0.7394550921875 0.3940968484375 0.7468317437499999 0.383832021875 0.6595945734375 0.27006347656249996 0.578365296875 0.3950608390625 0.5822998578125 0.41206030625 0.6557458625 0.30684578125 0.6656883312499999 0.30470728281250004
0 0.7747348203125 0.3718563953125 0.7651130687500001 0.3727117765625 0.7574156734375 0.365868565625 0.6894219796875001 0.2734850828125 0.689742721875 0.293159346875 0.770244675 0.4043616765625 0.8491429890625 0.2803283046875 0.8446528437499999 0.271774284375 0.7747348203125 0.3718563953125
0 0.774414103125 0.3124780203125 0.7663959640625 0.311622621875 0.690063465625 0.2136790171875 0.6839734765625 0.2259723328125 0.767037425 0.34106189531250003 0.8507466265625 0.22180535468749998 0.845615046875 0.21154052812500002 0.774414103125 0.3124780203125
0 0.7805078609375 0.18801694062500002 0.7660752468750001 0.186733840625 0.69391215 0.078632153125 0.6868561890625 0.08675847343750001 0.6935914078125001 0.094350359375 0.7731312078125 0.223516153125 0.8549160546874999 0.0994827734375 0.849463759375 0.0879348421875 0.7805078609375 0.18801694062500002
0 0.80407588125 0.2265008203125 0.8191499562500001 0.22136840625 0.798302840625 0.196561728125 0.7437795828125 0.2786804 0.7523591015625 0.2854130015625 0.783549509375 0.23248865937500002 0.7973406625 0.2239346125 0.80407588125 0.2265008203125
0 0.850581 0.3317153359375 0.914084521875 0.4159724984375 0.9214612265625 0.40827388593749997 0.84384578125 0.2983546390625 0.767074996875 0.41525912500000006 0.7723241203125 0.42794815937499997 0.842562859375 0.3257275234375 0.850581 0.3317153359375
0 0.6667006343749999 0.1134230265625 0.745919690625 0.217354425 0.7513720140625 0.2066618890625 0.6590032375 0.0822008171875 0.57749965625 0.20750532812500003 0.583632865625 0.22077604062499998 0.6577203421875 0.115133825 0.6667006343749999 0.1134230265625
0 0.6439291625 0.0963149515625 0.6519472765625001 0.083911634375 0.6278929109375 0.053544834375 0.54610805 0.16474716250000002 0.558888378125 0.1780735390625 0.6221198703125 0.086477840625 0.63238305625 0.0834839171875 0.638476840625 0.08818863906249999 0.6439291625 0.0963149515625
0 0.6304587265625 0.198963278125 0.6590032375 0.233607065625 0.6718322390625 0.22804697968749998 0.6269307328125 0.1698795765625 0.553805459375 0.2870697453125 0.5582956046875001 0.2969068828125 0.6198747984375 0.207944996875 0.6304587265625 0.198963278125
0 0.56344039375 0.3239264421875 0.5515735687500001 0.31751092187499996 0.46882654375 0.21956733437499998 0.46369493906250003 0.234964575 0.56023314375 0.354293234375 0.6452252406250001 0.21956733437499998 0.63624495 0.209730215625 0.56344039375 0.3239264421875
0 0.44413071875 0.191766759375 0.45888405 0.2144349203125 0.46690221562499995 0.21486262968749997 0.5342544218749999 0.29441505 0.5852496859375 0.22384436562499999 0.5682512562500001 0.2242720390625 0.5377823890625 0.2708914890625 0.52687774375 0.27559619375 0.4553561078125 0.184495828125 0.454714646875 0.1853512453125 0.447979403125 0.179363415625 0.44413071875 0.191766759375
0 0.6134654078125 0.5116989828125 0.619350453125 0.5090829796875 0.63144750625 0.5134429546875 0.7056645578125 0.595846825 0.7105687828125 0.5962828124999999 0.6200043578125001 0.4798710265625 0.540229203125 0.607182778125 0.539575296875 0.6124147859375 0.5457873078125 0.620262759375 0.6134654078125 0.5116989828125
0 0.7213580265624999 0.516494946875 0.7122035078125 0.5204189515625 0.6504104500000001 0.44193908750000005 0.648448759375 0.4545830609375 0.7128574125 0.5404749109375 0.740974875 0.5143149671875 0.73018560625 0.5064669765625001 0.7213580265624999 0.516494946875