0 0.14168210312500001 0.629540984375 0.1537582234375 0.6327841265624999 0.25718252656249996 0.51865345625 0.2629224625 0.5104763671875 0.278099140625 0.51499060625 0.3865257984375 0.6644591375 0.396644784375 0.656654271875 0.3950688171875 0.642347384375 0.27103180625 0.47509514218750004 0.1409025890625 0.6198223796875 0.14168210312500001 0.629540984375
0 0.2654317203125 0.4488928328125 0.2726938953125 0.4493086234375 0.287380634375 0.4564680421875 0.3923267515625 0.597110096875 0.3978755421875 0.5959696640625001 0.4012772421875 0.5800035640625001 0.271746421875 0.40879143906250004 0.1447911640625 0.55511165 0.156403653125 0.569264175 0.2654317203125 0.4488928328125
0 0.2648138671875 0.3896707484375 0.2785770796875 0.3862059109375 0.3889345359375 0.5384582 0.3973664578125 0.537361359375 0.39970714531249996 0.5235217046875 0.2797229609375 0.354800359375 0.2712648109375 0.34763300468749997 0.1447372609375 0.495436746875 0.15358256718750002 0.5111311062499999 0.2648138671875 0.3896707484375
0 0.1413775234375 0.44493822187500004 0.1509779328125 0.45314302343749996 0.257721509375 0.3306967515625 0.2645762 0.3261072734375 0.27703346562500003 0.326091434375 0.38899558437500004 0.4792862140625 0.40060928906250004 0.48262434374999996 0.3990883 0.46321713750000004 0.2692050359375 0.2818995421875 0.14023061875 0.43713918906250004 0.1413775234375 0.44493822187500004
0 0.15117516250000002 0.392034675 0.2658344578125 0.2628724515625 0.27747564687500004 0.26366049999999996 0.39047129687500004 0.417278940625 0.3971623265625 0.4171760390625 0.40203243125 0.40408870625000004 0.268151321875 0.21913989374999998 0.14023874218750002 0.378772034375 0.14165600312499999 0.38699376406249997 0.15117516250000002 0.392034675
0 0.1489791875 0.32823758125 0.25512531250000003 0.1970083046875 0.26682148125 0.192696046875 0.38183043125 0.34144785 0.3959735671875 0.3455383765625 0.40141483750000007 0.332969840625 0.2600265890625 0.1489278375 0.138263996875 0.31644511875000003 0.1374742 0.3255131625 0.1489791875 0.32823758125
0 0.1351981703125 0.247737796875 0.13892362656249999 0.2552417078125 0.14553220625000002 0.2627891765625 0.2536641609375 0.1292434234375 0.2658501890625 0.12228598906249999 0.38216388437500004 0.2784031296875 0.391981753125 0.28783550468749997 0.4012846546875 0.280834478125 0.39889263750000004 0.26733141875 0.27289851875000004 0.0890311953125 0.26155724999999996 0.08182029843750001 0.1351981703125 0.247737796875
0 0.5429938671875 0.11132671406250001 0.533203475 0.09934421875 0.4214535890625 0.23681418281250002 0.403856178125 0.23216136562499998 0.39564299375 0.22367139531250002 0.2926551578125 0.08326301875 0.28250989843749996 0.0828036671875 0.28114897031249997 0.0913529734375 0.28501065 0.0969205375 0.4152201 0.280079475 0.5429938671875 0.11132671406250001
0 0.4160693859375 0.46883356562499995 0.542943365625 0.31934941562499997 0.533289171875 0.3054305390625 0.444552859375 0.4159062234375 0.4356860734375 0.4145480078125 0.4169714921875 0.42793621249999997 0.40731614374999997 0.4248317453125 0.3979056671875 0.42040457968749995 0.3909697171875 0.4218301140625 0.2922247265625 0.283730328125 0.288246484375 0.294278334375 0.4160693859375 0.46883356562499995
0 0.394731134375 0.35108347968750003 0.38379726718749996 0.3488778390625 0.28529604375 0.22026980468750001 0.282382303125 0.2319682078125 0.4180886984375 0.40989515781249997 0.4228763578125 0.40445832499999995 0.42774650468750003 0.39137100937499997 0.544474025 0.2522418546875 0.5429518343749999 0.24364901562500002 0.533568875 0.23667173749999998 0.44496756406250004 0.3560254203125 0.436535725 0.3571222671875 0.42304371406249996 0.367528734375 0.4106677046875 0.3707084921875 0.394731134375 0.35108347968750003
0 0.2787207421875 0.16748875000000002 0.41499538124999996 0.3437379828125 0.5382263843749999 0.17909950624999998 0.5317265515625 0.1721657953125 0.46214094218749996 0.26089405781249997 0.45297423593749997 0.26595869375 0.42549915 0.30023113437500004 0.41102862343749996 0.30511361406250004 0.3922077265625 0.2962593734375 0.287180359375 0.152453440625 0.27918339531249997 0.1560054046875 0.2787207421875 0.16748875000000002
0 0.2842941671875 0.472762053125 0.40769107812499994 0.6409803203125 0.4171840109375 0.6377570375 0.5414998515625 0.50088501875 0.5391890484374999 0.49054585937499995 0.43704442656250003 0.5929632375 0.43141441875000003 0.590939746875 0.413407159375 0.6029103609375001 0.40084120156249997 0.6023124046875 0.3933341015625 0.6032192203125 0.2874906484375 0.460217109375 0.28308292343749997 0.47320938281249997 0.2842941671875 0.472762053125
0 0.41145129062499997 0.5810480265625 0.41795236718749995 0.5771673859375 0.536202053125 0.44663115312499996 0.53435366875 0.4361969296875 0.4449387234375 0.5347257828124999 0.43462975156250006 0.5387529453125001 0.42764005625 0.5344644 0.4198330390625 0.5417940890625 0.40267057343749996 0.5395963375 0.3920079484375 0.54433231875 0.2911292046875 0.4164250359375 0.41145129062499997 0.5810480265625
0 0.28900907343750004 0.3533454015625 0.4070245234375 0.5208900390625 0.4150752640625 0.523052109375 0.4199716875 0.5182290296875001 0.5399622640625 0.3866988609375 0.5335448859375 0.37211471406249996 0.4433676421875 0.4771614890625 0.43161772656249997 0.47575967812500003 0.41932293437499996 0.4821033609375 0.4050160796875 0.482499315625 0.3939185375 0.48478017500000004 0.38439938281249997 0.47973928906249996 0.28900907343750004 0.3533454015625
0 0.582869778125 0.12350203125 0.6894468109375 0.27335068749999997 0.6992109421875 0.2770690078125 0.7039723296875 0.2633679640625 0.57713585625 0.077607375 0.44483755 0.250936315625 0.45485472812500005 0.261134315625 0.569596465625 0.1243216984375 0.582869778125 0.12350203125
0 0.43936948750000004 0.355606046875 0.5476114109375 0.211859715625 0.5577841421875 0.2097689296875 0.6845430046875001 0.35992253281250003 0.6883783734375 0.357225878125 0.6922962390625 0.34687879375 0.5530562875 0.166848128125 0.428871775 0.34504115625 0.4280556921875 0.3458450171875 0.43936948750000004 0.355606046875
0 0.43791248437499997 0.5886240890625001 0.5532778765625 0.46885862031250003 0.564157959375 0.4653501875 0.6669546109375 0.6127952265625 0.6770998765625 0.6132546234375 0.68145265 0.605362609375 0.5628294015625 0.42809199531250003 0.431211375 0.5756053671875 0.4345132109375 0.5829615015625 0.43791248437499997 0.5886240890625001
0 0.4329421078125 0.5253971859375001 0.43965939687500005 0.5335584453125 0.5492585828125 0.4137058546875 0.5571193437499999 0.4120902453125 0.5676457687500001 0.4092906328125 0.67076856875 0.558577015625 0.679662875 0.55738514375 0.6843155249999999 0.5430702609375 0.561748175 0.3678825015625 0.431528640625 0.517418084375 0.4329421078125 0.5253971859375001
0 0.43137433124999996 0.45969922187499995 0.4301369015625 0.4631000625 0.441314496875 0.4747974609375 0.5484392015624999 0.3490922109375 0.5564361609375 0.3455402328125 0.568104859375 0.34377811875000003 0.6740832671875 0.49565818437500003 0.6804481046874999 0.49371392031249994 0.6861068343750001 0.48237295625 0.5715901796875 0.3093472359375 0.56288710625 0.3035024890625 0.43137433124999996 0.45969922187499995
0 0.5508946703125 0.2817945765625 0.5689819453125 0.2838022546875 0.6689504187499999 0.42610344062500005 0.6800742375 0.4320868171875 0.6869027046875 0.41923316875000005 0.5672184296875 0.24408892187500003 0.5608548015625 0.23521886875 0.4317130515625 0.3995474859375 0.44289891875 0.413403978125 0.5508946703125 0.2817945765625
0 0.44587470625 0.6525083 0.448212975 0.66029738125 0.45286321718749994 0.6676111812500001 0.565535525 0.5515798359375 0.574457259375 0.547837790625 0.5825892234375 0.553163809375 0.6790222421875 0.6917387703125 0.6878890359375001 0.6930970359375 0.691018296875 0.6810036828125 0.5862920390624999 0.51996046875 0.5741622015625001 0.5110032921875 0.44587470625 0.6525083
0 0.6806317734375 0.3655723421875 0.56520066875 0.22336375937500003 0.5585714921875 0.2247367015625 0.55645076875 0.2324440890625 0.566003909375 0.23576899375 0.6029115109375 0.29230490625 0.688174675 0.3997185359375 0.8210388234374999 0.22764216875 0.8140297671875001 0.22181121093749998 0.7130248531250001 0.35164315468749996 0.7049120046875 0.359259978125 0.6922485 0.36649000468750004 0.6806317734375 0.3655723421875
0 0.5605867812499999 0.148963296875 0.5557803859375 0.1611889109375 0.6866561984375 0.329298734375 0.8122257546875 0.1778919390625 0.8137529890625 0.1696455 0.8049919750000001 0.159547303125 0.6964403640625 0.2889471640625 0.68606650625 0.295045575 0.670973153125 0.2941814 0.570310046875 0.1476259171875 0.5605867812499999 0.148963296875
0 0.6784089734375 0.5273243812499999 0.8117784578125 0.3862132828125 0.8058161343749999 0.3722346453125 0.7126434546875 0.47599814531250006 0.7019877343750001 0.4748829953125 0.6909631968750001 0.4857424015625 0.6846023109375 0.497626490625 0.67485049375 0.5016139093749999 0.57062636875 0.351824046875 0.568166678125 0.3576179546875 0.563106996875 0.35997997812500004 0.6784089734375 0.5273243812499999
0 0.5591003359375 0.29800408906250003 0.5649509234375001 0.300106884375 0.6777944437500001 0.4620071671875 0.7818214828125 0.3520465015625 0.7771306171875 0.342433859375 0.7224028640625 0.40458250625 0.70792904375 0.424083409375 0.6965668421875 0.4217913484375 0.675394390625 0.44002486406249997 0.5670157953125 0.286461546875 0.5605145671875 0.289119846875 0.5591003359375 0.29800408906250003
0 0.8114531359375 0.4443606046875 0.8078598937500001 0.4339525125 0.711692721875 0.54289045 0.6969184687500001 0.538495915625 0.6864519078125 0.548542603125 0.6823989312500001 0.5651666328125 0.6697296546875 0.560803896875 0.5673952671875 0.41370851562500005 0.561198896875 0.41823313906250004 0.6743138640625 0.5886571218750001 0.8114531359375 0.4443606046875
0 0.695686159375 0.33011577812500004 0.6977902874999999 0.3380432828125 0.7094065796875 0.346337959375 0.8185641078125 0.211972465625 0.832167665625 0.207783228125 0.8391779296875 0.2058779703125 0.9459997234375 0.35855326249999997 0.9531495515625 0.35151046875 0.9553549046875001 0.342232790625 0.8441661203124999 0.1728062625 0.8323317359375 0.16130530781250002 0.695686159375 0.33011577812500004
0 0.8551473640625 0.3154141703125 0.8471853703125 0.30404621718749997 0.8381303015625001 0.3003339890625 0.7001753453124999 0.4578025296875 0.698665278125 0.46507952656249996 0.70265630625 0.4698325578125 0.711652059375 0.471234746875 0.8289303374999999 0.349133475 0.838423353125 0.34346686875 0.84749848125 0.34531719375000003 0.93765998125 0.48887670468750005 0.9463373109375001 0.496382109375 0.9543804765624999 0.492406803125 0.9558312046875 0.4828197921875 0.8551473640625 0.3154141703125
0 0.8343485125000001 0.23984595312499998 0.6966709437499999 0.402830771875 0.6964319062500001 0.40938212343749997 0.7085445828125 0.418503640625 0.816668346875 0.2941038984375 0.8261814203125001 0.2865753890625 0.8404793734375 0.288281175 0.9267693343750001 0.42381199531249997 0.9391995578125 0.43472606562499994 0.948711746875 0.4350932328125 0.95109593125 0.424849940625 0.8405038578124999 0.2469408203125 0.8343485125000001 0.23984595312499998
0 0.8480252640625 0.42927293593750004 0.8394464968750001 0.42824945625 0.7074898890625 0.576125209375 0.7064962625 0.5823672 0.714418996875 0.5895632078124999 0.8310613390625001 0.47177261875000004 0.8429969296875001 0.46606844374999995 0.8503046718749999 0.46781756718749995 0.9330799265625 0.6012841375 0.9422527703125001 0.6175121125 0.9524802984375 0.614016734375 0.9548845343749999 0.6019115234375 0.858627890625 0.4456714625 0.8480252640625 0.42927293593750004
0 0.83663324375 0.36891464687500003 0.7012203171875 0.5249318359374999 0.7003060828125001 0.53162191875 0.707454165625 0.540370509375 0.8204229859375 0.41961939218750005 0.8338084796875 0.412223890625 0.844651021875 0.4141754125 0.9419213515625 0.5623115999999999 0.951076746875 0.556714384375 0.95236873125 0.5462311 0.8578192671875 0.39567791875 0.8454894 0.37545440625 0.83663324375 0.36891464687500003
0 0.8013655796875 0.5034162281250001 0.7107013249999999 0.5959436874999999 0.681811665625 0.61933965 0.6712915609375 0.61865978125 0.5698208328125001 0.47751787968750004 0.5623214062499999 0.47662318125 0.5630321453125 0.4858152765625 0.57874016875 0.51060135625 0.5951261546875 0.52712795 0.6779017515625 0.6542478890625001 0.8113113953125 0.5163943625 0.8013655796875 0.5034162281250001
0 0.1394097734375 0.573315065625 0.1315371390625 0.5693363546875 0.1048821265625 0.537876253125 0.093707546875 0.5295391515625 0.014461707812499999 0.42493689999999995 0.0100580953125 0.428640334375 0.007580856249999999 0.43430696874999997 0.007611440625 0.4360591546875 0.1466811109375 0.6048413046875 0.270751796875 0.4674065234375 0.2675224625 0.45631710468750003 0.2634068796875 0.4521259203125 0.15728599999999998 0.5718796562499999 0.1394097734375 0.573315065625
0 0.09707995 0.2870517796875 0.0111583953125 0.1761009328125 0.0070542359375 0.18694006406250002 0.111521359375 0.3260652046875 0.1253670578125 0.3418780015625 0.1473897296875 0.36134116875 0.26214578125 0.218474615625 0.2725745171875 0.21499847187499999 0.270752134375 0.2047110265625 0.259070515625 0.201114575 0.14434324062499998 0.3413097 0.135540471875 0.3284586953125 0.10779278437499999 0.290847371875 0.09707995 0.2870517796875
0 0.25738445 0.13012817031249999 0.14530300937500001 0.2662181890625 0.135109278125 0.261037525 0.0183702328125 0.104256109375 0.004442484375 0.10655898125 0.002040153125 0.11688030625000001 0.0020869062500000002 0.119558796875 0.1451316171875 0.30095316875 0.2582443421875 0.1445029578125 0.268126953125 0.15030725 0.272578921875 0.14211646718749998 0.26913406093750003 0.1321906890625 0.25738445 0.13012817031249999
0 0.099808471875 0.3477973734375 0.1085274265625 0.34600538125 0.110466228125 0.3342785484375 0.0033473390625000004 0.19176889375 0.0039542578125 0.22653929375 0.099808471875 0.3477973734375
0 0.0969385296875 0.277751590625 0.1043182171875 0.276901240625 0.103265609375 0.2624573578125 0.0022582015625 0.1293722453125 0.0027442843750000003 0.157219971875 0.0969385296875 0.277751590625