0 0.1260235328125 0.539117490625 0.272015634375 0.6204569359375001 0.2851955078125 0.6120949265625 0.12068896093749999 0.5160975703124999 0.010446453125000001 0.6227374796875 0.017543321875 0.626538365625 0.112843659375 0.5451989562499999 0.1260235328125 0.539117490625
0 0.0051386453125000005 0.5796390953125 0.001321946875 0.593090396875 0.0043634484375 0.6037329171875 0.10842539843750001 0.5121943875 0.12095439375000001 0.5087102390625 0.2394608328125 0.5834930796875 0.26289112812500004 0.5946107375 0.2669464953125 0.579407128125 0.11048085625 0.4856019015625 0.0811905828125 0.5087258015625 0.050358715624999995 0.538016075 0.0200407140625 0.5653793578124999 0.0051386453125000005 0.5796390953125
0 0.280126275 0.6607465375 0.2821540046875 0.7702126890625001 0.2933061484375 0.7717330984374999 0.3004030171875 0.761850715625 0.2963476515625 0.621977275 0.099390903125 0.6199256 0.10270538124999999 0.6310994546875001 0.2669464953125 0.63870129375 0.280126275 0.64706326875 0.280126275 0.6607465375
0 0.45528389999999996 0.7029665625 0.474296884375 0.7106745296875 0.5159199046875 0.7515267531250001 0.5748423687499999 0.79701416875 0.584777740625 0.7981599515625 0.587435990625 0.7870159375 0.449453503125 0.6739023890625 0.30519172499999997 0.7620203609375 0.3148220609375 0.7670194765625 0.4301045421875 0.7072059453125 0.45528389999999996 0.7029665625
0 0.45261060000000003 0.6703699140625 0.58150955625 0.7686858484375 0.588917565625 0.7525776046875 0.45056509375 0.648891578125 0.30371008125 0.740357528125 0.30815487343750003 0.750355759375 0.440017046875 0.6709253875 0.45261060000000003 0.6703699140625
0 0.451129025 0.6442634390624999 0.5748423687499999 0.740357528125 0.583731953125 0.7331366171875 0.4527882765625 0.62221338125 0.3022285078125 0.7114737843750001 0.3133404859375 0.727582028125 0.43927622499999996 0.646485259375 0.451129025 0.6442634390624999
0 0.448165809375 0.614268746875 0.46964901406250004 0.62260060625 0.5852135953125 0.7214720156250001 0.594103178125 0.71258468125 0.45261060000000003 0.5887176968750001 0.29852453749999996 0.6787017718749999 0.3074141203125 0.6864782078125 0.4229787015625 0.62260060625 0.448165809375 0.614268746875
0 0.4859465375 0.5937168125000001 0.590399140625 0.6925882203125 0.5992887234375 0.682589990625 0.4705737421875 0.5596863546875 0.3014876859375 0.6542616703124999 0.3155628828125 0.6603716828125 0.45038820468749996 0.582607684375 0.4859465375 0.5937168125000001
0 0.465204221875 0.55150206875 0.48076099218749996 0.5559457359375 0.5896583859375 0.6587053109375 0.6000295437500001 0.6442634390624999 0.461681009375 0.5271723015625 0.3074141203125 0.6187123890625 0.3148220609375 0.6248224265625 0.43927622499999996 0.556501184375 0.465204221875 0.55150206875
0 0.468807159375 0.5257455249999999 0.5924949734375 0.6298903828125 0.6026332515624999 0.6200080671875 0.467543040625 0.5024059624999999 0.3045660453125 0.5994831640625 0.31064905 0.607084934375 0.449544375 0.5280260703125 0.468807159375 0.5257455249999999
0 0.3057525859375 0.5701872546875 0.31369055156250003 0.5728767609375 0.32387915624999997 0.5719865828125 0.3316096046875 0.566188746875 0.44516723437500005 0.49921373593749996 0.4696914171875 0.49501530312500003 0.48568544999999996 0.5004132890624999 0.5083436625 0.5198060531250001 0.6087162562499999 0.6032840484374999 0.6178407625 0.5941618703125 0.4715573875 0.4618276859375 0.3889215546875 0.5098097828125 0.3129499 0.5563924015625 0.3045660453125 0.5637545828125 0.3057525859375 0.5701872546875
0 0.40331618281250003 0.4634270890625 0.45529678906250004 0.427640440625 0.46782544687499994 0.4258411125 0.49448216718750004 0.43483775625 0.61026325625 0.5316270296875001 0.6204016265625001 0.5202243046875 0.47568262343749995 0.3972370390625 0.4321054421875 0.420043275 0.34413826406250003 0.479820971875 0.359865728125 0.49081686874999997 0.40331618281250003 0.4634270890625
0 0.4718486609375 0.37674990625000004 0.6087162562499999 0.48925680781249997 0.616826990625 0.4740531640625 0.46145788125 0.34951633437499996 0.2964554046875 0.4679717 0.30963527812499997 0.4740531640625 0.448530509375 0.3813109953125 0.4718486609375 0.37674990625000004
0 0.4748901640625 0.336460303125 0.6147992609374999 0.464930984375 0.6208822640625 0.45276809062499995 0.47819206875000003 0.30844150937500003 0.2934139015625 0.42312100781249995 0.29949690625000003 0.4322431875 0.4546135140625 0.34102139375 0.4748901640625 0.336460303125
0 0.4921254046875 0.2931299515625 0.6289929984375 0.4284422671875 0.6360897750000001 0.4162793734375 0.4903623875 0.26964861875 0.30557991093750003 0.37903045 0.31571828125 0.3927137203125 0.4718486609375 0.2976910421875 0.4921254046875 0.2931299515625
0 0.4890839015625 0.251319940625 0.6360897750000001 0.3691481015625 0.6502835140625 0.35850554687499997 0.49492625781250005 0.21830508750000002 0.31470441718750003 0.344822278125 0.32585656093750004 0.350143571875 0.46576565781249996 0.254360671875 0.4890839015625 0.251319940625
0 0.4921254046875 0.2102701328125 0.5083466875 0.2095099625 0.644200509375 0.31289465 0.6583941546875 0.3045326765625 0.49188367812499995 0.1772302625 0.31267677968749996 0.30833356093750003 0.31977355625000004 0.3220168296875 0.46475188593750005 0.216351596875 0.4921254046875 0.2102701328125
0 0.8071399625 0.3878960515625 0.8336659546874999 0.39151230937500003 0.9695112078125 0.454796828125 0.9783531796875 0.4517832984375 0.9791570234375 0.44575618281249996 0.7928452359375 0.3612431359375 0.668883328125 0.5108488296875 0.6841558203125 0.5162732171875 0.788652175 0.39573126875 0.8071399625 0.3878960515625
0 0.785436878125 0.355349728125 0.8015132859375 0.3523361703125 0.8336659546874999 0.3601713875 0.9735302734375001 0.437318265625 0.9831760875000001 0.42827759218750006 0.7928452359375 0.3277723609375 0.6560222171875 0.46805645937499996 0.6616489671875 0.4758916484375 0.676921459375 0.47167271718750003 0.785436878125 0.355349728125
0 0.7902597859375 0.309543771875 0.9614730046875 0.39151230937500003 0.968707365625 0.3812662359375 0.780783696875 0.2870646625 0.6495916984375001 0.43068842187499995 0.6592375140625 0.4397290671875 0.772575840625 0.3155708875 0.7902597859375 0.309543771875
0 0.7806139703125 0.261327015625 0.955846328125 0.344500953125 0.97111881875 0.3372684375 0.7687221546874999 0.2373108078125 0.6286923828125001 0.39332043906249997 0.6407496515625 0.397539396875 0.7653414796875 0.266751403125 0.7806139703125 0.261327015625
0 0.8119628703125 0.42405863281249995 0.840096546875 0.430085721875 0.9888028375 0.49939732656249997 0.9952333578125 0.4981919265625 0.9960372 0.49457566875000003 0.9968410421874999 0.48794587968750003 0.8097313937499999 0.40195083593750003 0.7074665890625 0.5090407 0.7195238578125001 0.5150678156249999 0.8055323515625 0.43129115 0.8119628703125 0.42405863281249995
0 0.6659683234375 0.8771666109374999 0.674190153125 0.874468821875 0.8144751484375 0.789295790625 0.8345158609375 0.7839002125000001 0.8499317953125001 0.7842856109375 0.8653477281249999 0.7869834 0.8771666109374999 0.7939205703125001 0.9994663484374999 0.8952803328125001 0.9989524843750001 0.8763958140625 0.8442792859375 0.760390915625 0.6613435421875 0.8648338640625 0.6587742203125 0.8698440421875 0.6598019500000001 0.8760104156249999 0.6659683234375 0.8771666109374999
0 0.8127946156249999 0.7553558375 0.8400508125 0.7464998125 0.8564045296874999 0.7567182796874999 0.970880553125 0.8343786265625001 0.9845086500000001 0.8255226640625001 0.834789478125 0.724249196875 0.6919588703125 0.8207540249999999 0.6946844890625 0.832334934375 0.7092210718749999 0.8255226640625001 0.8127946156249999 0.7553558375
0 0.8182458546875001 0.7247004375 0.8355081406249999 0.7185693578125 0.85913015 0.7281065718749999 0.9826915984375001 0.810535559375 0.9899598890625001 0.8003170921875 0.8364167078125 0.695407478125 0.6919588703125 0.795548453125 0.697410109375 0.79895465 0.7064954515624999 0.8050857296875 0.8182458546875001 0.7247004375
0 0.8236970953125 0.6947262578125 0.8400508125 0.69200134375 0.8527704265624999 0.6967699515625 0.9808745468750001 0.773749078125 0.9881428375000001 0.7614869171875001 0.836152771875 0.6690358453125 0.6883246828125 0.7744303296874999 0.6955929734375 0.782605103125 0.7055869671874999 0.7812426 0.8236970953125 0.6947262578125
0 0.8427764328125 0.66134594375 0.8682155765624999 0.6702019375 0.9808745468750001 0.749906009375 0.992685509375 0.7403687328124999 0.83887935625 0.642451640625 0.6883246828125 0.7437749296875 0.69831859375 0.7553558375 0.8218800421875001 0.66815824375 0.8427764328125 0.66134594375
0 0.8518618578125 0.6402277578125 0.991777025 0.7274253515625 0.9972282640625 0.719250578125 0.83887935625 0.6117775562500001 0.6919588703125 0.7219754921875 0.7074040203124999 0.7294690453125 0.8227886109375 0.6456776171875 0.8518618578125 0.6402277578125
0 0.7127299875 0.6991125796875 0.8283494875 0.6093147671875 0.8432515578125 0.6050753859375 0.863806134375 0.60623158125 0.8756250171875 0.6093147671875 0.9984386203125 0.6925608078125001 0.9984386203125 0.6729054921875 0.8509595234375 0.5788682984375 0.802656265625 0.609700165625 0.7158131734375 0.6767594765625 0.703480428125 0.6883214265625 0.7039942921875 0.69294620625 0.70604975 0.6960293937500001 0.7127299875 0.6991125796875
0 0.7096468 0.66982230625 0.8211553859375 0.5827222828124999 0.8288633515624999 0.576555909375 0.8468486078125 0.57424351875 0.86277840625 0.5769413078125 0.8766527453125 0.5834930796875 0.9999802125 0.6594165515625 0.9994663484374999 0.641688228125 0.8442792859375 0.54533864375 0.8381129125 0.5468802375 0.7147854453125 0.651708584375 0.7086190718750001 0.6513231859374999 0.6947447312499999 0.6624997375 0.698855646875 0.66673911875 0.7039942921875 0.670593103125 0.7096468 0.66982230625
0 0.81653060625 0.556129796875 0.8298910812500001 0.549578025 0.8437654218749999 0.5441824484375 0.8525011171875001 0.54379705 0.8648338640625 0.546109440625 0.9999802125 0.6278138875 0.9984386203125 0.6089293687499999 0.839140640625 0.518746159375 0.7132438515625 0.6305116765625 0.7024526984375 0.647469203125 0.7050220203124999 0.6513231859374999 0.71118839375 0.653250178125 0.81653060625 0.556129796875
0 0.8293772171875 0.5060280140625 0.8406822343749999 0.5037156234375 0.8540427109375001 0.50795500625 0.863806134375 0.5125797859375 0.9994663484374999 0.58888865625 1 0.5707749343749999 0.8432515578125 0.478279334375 0.8170444703124999 0.490997478125 0.70450815625 0.6016068015625 0.7024526984375 0.6104709625 0.710160665625 0.6166373359375 0.82166925 0.511423590625 0.8293772171875 0.5060280140625
0 0.8560981671875 0.8243670390625001 0.9999802125 0.9326639703125 0.9989524843750001 0.908383875 0.8417099640625001 0.7908373828124999 0.8334881328125 0.7908373828124999 0.647469203125 0.9056860875 0.6258868953125 0.9257268 0.6371919140625 0.933820165625 0.8036839953125 0.8289918187499999 0.8319465390625 0.8197422578125 0.8560981671875 0.8243670390625001
0 0.18190801406249998 0.21119828749999997 0.19218530312499998 0.217750059375 0.2435717484375 0.3352965515625 0.25950154531249997 0.362274434375 0.2687511046875 0.3634306296875 0.28005612343749997 0.35610806093749997 0.1983516765625 0.1849912 0.1628950296875 0.191542971875 0 0.2454987390625 0.0005138640625 0.26091467343749997 0.162381165625 0.20811510156250002 0.18190801406249998 0.21119828749999997
0 0.0462478 0.226228821875 0.17317231875 0.18845978593749999 0.21119828749999997 0.179981021875 0.24048856093749998 0.19809474375 0.2893056828125 0.33144256875 0.2975275140625 0.3383797375 0.30523548125 0.3352965515625 0.314485040625 0.32566159375 0.2471687984375 0.1591695125 0.19629621875 0.165721284375 0.0858153625 0.196167753125 0.0318595953125 0.2115836859375 0.029290273437499997 0.21929165312499999 0.034428917187500005 0.226228821875 0.0462478 0.226228821875
0 0.12486906093750001 0.3171828296875 0.14028499375 0.32257840625 0.23534991718749998 0.43434392343750006 0.24922425625 0.447832865625 0.2569322234375 0.445520475 0.26309859687500003 0.4366563140625 0.1372018078125 0.2921319375 0.10945312656249999 0.3006107015625 0.00154159375 0.36381602812499997 0.0020554578125 0.3792319609375 0.1135640421875 0.320266015625 0.12486906093750001 0.3171828296875
0 0 0.455193975 0.1044127828125 0.385932109375 0.12105227031250002 0.3840601671875 0.1326999109375 0.3849961375 0.143931565625 0.3890520125 0.1572431546875 0.39934769531250003 0.25458415625 0.49200884062499994 0.26248791250000003 0.49200884062499994 0.267479759375 0.48545704218749997 0.24792836093749998 0.4645536859375 0.135195834375 0.3594129265625 0.12521214218750001 0.356293021875 0.08278145 0.3834361859375 0 0.4358505703125 0 0.455193975
0 0.10071743124999999 0.3510978828125 0.11716109374999999 0.3518686796875 0.1305215703125 0.35610806093749997 0.1490206890625 0.36882620625 0.2476826625 0.4628634 0.25384903593749997 0.46324879843750005 0.256418359375 0.45785322187500005 0.22301717031249998 0.420084184375 0.12332746718750001 0.3264323890625 0.0549834953125 0.3626598328125 0.001027728125 0.39503329374999996 0.0020554578125 0.410834625 0.0858153625 0.358035053125 0.10071743124999999 0.3510978828125
0 0.102748834375 0.4823371390625 0.119388321875 0.484521071875 0.1339478734375 0.49232083125 0.2433525015625 0.57063041875 0.25416816875000003 0.574374303125 0.2616559375 0.569694446875 0.267063771875 0.5618946874999999 0.1410196546875 0.48015320624999996 0.11065259062499999 0.45924984999999996 0.0998369234375 0.455193975 0.0919331671875 0.45862586875 0.032447 0.515720109375 0.0016639484375 0.5431752640624999 0.00041598750000000005 0.566886534375 0.0881892828125 0.483897090625 0.102748834375 0.4823371390625
0 0.08427376875 0.457082425 0.096606515625 0.45284304375 0.10842539843750001 0.4543846375 0.119730415625 0.45862401875 0.23894696718750003 0.5449532453125 0.24562720468750002 0.5476510343750001 0.2528213078125 0.540328465625 0.25384903593749997 0.5341620921875 0.0955787875 0.423167371875 0.0688578359375 0.443593484375 0.0020554578125 0.5087258015625 0.0005138640625 0.5318497015625 0.07759353125 0.46170720468750004 0.08427376875 0.457082425
0 0.0935233296875 0.41815719375000004 0.11202245 0.41545940468750003 0.12486906093750001 0.41700099843749994 0.13154929843750002 0.4227819734375 0.14645136718750001 0.4320315328125 0.16597821562499998 0.4474474671875 0.2476826625 0.5133505828125 0.2528213078125 0.5148921750000001 0.260015409375 0.5091112 0.260015409375 0.501403234375 0.12384133125 0.38886692031250003 0.1125363140625 0.38732532656249996 0.0005138640625 0.472498359375 0.0030831859375 0.48945588593749995 0.08889854999999999 0.42393816875 0.0935233296875 0.41815719375000004
0 0.1808407578125 0.6751882375 0.19418146875 0.6777822640625 0.2030752765625 0.6807468671875 0.212957284375 0.693717003125 0.22234519375 0.8538055421875 0.2248156953125 0.859364171875 0.2391446078125 0.858993596875 0.2445797125 0.8519526656249999 0.2356859046875 0.6777822640625 0.2361800046875 0.66962960625 0.2307449 0.6637004015625 0.13686581874999998 0.658882921875 0.0009882015625 0.657771196875 0 0.672223634375 0.1531711328125 0.6733353609375 0.1808407578125 0.6751882375
0 0.1423009234375 0.6989050578125 0.1586062375 0.701499084375 0.167994146875 0.7077988656249999 0.1778761546875 0.7215101515625 0.1877581625 0.8056307500000001 0.1862758625 0.830829871875 0.1926991671875 0.8400942546874999 0.19319326718750002 0.873075459375 0.198134271875 0.8797458140625001 0.2154277875 0.8793752390625 0.2178982890625 0.8738166093749999 0.197146071875 0.685934921875 0.1872640625 0.6848231953125 0.167994146875 0.68259974375 0.0014823015625 0.6818585921875 0 0.6992756328125 0.1007964875 0.6966816062500001 0.1423009234375 0.6989050578125
0 0.442713984375 0.7845079562499999 0.457042896875 0.7904371625 0.47285411093749996 0.8015544218749999 0.604778925 0.9208796749999999 0.61070813125 0.9231031281250001 0.6176255375 0.9190267984375 0.6230606421875 0.9138387437500001 0.5010178359374999 0.8030367234375 0.4689013078125 0.7682026421875 0.4466667875 0.7600499859375 0.42542047031249997 0.765979190625 0.3083186671875 0.8252712421874999 0.23963870781250002 0.866034528125 0.2386505078125 0.86974028125 0.2391446078125 0.8752989109374999 0.248532515625 0.8778929375000001 0.40565645312500004 0.7926606140625 0.42690277187500003 0.7859902578125 0.442713984375 0.7845079562499999
0 0.3967626453125 0.7789493265625 0.420479465625 0.765979190625 0.434314278125 0.7619028625 0.44567858749999995 0.7604205609375 0.45407829531250005 0.7626440125 0.4624780015625 0.7667203406249999 0.46791310625 0.7685732187500001 0.47779511562500004 0.7707966703125 0.48125381875000006 0.7752435734375 0.4901476265625 0.7852491078125 0.5835326078125 0.8793752390625 0.592920515625 0.8827104171875 0.600332021875 0.880116390625 0.593414615625 0.8645522265625001 0.51732315 0.795254640625 0.4792774171875 0.7570853828125 0.45012549062499996 0.737444890625 0.316718375 0.8015544218749999 0.2939897546875 0.815265709375 0.2855900484375 0.8219360640625 0.2717552359375 0.8289769953125001 0.26533193125 0.8352767765625 0.2673083328125 0.8389825296875 0.27620214062500004 0.8397236796875 0.3967626453125 0.7789493265625