0 0.161786096875 0.7271082265625 0.1741145125 0.7223092656250001 0.1859292296875 0.7305360734375 0.2742828921875 0.8278866218750001 0.2778786953125 0.827201065625 0.2819881515625 0.8189742578124999 0.170518709375 0.694200996875 0.0847334984375 0.801149496875 0.0878156015625 0.8100618921875 0.0965482140625 0.8155464109375 0.161786096875 0.7271082265625
0 0.17356400156250001 0.6756844578125001 0.2701366234375 0.7853752484375 0.27630083125 0.7853752484375 0.28092398749999997 0.7750917390625001 0.165858740625 0.6475762031250001 0.0795598296875 0.76686493125 0.083155634375 0.77440615 0.0904401265625 0.7762778890625001 0.13966085781249998 0.703792728125 0.161749284375 0.6791123046875 0.17356400156250001 0.6756844578125001
0 0.1740777015625 0.6243502671875001 0.2670545203125 0.7360977609375 0.2752734328125 0.7367833171875 0.2798965875 0.7264998078125 0.16739979375 0.589386334375 0.0811008828125 0.7093606343750001 0.078018778125 0.7230719609375 0.08504455 0.7310578171875 0.154557725 0.63189151875 0.1643176890625 0.6216080093749999 0.1740777015625 0.6243502671875001
0 0.153530325 0.5784172671875 0.15969453281249998 0.5674482015625 0.171509296875 0.5653914999999999 0.2655134671875 0.6805668078125 0.273218728125 0.681937921875 0.27630083125 0.675082259375 0.1632903375 0.5379687859375 0.07656578750000001 0.6642554406250001 0.078018778125 0.6743967015625 0.08829248906250001 0.6723399999999999 0.153530325 0.5784172671875
0 0.1689408453125 0.517485125 0.2670545203125 0.634717134375 0.2711639765625 0.634717134375 0.2747597796875 0.6258047703125 0.1612355859375 0.48457789375000004 0.073395621875 0.6100367125 0.073395621875 0.6223769234375001 0.08350295625000001 0.628284928125 0.1525029734375 0.5257119328125001 0.16020823281250002 0.5161140109375 0.1689408453125 0.517485125
0 0.1612355859375 0.4598974703125 0.2583218609375 0.57781506875 0.263458715625 0.580557328125 0.272191328125 0.5730160765625001 0.154557725 0.42836138437500004 0.068772465625 0.5531346453125 0.065176709375 0.5661604140625001 0.074936675 0.5723305203125 0.136578753125 0.4736088265625 0.14942086875 0.4592119140625 0.1612355859375 0.4598974703125
0 0.16945454531249998 0.40543654843750004 0.263458715625 0.5192407421875 0.2696229234375 0.5212974453125 0.2737323796875 0.5130706375 0.17048189687499998 0.3814417140625 0.1571261296875 0.369787059375 0.07134091718749999 0.5014159828125 0.0718545703125 0.5144417515625 0.0788781765625 0.5183179375 0.150448221875 0.40475099062500003 0.16020823281250002 0.4013231453125 0.16945454531249998 0.40543654843750004
0 0.16739979375 0.344421078125 0.26602712031250003 0.4657664921875 0.2711639765625 0.463024203125 0.27578713125 0.4561685390625 0.157639828125 0.3128849609375 0.0795598296875 0.43834377968749993 0.07031351875 0.4527406921875 0.0804197703125 0.456654203125 0.1478798171875 0.35196229843750004 0.157639828125 0.343735490625 0.16739979375 0.344421078125
0 0.1648313890625 0.29171574218749996 0.26654082031250004 0.415803415625 0.2701366234375 0.415117859375 0.27270502812499997 0.40414879218750005 0.155071378125 0.255380665625 0.06414931093750001 0.402777646875 0.072711803125 0.40937867499999997 0.14633876562499998 0.2978858484375 0.155071378125 0.288973484375 0.1648313890625 0.29171574218749996
0 0.1632903375 0.23070024218750002 0.2670545203125 0.3534168015625 0.273218728125 0.3513600984375 0.2747597796875 0.341762146875 0.153530325 0.19299405 0.064663009375 0.3445044359375 0.07236827031250001 0.3534168015625 0.1442840140625 0.24098375156250001 0.1525029734375 0.2313858296875 0.1632903375 0.23070024218750002
0 0.165858740625 0.1731125875 0.2624313640625 0.295143590625 0.27065027656249996 0.29857140625 0.27424607968750003 0.288973484375 0.2670545203125 0.2807466765625 0.1530166734375 0.1388342265625 0.06312195781249999 0.29171574218749996 0.07236827031250001 0.302684809375 0.14633876562499998 0.1840816703125 0.153530325 0.17448373281250001 0.165858740625 0.1731125875
0 0.14942086875 0.107298125 0.26397241562499996 0.215617771875 0.268595571875 0.2108188109375 0.2711639765625 0.1998497125 0.145825065625 0.08056100000000001 0.1350377015625 0.0661640875 0.12990089375 0.0689063609375 0.0584988015625 0.25469510781250004 0.0657746328125 0.25933025625 0.1273324421875 0.11141152968750001 0.137606153125 0.10455586718750001 0.14942086875 0.107298125
0 0.372187603125 0.7284246296875 0.3829749671875 0.7215689515625 0.396330734375 0.7270534843750001 0.48571175 0.8353731296875001 0.49084860625 0.8353731296875001 0.493930709375 0.8278318796875 0.38605707031250003 0.690718421875 0.287764075 0.811220671875 0.2920529 0.8182339578125 0.29667605625000004 0.8209762171874999 0.372187603125 0.7284246296875
0 0.37578340625 0.674047065625 0.3917075796875 0.6747326218749999 0.48160229374999997 0.7857945265625 0.49136230625 0.7851089703125 0.4959854609375 0.7782533078125 0.3829749671875 0.6377119875 0.285451684375 0.7629174140625 0.2853749921875 0.7755110171874999 0.2905118484375 0.7775677187500001 0.37578340625 0.674047065625
0 0.37321495625 0.6240006625000001 0.3824612671875 0.61783055625 0.3911939265625 0.6192016703125 0.48622544999999995 0.7364336796875001 0.4929033578125 0.73711926875 0.49701281406250003 0.728206871875 0.38502971874999997 0.5835521796875 0.29462130468750003 0.69735634375 0.2823684984375 0.7166696140625 0.2858886921875 0.7261501703125 0.291025546875 0.7295780171875 0.37321495625 0.6240006625000001
0 0.3696191984375 0.5722819984374999 0.3793791640625 0.5661118921875 0.3901665265625 0.563369634375 0.48519809687500004 0.67991605625 0.493930709375 0.68060164375 0.4949580625 0.6716892484375 0.38502971874999997 0.5284057015625 0.2823684984375 0.6621999828125 0.2833202875 0.6716892484375 0.288457096875 0.677173796875 0.3696191984375 0.5722819984374999
0 0.37321495625 0.5119520859375 0.38400231875 0.5092097953125 0.39376233125 0.5140087875 0.48622544999999995 0.623013990625 0.4918759578125 0.6243851031250001 0.49855386562500004 0.6189005859375001 0.3829749671875 0.474931434375 0.3778381109375 0.47904483906250006 0.28313929375 0.609785809375 0.28640239218749997 0.617529440625 0.291025546875 0.6202717 0.37321495625 0.5119520859375
0 0.39222127812499996 0.453377759375 0.4877665015625 0.573352028125 0.49547176249999997 0.5726664718750001 0.498040165625 0.5651252203125 0.38400231875 0.41704268125 0.2817792359375 0.5507283078125 0.28075183593749997 0.5616973734374999 0.28622248125 0.5676489234375001 0.3691054984375 0.46023342187500005 0.381433915625 0.4492643546875 0.39222127812499996 0.453377759375
0 0.37475600781249996 0.3982312484375 0.38400231875 0.390004440625 0.3953033828125 0.3934322875 0.4872528015625 0.509293153125 0.49444440937499995 0.5113498546875 0.5000949171875 0.5044941921875 0.385543371875 0.356411653125 0.28313929375 0.4987910875 0.2858886921875 0.5065508953125 0.2920529 0.51203544375 0.37475600781249996 0.3982312484375
0 0.39376233125 0.333102359375 0.48982125312499997 0.456504490625 0.4949580625 0.456504490625 0.4975265140625 0.44690653906250005 0.3875981234375 0.2919683203125 0.28023818437500003 0.4448498359375 0.2915392 0.4544477890625 0.3737286546875 0.339272465625 0.38400231875 0.3289889546875 0.39376233125 0.333102359375
0 0.37835181093750003 0.27521360625 0.389652875 0.26972905625 0.39992653906250003 0.278641453125 0.48982125312499997 0.40410027031249995 0.499067565625 0.40204356875 0.498040165625 0.3903889140625 0.382572065625 0.2367202203125 0.279210784375 0.38901776875 0.284347640625 0.397930165625 0.2899981484375 0.398615721875 0.37835181093750003 0.27521360625
0 0.38400231875 0.21291034843749998 0.3953033828125 0.2156526078125 0.48622544999999995 0.336998021875 0.493930709375 0.34248257031249996 0.5000949171875 0.3328846171875 0.3824612671875 0.177260828125 0.2781834328125 0.333570175 0.28023818437500003 0.34042586875 0.2893056671875 0.343604025 0.2905118484375 0.3417969828125 0.3742423546875 0.22319385781249998 0.38400231875 0.21291034843749998
0 0.39376233125 0.1532659921875 0.4846843984375 0.277353665625 0.49136230625 0.2821526265625 0.50214966875 0.27392581875 0.38400231875 0.11144636562500002 0.3793791640625 0.114188640625 0.284347640625 0.258157790625 0.2766423796875 0.27392581875 0.28691604375 0.2794103671875 0.372701303125 0.1532659921875 0.3824612671875 0.1491525890625 0.39376233125 0.1532659921875
0 0.36037288749999996 0.0963638953125 0.37064655156250004 0.0826525390625 0.3798928625 0.0826525390625 0.389139175 0.087451515625 0.48828020156249996 0.2197660109375 0.4964991140625 0.21908045468749998 0.5016359703125 0.20879694531249998 0.37578340625 0.03809066875 0.28075183593749997 0.1896010390625 0.2684941578125 0.2151379140625 0.27150552499999997 0.22319385781249998 0.279724484375 0.22456497187500002 0.36037288749999996 0.0963638953125
0 0.396330734375 0.819605071875 0.41225495468749995 0.839486534375 0.428179175 0.8401720906250001 0.38811182187500004 0.7914968328125 0.35019860468749997 0.832802978125 0.3685918 0.8360586874999999 0.38451601874999997 0.8189195140625 0.396330734375 0.819605071875
0 0.512720490625 0.2334649265625 0.606211009375 0.0990937125 0.6159709734375001 0.0840112421875 0.6272720374999999 0.0798978390625 0.6375457015625 0.0901813484375 0.73206361875 0.22112471562499997 0.7433646359375 0.22112471562499997 0.7459330875 0.208098915625 0.6272720374999999 0.0408205015625 0.506670328125 0.20999926875 0.50501523125 0.2176968671875 0.5060426312499999 0.22455253125 0.512720490625 0.2334649265625
0 0.6152510640625 0.0350373421875 0.6239837234375 0.029552807812499998 0.6347710875 0.0364084703125 0.737507871875 0.177635346875 0.74469943125 0.1748930890625 0.7472678828125 0.1652951359375 0.7441857781250001 0.160496175 0.7395626234375 0.15295492500000002 0.6322026359375 0.00007340937500000001 0.6167921171875 0 0.499733159375 0.1740287578125 0.5022406171875 0.1844910109375 0.51302798125 0.189975559375 0.6152510640625 0.0350373421875
0 0.707406740625 0.85318545 0.7156257 0.8477009000000001 0.7135709484375 0.8339895437499999 0.61134781875 0.7057884671875 0.605183609375 0.7140152750000001 0.60210150625 0.7201853796875 0.503987878125 0.8230204765625 0.503987878125 0.8291905828124999 0.509124734375 0.83467513125 0.59850575 0.7386956984374999 0.610320465625 0.7366389953125 0.6241899328125 0.74418023125 0.707406740625 0.85318545
0 0.596758440625 0.6907918421875 0.6101142562499999 0.68530729375 0.61936056875 0.6866784390625 0.710282634375 0.8039104484375 0.7174741953125 0.8025393031249999 0.7215836515625 0.795683640625 0.6121689609375001 0.649657803125 0.5035871421875 0.77422243125 0.5058363734375 0.78471454375 0.51251428125 0.788142390625 0.596758440625 0.6907918421875
0 0.601381596875 0.6360298046875 0.6121689609375001 0.6312308453125001 0.623470025 0.6367153625 0.7138783921875 0.753947371875 0.7210699984375 0.7518906703125 0.7256931546875001 0.7422927484375 0.6147374125 0.5962669109375 0.5012132171875 0.7285813921875001 0.504295321875 0.740236046875 0.5114869296875 0.7457205640625 0.601381596875 0.6360298046875
0 0.6075458046875 0.579813296875 0.6157647640625 0.5763854484375 0.6244973765624999 0.57775659375 0.7174741953125 0.699787565625 0.723638403125 0.699787565625 0.7256931546875001 0.6895040546875 0.6157647640625 0.54347821875 0.5028163453125 0.673505 0.5037816687500001 0.6812772484375 0.5099458765625 0.6922463140625 0.6075458046875 0.579813296875
0 0.6049774 0.525051259375 0.6142237125000001 0.5209378546875 0.6250110765625 0.5216234109375 0.7200426 0.6477678171875 0.7262068078125 0.6443400015625 0.7292889109375 0.63542760625 0.6188468687500001 0.4832316625 0.5020455484374999 0.6210908265625 0.5027542703125001 0.631999790625 0.5099458765625 0.638855421875 0.6049774 0.525051259375
0 0.6034363484374999 0.465406903125 0.6101142562499999 0.45923679687499996 0.6167921171875 0.45649453749999996 0.6250110765625 0.4571800953125 0.7215836515625 0.58195335625 0.728775259375 0.578525509375 0.7339120671875 0.5737265484375 0.6188468687500001 0.42015945937500004 0.504295321875 0.56275745 0.5073774249999999 0.571669846875 0.51251428125 0.5778399515625 0.6034363484374999 0.465406903125
0 0.6039500484375 0.4050769890625 0.6116553078125 0.400277996875 0.623470025 0.398906884375 0.6322026359375 0.4037058453125 0.7226110515624999 0.52299455625 0.7292889109375 0.5209378546875 0.7339120671875 0.5140821921875001 0.6198742203125 0.3584584015625 0.5074411249999999 0.502902003125 0.5068637734375 0.512711046875 0.5140553328124999 0.5140821921875001 0.6039500484375 0.4050769890625
0 0.617305815625 0.3359180390625 0.6280931796875 0.337289184375 0.723124703125 0.46891810781250004 0.72723420625 0.4661758171875 0.7359668187499999 0.45452119375000005 0.621928971875 0.298211846875 0.5181647890625001 0.431211884375 0.505322721875 0.4490366453125 0.5140553328124999 0.4620624140625 0.6080595046874999 0.344144846875 0.617305815625 0.3359180390625
0 0.6157647640625 0.27558812499999996 0.6250110765625 0.272160278125 0.6337436890625 0.279015940625 0.7262068078125 0.4058459046875 0.732371015625 0.4003613546875 0.73545311875 0.3948768375 0.6239837234375 0.237881903125 0.6142237125000001 0.24885100000000002 0.50589953125 0.3919072828125 0.5068637734375 0.40241805781249995 0.516110084375 0.40516034687499997 0.6157647640625 0.27558812499999996
0 0.6147374125 0.213970425 0.6265521281249999 0.213970425 0.6368257921875 0.2221972328125 0.7267205078125001 0.342857059375 0.732884715625 0.3414859453125 0.7400762750000001 0.33463025156250004 0.6286068796875 0.170779684375 0.516110084375 0.3188622234375 0.50589953125 0.3322990078125 0.509432178125 0.3401148 0.5150826859375 0.34491376093750004 0.6147374125 0.213970425
0 0.6121689609375001 0.1584394734375 0.622956325 0.1460992609375 0.6322026359375 0.1481559640625 0.7308299640625 0.2880116953125 0.7400762750000001 0.2852694046875 0.741617328125 0.27292919375 0.627065828125 0.11044974062499999 0.50589953125 0.2706352734375 0.5068637734375 0.2845838484375 0.5155963859375 0.290068396875 0.6121689609375001 0.1584394734375
0 0.8422994062500001 0.7212578984375 0.8546278218750001 0.7192011968750001 0.8649014859375 0.7240001578124999 0.946577240625 0.839861053125 0.9568509531249999 0.8371187640625 0.9553098999999999 0.82889195625 0.8566825734375 0.689721796875 0.73648051875 0.806268234375 0.7303163109375 0.8069538234375001 0.7302013625 0.8101929421875 0.727747859375 0.8165517453125 0.7318573625 0.8234074390625 0.737507871875 0.8220362937499999 0.8422994062500001 0.7212578984375
0 0.8479499140625 0.6760938140625 0.8561688734375 0.6685525625000001 0.8674699374999999 0.671294853125 0.9568509531249999 0.797439228125 0.9625015078124999 0.797439228125 0.9671246640625 0.791269121875 0.9676383156249999 0.7830423140625 0.8607920765625 0.631531928125 0.730972159375 0.7690837875 0.732884715625 0.78030005625 0.7380215703124999 0.7857845734375 0.8479499140625 0.6760938140625
0 0.8520594171875 0.6150783125 0.8607920765625 0.60753709375 0.870552040625 0.6116504968750001 0.960446709375 0.7357381703125 0.9614741078125 0.737794871875 0.9696930203124999 0.7364237265625 0.9712340734374999 0.7261402171875 0.8638741812499999 0.5705164578125 0.7313436624999999 0.711057746875 0.732884715625 0.7227124015624999 0.740589975 0.7275113625 0.8520594171875 0.6150783125
0 0.850004665625 0.550032796875 0.8618193828124999 0.5404348437500001 0.8777436484375001 0.5418059890625 0.968665715625 0.6686359203125 0.9758572296875 0.6645225171875 0.977912028125 0.6562957093749999 0.867983590625 0.5054709109375 0.737507871875 0.6412132390624999 0.7380215703124999 0.6542390078125 0.74572683125 0.6610947015625 0.850004665625 0.550032796875
0 0.850518365625 0.48490389218749996 0.8613057296875001 0.4725636796875 0.8782573015624999 0.4746203828125 0.9696930203124999 0.6076204515625 0.9748299234375001 0.6021359015625001 0.97739828125 0.59253795 0.8700383890625 0.4362286015625 0.7402217203125 0.576898484375 0.7395626234375 0.59253795 0.748808934375 0.59939364375 0.850518365625 0.48490389218749996
0 0.8561688734375 0.42251726093749997 0.8643878328125 0.4163471546875 0.8736341453125 0.414290453125 0.968665715625 0.550032796875 0.97739828125 0.549347209375 0.9794530796875 0.5383781421875 0.867983590625 0.3786409484375 0.7390489234375 0.5267234875 0.7390489234375 0.537006996875 0.74521313125 0.5452338046875 0.8561688734375 0.42251726093749997
0 0.8530867703125 0.3608995765625 0.8597646781250001 0.3540438828125 0.8741477984375001 0.35267276875000003 0.9630151609375 0.48430169218749997 0.9671246640625 0.48567280625000003 0.9732888718750001 0.48498725 0.977912028125 0.4760748859375 0.8690109890625 0.316337690625 0.7371385328125 0.4669314921875 0.7400762750000001 0.475389296875 0.7467541828125001 0.48087384687499996 0.8530867703125 0.3608995765625
0 0.8546278218750001 0.295770671875 0.8664425375 0.2902861234375 0.8787709546875 0.295770671875 0.96815196875 0.42465733749999995 0.9758572296875 0.4191727875 0.9784256796875 0.41368823906249996 0.8690109890625 0.25257993125 0.7431583796875 0.3999769140625 0.7363677359375 0.40937867499999997 0.73648051875 0.4191727875 0.7441857781250001 0.4232861921875 0.8546278218750001 0.295770671875
0 0.8566825734375 0.2340696140625 0.8664425375 0.22789950781249999 0.8736341453125 0.22789950781249999 0.880825753125 0.2347551703125 0.968665715625 0.361585134375 0.9753435765624999 0.36295627812500003 0.980480384375 0.35198718125 0.883394109375 0.19773453593749998 0.8731204921875 0.18745102656249998 0.7371385328125 0.3446317546875 0.7369941718749999 0.35198718125 0.7436720796875 0.3608995765625 0.8566825734375 0.2340696140625
0 0.761651003125 0.2824437875 0.8643878328125 0.1576705265625 0.8777436484375001 0.1610983734375 0.8988046296875 0.1871499265625 0.968665715625 0.29409844218750003 0.980480384375 0.285186046875 0.9743161765625 0.27558812499999996 0.8731204921875 0.1165364890625 0.7431583796875 0.27353142343750003 0.740589975 0.2879283375 0.7503499859375 0.29067059687499996 0.761651003125 0.2824437875
0 0.74521313125 0.2296550953125 0.850518365625 0.098026171875 0.8638741812499999 0.09459833906250001 0.872606746875 0.0939127671875 0.8777436484375001 0.09459833906250001 0.8818530578124999 0.10488185000000001 0.8782573015624999 0.11585093125000001 0.959419403125 0.2344540875 0.9655836125 0.22828398125 0.968665715625 0.218686028125 0.8602783296875 0.058948834375 0.74638809375 0.20691608281249999 0.7441857781250001 0.21525818124999999 0.7369941718749999 0.22554169062499999 0.74521313125 0.2296550953125
0 0.8433267578124999 0.81518063125 0.8556551750000001 0.8199795906249999 0.896749925 0.878938390625 0.9208931046875 0.8816806500000001 0.850004665625 0.7850156593750001 0.7625748234375 0.8667180328124999 0.7806573265625001 0.8700259953125 0.83253939375 0.82272185 0.8433267578124999 0.81518063125
0 0.8607920765625 0.859056928125 0.872606746875 0.8775672453125001 0.8988046296875 0.8775672453125001 0.8546278218750001 0.8254641406250001 0.8088226234375 0.8698012187499999 0.8304846906250001 0.86865488125 0.8464088625 0.8563146703125 0.8607920765625 0.859056928125
0 0.60312890625 0.7842442390625 0.6180257250000001 0.7897287734375 0.6750446484375 0.8596566390625 0.6955920250000001 0.86445563125 0.6092931140625 0.7540792828125 0.5267110421875 0.8482189124999999 0.538404721875 0.8521154187500001 0.5949099453125 0.7931566203125 0.60312890625 0.7842442390625
0 0.6111416078125 0.8350620624999999 0.6306615843750001 0.854943525 0.64812685625 0.8583713718749999 0.6070321515625 0.809010525 0.566021671875 0.852329828125 0.5818616203125 0.8542579671875 0.602408996875 0.8364332078125001 0.6111416078125 0.8350620624999999
0 0.8566825734375 0.7356548125 0.8479499140625 0.7260568593750001 0.8422994062500001 0.7260568593750001 0.7426447265625 0.8309486578125 0.728775259375 0.8343765046874999 0.6361641687499999 0.7135864265625 0.6280931796875 0.713031090625 0.6239837234375 0.7171444953125 0.7298026109375 0.8583713718749999 0.8566825734375 0.7356548125
0 0.8618193828124999 0.6805083328125 0.8618193828124999 0.672281525 0.855141521875 0.6702248234375 0.8541141218750001 0.6709103796875 0.740589975 0.7854001312500001 0.7344257671875 0.7833434296874999 0.7246657562500001 0.775116621875 0.7046320796875001 0.74563720625 0.636934965625 0.6550058796875 0.6244973765624999 0.6578846125 0.6265521281249999 0.6674825328125 0.733398415625 0.8107661109375 0.8618193828124999 0.6805083328125
0 0.8690109890625 0.6201783890625 0.8613057296875001 0.61195158125 0.8530867703125 0.609894878125 0.8422994062500001 0.6263484953125 0.74572683125 0.7230134859375 0.7344257671875 0.7271268890625 0.7220973515625 0.7141011203125001 0.636934965625 0.5995085203125 0.6306615843750001 0.598240240625 0.6280931796875 0.6112660234375 0.7395626234375 0.7572918609375 0.8690109890625 0.6201783890625
0 0.737507871875 0.700473121875 0.8741477984375001 0.557189575 0.8659288859375 0.548277178125 0.859250978125 0.5462204765625 0.8525730703125 0.55033388125 0.7441857781250001 0.6682514796875 0.7344257671875 0.6668803343749999 0.7318573625 0.6620813734375 0.719528946875 0.647684459375 0.6347710875 0.5366225546875001 0.62757948125 0.53799366875 0.626038428125 0.547591621875 0.6342573875 0.5619885359375 0.737507871875 0.700473121875
0 0.7385352234375 0.6377853921875001 0.876202596875 0.4917595546875 0.8690109890625 0.482847190625 0.8638741812499999 0.48147604531250005 0.8577099265625 0.48353274687500003 0.74469943125 0.603507046875 0.733398415625 0.60556375 0.7210699984375 0.589795690625 0.635393371875 0.47720878125 0.6306615843750001 0.4794193421875 0.6280931796875 0.4862750375 0.6291205328125 0.4924451421875 0.7385352234375 0.6377853921875001
0 0.8731204921875 0.4348574890625 0.8695246421875 0.423888390625 0.8618193828124999 0.4190894296875 0.7508636390625 0.5404348437500001 0.741103675 0.5486616515625 0.732371015625 0.542491546875 0.635798440625 0.414290453125 0.6286068796875 0.41840385781249995 0.6286068796875 0.42800179531250004 0.737507871875 0.5801977375 0.8731204921875 0.4348574890625
0 0.7385352234375 0.5172089234375 0.7642194546875001 0.4904717984375 0.87209309375 0.3704974984375 0.870552040625 0.362270690625 0.8638741812499999 0.35952843125 0.8597646781250001 0.35747172968749996 0.748295234375 0.48224499062500004 0.7349394671875 0.487729509375 0.728261559375 0.4760748859375 0.6373394921875 0.35267276875000003 0.6286068796875 0.35267276875000003 0.6291205328125 0.36295627812500003 0.6342573875 0.3732397890625 0.7385352234375 0.5172089234375
0 0.741103675 0.46039021562500004 0.8700383890625 0.3123076453125 0.872606746875 0.3027096921875 0.8649014859375 0.297225175 0.85154571875 0.30613753906249996 0.7513773390625 0.42542628281250006 0.741103675 0.4219984046875 0.728775259375 0.41514274218749997 0.6450447515625 0.2965395859375 0.640018153125 0.29221758124999997 0.6342573875 0.2951684734375 0.6322026359375 0.299967434375 0.6327163359375 0.307508684375 0.741103675 0.46039021562500004
0 0.7385352234375 0.39731798125 0.74572683125 0.396632425 0.7585689 0.38154995468749997 0.880825753125 0.2389519328125 0.8731204921875 0.2293540109375 0.8649014859375 0.227297309375 0.8556551750000001 0.2368952296875 0.752918390625 0.35892623281249997 0.741617328125 0.360982934375 0.7308299640625 0.35001383750000004 0.6399078968749999 0.2286684234375 0.6332300359375 0.2314107125 0.6322026359375 0.23758081875 0.631688984375 0.24649318281250002 0.7385352234375 0.39731798125
0 0.741617328125 0.33668695312499997 0.7554867953125 0.3250323296875 0.8839078562499999 0.1721507984375 0.8823668046875 0.1646095796875 0.876202596875 0.160496175 0.8690109890625 0.160496175 0.7560004953125 0.296924059375 0.7477815359375 0.29966631875 0.7390489234375 0.2976096171875 0.7339120671875 0.2934962125 0.727747859375 0.2845838484375 0.638476559375 0.1616960109375 0.6342573875 0.1673518375 0.631688984375 0.1748930890625 0.631688984375 0.18380545312500002 0.741617328125 0.33668695312499997
0 0.63014793125 0.1090786265625 0.7436720796875 0.276357040625 0.8818530578124999 0.10427963437500001 0.8813394046875 0.09673841562499999 0.8746615453125001 0.091253865625 0.8649014859375 0.09673841562499999 0.7642194546875001 0.2249394921875 0.7549731421875 0.23727970312500002 0.740589975 0.24207866406249998 0.6446429328125001 0.0979768203125 0.6368257921875 0.0987951171875 0.6337436890625 0.10153737656249999 0.63014793125 0.1090786265625
0 0.6046699578125 0.760934946875 0.606211009375 0.7499658796875 0.59799205 0.745852475 0.538404721875 0.81235249375 0.503987878125 0.8425174671875 0.479844746875 0.8370329171875 0.3976552921875 0.7362545234375 0.3894363328125 0.7437957734375 0.46700263125 0.8438885953125 0.52093945 0.8514298312499999 0.6046699578125 0.760934946875
0 0.6015878531250001 0.7185131515625 0.6082657140625 0.7034306499999999 0.601074153125 0.6965749875 0.5527878421875 0.747306978125 0.5111794390625 0.7980389390625 0.4906321109375 0.799410084375 0.4038195 0.6917760109375 0.396114240625 0.68766260625 0.389509234375 0.69817049375 0.48652260781249995 0.81723484375 0.4921731625 0.8357451625 0.6015878531250001 0.7185131515625
0 0.6041562578125 0.6568954515625001 0.610320465625 0.645926353125 0.6015878531250001 0.6376995453125 0.5168299937499999 0.7384779406249999 0.5070699828125 0.74807589375 0.493200515625 0.7467047484375 0.4808720984375 0.730936721875 0.3976552921875 0.6308438828125 0.39200478437499997 0.6294727375 0.390977384375 0.6411273921875 0.4716257875 0.74876145 0.49782367031249997 0.7775552765625 0.6041562578125 0.6568954515625001
0 0.5322405140625001 0.68911709375 0.6098067656249999 0.5958799499999999 0.6139162687499999 0.5890242875 0.6118615171874999 0.58285418125 0.6041562578125 0.5807974796875001 0.5147752421875 0.685003690625 0.5101520875000001 0.691173796875 0.4983373703125 0.6973439015625 0.4896047109375 0.691859384375 0.40125109531250003 0.578740778125 0.39354583593750003 0.5739417859375 0.3879676421875 0.5840925859375 0.42796263124999995 0.6431840953125 0.49782367031249997 0.7268233171875 0.5322405140625001 0.68911709375
0 0.6118615171874999 0.5403489984375 0.6128888703125 0.539663425 0.6134025703125 0.5300654890625001 0.6072383625 0.525952084375 0.6015878531250001 0.5300654890625001 0.5111794390625 0.6376995453125 0.5075836828125 0.6404418359374999 0.49679631874999997 0.6431840953125 0.4906321109375 0.6404418359374999 0.3981689921875 0.5245809390625 0.3925184359375 0.5225242375 0.389509234375 0.5275674968749999 0.49371421406250005 0.6671789609375 0.499878421875 0.6726634781249999 0.6118615171874999 0.5403489984375
0 0.6180257250000001 0.4728622921875 0.6134025703125 0.46326435468750005 0.6046699578125 0.46326435468750005 0.513747890625 0.5736407015625 0.508611034375 0.581867509375 0.493200515625 0.5832386234375 0.40433320000000006 0.4735478640625 0.395600540625 0.4605220796875 0.38995003125 0.4605220796875 0.3871968453125 0.47309786562499995 0.49936472343749994 0.617517 0.614429921875 0.47834682500000003 0.6180257250000001 0.4728622921875
0 0.6180257250000001 0.416729125 0.615457321875 0.40644561562500003 0.6092931140625 0.4043889125 0.5193983984375 0.5154508171875001 0.513747890625 0.5243632140625001 0.4983373703125 0.532590021875 0.40741530312499996 0.4153580109375 0.40073739531249997 0.4043889125 0.3925184359375 0.4050745015625 0.391821625 0.4165727765625 0.4983373703125 0.5627549625 0.615457321875 0.42152811718749994 0.6180257250000001 0.416729125
0 0.614943621875 0.3622682015625 0.6159709734375001 0.3554125390625 0.6123752171875 0.34787128906250003 0.606211009375 0.349927990625 0.5122068390625001 0.4657888875 0.5024468265625 0.46647444374999997 0.4906321109375 0.4644177421875 0.402792146875 0.3540413953125 0.395600540625 0.3485568765625 0.3879676421875 0.355936771875 0.493200515625 0.49801052968750004 0.501419475 0.5062373375 0.614943621875 0.3622682015625
0 0.6211078296875 0.292724809375 0.6175120265625 0.2824413 0.61134781875 0.2824413 0.5168299937499999 0.405843415625 0.5060426312499999 0.4106423765625 0.4942278671875 0.4106423765625 0.40073739531249997 0.2844980015625 0.3950868875 0.285183559375 0.39105082812499997 0.2911898515625 0.4952552671875 0.4339516859375 0.5024468265625 0.4442351953125 0.6211078296875 0.292724809375
0 0.618539425 0.225923675 0.6128888703125 0.221810271875 0.5445689296875 0.3109340125 0.518371046875 0.34109898437499997 0.504501578125 0.354810340625 0.49165946250000003 0.347954646875 0.3976552921875 0.22523811875000002 0.3889226796875 0.22729482031249998 0.38565525156249997 0.23569249218750002 0.5019331265625 0.394573234375 0.6216215296875001 0.234836040625 0.618539425 0.225923675
0 0.6036425578125 0.20192880937500002 0.6200804765625 0.1676504640625 0.6200804765625 0.1628514734375 0.610320465625 0.1601092140625 0.5235078546875 0.282140184375 0.513234190625 0.294480396875 0.5003920749999999 0.2958515421875 0.49114576249999997 0.288995878125 0.3976552921875 0.1628514734375 0.3930321359375 0.1635370609375 0.3864260484375 0.1699178421875 0.387381628125 0.1772483859375 0.5019331265625 0.334928878125 0.6036425578125 0.20192880937500002
0 0.5111794390625 0.23209378125 0.49576891874999995 0.23209378125 0.3950868875 0.09840815625 0.386867928125 0.1018359875 0.38019002031250004 0.10800609218749999 0.5034741796875 0.275284521875 0.62316258125 0.10663496406249999 0.6211078296875 0.096351453125 0.6130402687500001 0.0897549890625 0.61134781875 0.0901813484375 0.5420004781250001 0.19644429218749998 0.5111794390625 0.23209378125
0 0.3688007625 0.7092834984375 0.3754786234375 0.6948865843750001 0.365204959375 0.6907731796875 0.292775515625 0.7812680656250001 0.273255540625 0.7901804296875 0.1771966171875 0.6839174859375 0.1694913578125 0.6825463734375 0.17000505625 0.6928298828125 0.2712007875 0.8134897078125001 0.2804471 0.8134897078125001 0.3688007625 0.7092834984375
0 0.2884630515625 0.7572918609375 0.37989881875 0.6400598515625 0.3675704015625 0.6345753015625 0.2874356984375 0.7339825828125 0.276648334375 0.7408382453125 0.26534727187499996 0.7339825828125 0.17237047656249999 0.6277196390625 0.16517889218749998 0.63183304375 0.16620626875 0.6400598515625 0.27305253125 0.76551866875 0.2884630515625 0.7572918609375
0 0.37938511875 0.585900028125 0.37065250625 0.57835879375 0.367056703125 0.57904435 0.2802441390625 0.688735140625 0.26483361875 0.6811938890625 0.1759985578125 0.5748430265625 0.1677473203125 0.5701319859375 0.1620967890625 0.57904435 0.27562098281249997 0.7175289671875 0.37938511875 0.585900028125
0 0.3757893625 0.5366225546875001 0.3691114546875 0.52428234375 0.362947246875 0.5256534578125 0.2833262421875 0.6326019578125 0.27099782656250004 0.6394576515625 0.256100959375 0.6257462953124999 0.1698020484375 0.5215400531250001 0.163637840625 0.5215400531250001 0.1605557359375 0.5304524500000001 0.27407993125 0.6682514796875 0.3757893625 0.5366225546875001
0 0.268429375 0.6175194875 0.3727072578125 0.48383386249999993 0.3685977546875 0.47217920781249995 0.362947246875 0.47149365000000004 0.2792167390625 0.5832411125 0.269970428125 0.5900968062499999 0.2581557109375 0.5791277078125 0.16520740312499999 0.467959221875 0.159528384375 0.46669467343750004 0.154391528125 0.4728647796875 0.1600420609375 0.48314828906249996 0.268429375 0.6175194875
0 0.276648334375 0.5589451609375 0.37989881875 0.42251726093749997 0.3732209109375 0.41086262187499994 0.3680841015625 0.4094914765625 0.28538094687500004 0.5212389703125 0.27356623125 0.529465778125 0.2596967625 0.5191822671875 0.1769936328125 0.41086262187499994 0.16723364375 0.40880592031249996 0.1610694359375 0.41223375156250003 0.168260996875 0.42868738281249996 0.276648334375 0.5589451609375
0 0.27562098281249997 0.5007553078125 0.37938511875 0.3608995765625 0.37373460937499997 0.3506160671875 0.36602935 0.3499304796875 0.28949045 0.460992384375 0.2761346359375 0.47127589375 0.251477803125 0.45208001875 0.1744252046875 0.354729471875 0.16569259218750002 0.3499304796875 0.1615831125 0.356100584375 0.16312416406250002 0.3643273921875 0.27562098281249997 0.5007553078125
0 0.36654305 0.3204510953125 0.3732209109375 0.3108531421875 0.3752756625 0.296456228125 0.36551564999999997 0.295085115625 0.29514095937499996 0.395177921875 0.2745935828125 0.41574494062499995 0.2576420109375 0.41026042343749997 0.1713431 0.2971418171875 0.1605557359375 0.2943995265625 0.153877853125 0.3005696328125 0.15904103125 0.3076335140625 0.16312416406250002 0.315652134375 0.2715114796875 0.454822278125 0.36654305 0.3204510953125
0 0.378357765625 0.2440520078125 0.3763030140625 0.2337684984375 0.3680841015625 0.23239738437500002 0.286408346875 0.3489438078125 0.27562098281249997 0.3592273171875 0.261751515625 0.3557995015625 0.1615831125 0.2337684984375 0.154391528125 0.2426808953125 0.1600420609375 0.2536499609375 0.27356623125 0.3893922890625 0.378357765625 0.2440520078125
0 0.2715114796875 0.3331757796875 0.28281254375 0.318778865625 0.37424830937500003 0.18303652343750001 0.377844065625 0.1775519890625 0.3757893625 0.168639609375 0.36551564999999997 0.16658290781250001 0.29051780312500003 0.27695923906250003 0.2848672953125 0.2927272984375 0.2668883234375 0.3030108078125 0.1749389046875 0.18852105624999999 0.16569259218750002 0.1844076515625 0.1564462796875 0.1768664171875 0.153877853125 0.1864643546875 0.16312416406250002 0.1967478640625 0.2715114796875 0.3331757796875
0 0.3547282859375 0.1137942296875 0.272538878125 0.2392530484375 0.2627788671875 0.24542315312500002 0.25096415156249996 0.24130975000000002 0.247368346875 0.2399386046875 0.153877853125 0.11310865781249999 0.1441178640625 0.1137942296875 0.1413127078125 0.12161458437499999 0.265860971875 0.28175823125 0.37065250625 0.1192787625 0.3639745984375 0.111737528125 0.3547282859375 0.1137942296875
0 0.170518709375 0.768927853125 0.22240082499999997 0.827201065625 0.2455166046875 0.8292577671875 0.1684640046875 0.741505140625 0.1151056203125 0.8132761296875 0.123259796875 0.821030959375 0.15408083749999998 0.7792113640625 0.170518709375 0.768927853125