0 0.2142806578125 0.121629928125 0.22431118125 0.1256094625 0.31097428125 0.2491317875 0.32102903125000004 0.23234493125000003 0.217096834375 0.081543459375 0.10827507031250001 0.21905338593749998 0.11885876875000001 0.2305968203125 0.2142806578125 0.121629928125
0 0.20614746875 0.2598888078125 0.21782993281250002 0.2606935125 0.3063487296875 0.3793808625 0.314125675 0.3640116328125 0.2121462359375 0.22129714531250003 0.10438922343749998 0.3617472921875 0.1085982328125 0.375904271875 0.20614746875 0.2598888078125
0 0.104016078125 0.43037881406249995 0.1133213828125 0.45055211875 0.2092114015625 0.33434266562500004 0.21909153125 0.3326913078125 0.308432675 0.448106846875 0.314972475 0.43596095 0.2137693 0.3006344828125 0.108089946875 0.4333754640625 0.104016078125 0.43037881406249995
0 0.21819661406250002 0.3982622953125 0.23173477187499997 0.394232021875 0.3082484234375 0.4907463765625 0.31777436875 0.4851242734375 0.220348178125 0.3704473828125 0.1350587265625 0.481972853125 0.14112557812499998 0.491412428125 0.21819661406250002 0.3982622953125
0 0.41554572656250005 0.2060693609375 0.320832175 0.3229776984375 0.3114202078125 0.317386496875 0.22523982031249998 0.19335929999999998 0.215978659375 0.2066531390625 0.3137102390625 0.3535794109375 0.41973019999999994 0.22339856875000003 0.41554572656250005 0.2060693609375
0 0.32569093125 0.30053128125 0.4155845046875 0.1920406359375 0.4125158546875 0.1793325515625 0.3392993359375 0.26507473125000003 0.330874696875 0.2685802796875 0.3189132453125 0.2666202734375 0.24875021875 0.16635790156250002 0.2424939234375 0.17567067187500002 0.32569093125 0.30053128125
0 0.44635555 0.044174209375 0.45458373906249994 0.04569768125 0.5325893374999999 0.160910353125 0.5408708953125 0.155142765625 0.4602720859375 0.02334828125 0.4536763171875 0.0211303140625 0.442967796875 0.02063155625 0.3432571484375 0.14579611718750002 0.34845940625 0.159587746875 0.4353814265625 0.05131095 0.44635555 0.044174209375
0 0.44009729843749995 0.12258997812500001 0.4496378296875 0.1237055625 0.5247470328125 0.2419475484375 0.5348163328125 0.2318983765625 0.4472798765625 0.0880660453125 0.34374144218749997 0.2151691125 0.34916305937500003 0.22927498750000003 0.44009729843749995 0.12258997812500001
0 0.42394162812499997 0.32303251875 0.4367268796875 0.3245275125 0.5095569531249999 0.42675991875 0.516099009375 0.4145487859375 0.43060829375000004 0.2863255453125 0.330155840625 0.41174994218750005 0.333157596875 0.42872136562499996 0.42394162812499997 0.32303251875
0 0.41886976093749995 0.2763022140625 0.428697525 0.27841259375 0.45422035312500003 0.3140775453125 0.46603774531250003 0.305847453125 0.42425087499999997 0.24713444999999998 0.33643053125 0.3550922328125 0.34000696874999997 0.3670447375 0.41886976093749995 0.2763022140625
0 0.409195734375 0.29055011406250003 0.32709092968750003 0.387161296875 0.3034581609375 0.3771889453125 0.243625234375 0.2923359984375 0.2407035515625 0.2968873546875 0.3216454359375 0.41391855 0.41011167187500003 0.3036333203125 0.409195734375 0.29055011406250003
0 0.4062405 0.34691491406249997 0.31362256875 0.45286996406249996 0.29828692343749996 0.44867370624999997 0.217566815625 0.3373486140625 0.208467409375 0.3456435953125 0.3088936390625 0.48259455156250003 0.4134265140625 0.35880890781249997 0.4062405 0.34691491406249997
0 0.33317432187499996 0.46380689375 0.33580159374999996 0.47468720312499996 0.41537469062500004 0.38402772500000004 0.427391490625 0.385913446875 0.45119049375 0.41801266875 0.4577575875 0.4173387703125 0.49450175625000004 0.47017556718750003 0.49934502812500003 0.46593592968750003 0.42205382187499996 0.3530893421875 0.33317432187499996 0.46380689375
0 0.3170431484375 0.5120563781249999 0.30301721875 0.5104163109375001 0.22199872968749998 0.4038837984375 0.2190775875 0.40397358906249997 0.2112294859375 0.40995787031250003 0.2133211 0.41926127500000004 0.3078137890625 0.5424674109375001 0.411714153125 0.4230478015625 0.412004928125 0.4101406140625 0.40376347187499995 0.40615732187500003 0.3275345890625 0.50034195625 0.3170431484375 0.5120563781249999
0 0.145688053125 0.583039403125 0.216902396875 0.5033664203125 0.222043728125 0.498359746875 0.2331429203125 0.4975007390625 0.3001596828125 0.5890234640625 0.3052432296875 0.5818531484375 0.230426778125 0.4695752578125 0.14444276250000002 0.572109440625 0.145688053125 0.583039403125
0 0.23599126093749997 0.46375533750000003 0.3111096984375 0.5683038203125 0.4017708625 0.4671793015625 0.3968103265625 0.45754041562500003 0.326766678125 0.5382129953125 0.3200892640625 0.54519691875 0.306387715625 0.5461830296875 0.2391974609375 0.45462329375 0.23599126093749997 0.46375533750000003
0 0.3324151453125 0.5712264874999999 0.337741078125 0.577888453125 0.40053319531250003 0.5088777640625 0.40738396874999994 0.508384725 0.4561338109375 0.5774969421875 0.460533225 0.5732662578125 0.4049511953125 0.48868848125 0.33835061875 0.56501853125 0.3324151453125 0.5712264874999999
0 0.3055223046875 0.6465949421875 0.22270116875 0.5415771375 0.2198788203125 0.5382275 0.2121705296875 0.5351692953125 0.21097563125000002 0.5475393921875 0.30643582187499996 0.6760351453125 0.4093164625 0.5517511828125 0.4038749609375 0.5407619515625 0.3248349390625 0.636774753125 0.3155085953125 0.646899925 0.3055223046875 0.6465949421875
0 0.1979434265625 0.58785873125 0.2114884171875 0.5881484390625 0.2965987125 0.6955907828125001 0.30353707343749997 0.6864805046875 0.20525456250000002 0.5546351328125 0.10281944531250001 0.6884613890625 0.10671928593749999 0.6988389890625 0.1979434265625 0.58785873125
0 0.200212209375 0.6299671874999999 0.18870668906250002 0.639406165625 0.266776015625 0.7330840390625 0.299432471875 0.7778830343750001 0.413911865625 0.63813176875 0.4069287375 0.6265309109375 0.31947765 0.7383837734375 0.31227269999999996 0.74703144375 0.299631853125 0.7472788578125 0.200212209375 0.6299671874999999
0 0.3974499484375 0.5924133453125 0.40647995156250005 0.5926064734375001 0.48515703125 0.697139725 0.49385144218750004 0.6895289078125 0.4064239515625 0.566717546875 0.3083714453125 0.6885464328124999 0.3123234703125 0.6984987546875 0.3974499484375 0.5924133453125
0 0.4249834609375 0.5524955453125 0.4227986671875 0.549220475 0.41604666406249996 0.54627408125 0.4143130390625 0.5551302031249999 0.496593603125 0.6803593609374999 0.5955036578125 0.5620817046875 0.5884738765625 0.5534949890624999 0.5074745953125 0.652298303125 0.496688596875 0.650605721875 0.4249834609375 0.5524955453125
0 0.6146879265625 0.640246603125 0.60542675 0.6313989624999999 0.51409820625 0.7432297734375 0.5000145125000001 0.7394260859374999 0.4223686671875 0.6331947171875 0.41221984375 0.643316928125 0.5055641859375 0.7758789968750001 0.6146879265625 0.640246603125
0 0.1933814890625 0.7640942984375 0.199275946875 0.7634894203125 0.300063828125 0.8749218453125 0.30763415156249996 0.8632972343749999 0.201387940625 0.7331088703125 0.0999733953125 0.87080549375 0.10609817343750001 0.8798491109375 0.1933814890625 0.7640942984375
0 0.3097685375 0.8432722546875 0.40875499375 0.711199609375 0.4035744109375 0.6980840296874999 0.32079495625 0.8087576203125 0.3086406453125 0.8129442593749999 0.2185045703125 0.714835815625 0.20695242343750003 0.7272889515625 0.3097685375 0.8432722546875
0 0.398583459375 0.7828878734375 0.40855856875 0.7780150375 0.4781776875 0.869410678125 0.48304683125 0.8613525671875 0.40643335 0.7531782625 0.314143925 0.867910371875 0.3192768734375 0.8784381140624999 0.398583459375 0.7828878734375
0 0.5039253484375 0.8387742812500001 0.6026153828124999 0.7170199265625 0.596704121875 0.709858121875 0.5159714640625 0.8091239765625 0.5035449937500001 0.810259184375 0.43083134218749997 0.7124624671875 0.419795553125 0.7180740109375 0.5039253484375 0.8387742812500001
0 0.6825809828125 0.83818008125 0.7777291734375 0.724207678125 0.772617615625 0.718433503125 0.6905930765625 0.8097835796874999 0.6853361437500001 0.810463003125 0.6763471515624999 0.8046668171875 0.6179894046875 0.7137252359375 0.6140243828124999 0.7223204296875 0.6141343921875 0.7240587796875 0.6825809828125 0.83818008125
0 0.7894774703125 0.6440594703125 0.7975567203125 0.64672968125 0.8581216796875 0.7513019296875 0.8665029203125 0.7462427203125 0.7952115359375 0.6184162140625 0.6934325609374999 0.7363583874999999 0.698821871875 0.7477728765625 0.7894774703125 0.6440594703125
0 0.7044678671875 0.749812140625 0.6912994578125 0.7517233140624999 0.64480526875 0.6695022953125 0.63426160625 0.6816419734375 0.6874258265625001 0.7780155046874999 0.794090775 0.6597819031250001 0.7881738703125001 0.6500311953125 0.7044678671875 0.749812140625
0 0.58342579375 0.6058152515625 0.5894768640625 0.603934565625 0.6320190265625001 0.6762032703124999 0.6436289625 0.665913759375 0.5904293484375 0.577732190625 0.49526214218750003 0.6970128109375 0.50019514375 0.704357646875 0.58342579375 0.6058152515625
0 0.6791227359375 0.6660813734375 0.6045784578125 0.5568549328125 0.5984920078125 0.566927553125 0.6712504734375 0.685435434375 0.7662476515625001 0.575327690625 0.7587425203125 0.5679795078125001 0.6791227359375 0.6660813734375
0 0.8299201109375 0.6677535015625 0.8372406421875 0.663433025 0.7692581703125 0.5428953578125 0.675646053125 0.6548905625 0.6797490765624999 0.6609781546875 0.764092628125 0.561271778125 0.8299201109375 0.6677535015625
0 0.8227088984375 0.45251783593750006 0.7460456484375 0.5423379749999999 0.7337235703125 0.5426226296875 0.67529685625 0.4443396234375 0.6708042625 0.45459863125 0.7367585046875 0.57058536875 0.8275072828125 0.46084363906250003 0.8227088984375 0.45251783593750006
0 0.819411203125 0.45040674999999997 0.8263719859374999 0.45165205156250005 0.8816575671875 0.54654815 0.8869555359374999 0.54026566875 0.8271101 0.42456185625 0.7335871796875 0.5293122140625 0.7399368187500001 0.5420550265624999 0.819411203125 0.45040674999999997
0 0.33427491875 0.5174420093750001 0.3382735609375 0.5243801734375 0.41202126874999995 0.43723874531250007 0.42194977343750006 0.4353800859375 0.4856166453125 0.5252169906249999 0.491870878125 0.5190463265624999 0.420404321875 0.4084542375 0.4147820234375 0.41211054999999996 0.4148566140625 0.42204084999999997 0.33427491875 0.5174420093750001
0 0.6219720625 0.431161028125 0.5378838921875 0.52615218125 0.5266747171875 0.52527284375 0.4552193953125 0.419858553125 0.45077897343749995 0.42969228125000003 0.530984728125 0.5533846984374999 0.6263528859374999 0.44288898593750003 0.6219720625 0.431161028125
0 0.537775725 0.5006885015625 0.555662284375 0.49458393125000005 0.5677363859375 0.4778780953125 0.6367225203125 0.38474594375 0.631965146875 0.3708170875 0.544282859375 0.47401543281249997 0.531416434375 0.46819721562499994 0.464377278125 0.36631891250000004 0.46007355 0.3803084578125 0.537775725 0.5006885015625
0 0.6280744828125 0.31557776406250004 0.5485012765625 0.41066547187499997 0.5302679375 0.40378831562500006 0.46632331093749996 0.3083111 0.4596036859375 0.3155945 0.539596296875 0.4437026828125 0.63628051875 0.3277530125 0.6280744828125 0.31557776406250004
0 0.65216509375 0.34933231249999996 0.6623079703125 0.348361471875 0.724716565625 0.445815946875 0.733300965625 0.43646678281250006 0.6604791453125001 0.31320640312500003 0.56449044375 0.42805280156250003 0.5663264796874999 0.445412896875 0.65216509375 0.34933231249999996
0 0.8476201984375 0.345441959375 0.844201309375 0.3364147296875 0.762495528125 0.427802096875 0.7528280015625 0.4275343859375 0.7460126203125 0.41983549687500005 0.689707290625 0.32007506406249997 0.6876250984375 0.33967475625 0.7540659015625 0.4596007484375 0.8476201984375 0.345441959375
0 0.8525083734375001 0.276635221875 0.7694230984375 0.368724009375 0.76155819375 0.36694161406250003 0.697643396875 0.2606835421875 0.690090271875 0.2721992015625 0.7586030796875 0.396288078125 0.856356009375 0.2874380796875 0.8525083734375001 0.276635221875
0 0.8754278687499999 0.1662954578125 0.8714180562499999 0.1541795171875 0.790668540625 0.24567868750000002 0.7764804328125 0.2427255421875 0.7179492953125 0.126851696875 0.709944609375 0.134111784375 0.715712309375 0.14244326875 0.779004621875 0.28011878437500004 0.8754278687499999 0.1662954578125
0 0.80301553125 0.2833484578125 0.80939655 0.2866828375 0.8250051390625 0.2833314890625 0.8073123421874999 0.256243009375 0.74309974375 0.33155821875 0.7508053734375 0.33924964687500003 0.788264484375 0.2902510859375 0.80301553125 0.2833484578125
0 0.8355397874999999 0.3898183546875 0.8427783515625 0.396703984375 0.8956125703125 0.487862453125 0.90388385 0.48106491875 0.8401553875 0.36275018124999997 0.7495856453124999 0.47006787031249997 0.7532542656250001 0.48329481406249997 0.8355397874999999 0.3898183546875
0 0.6775234171875 0.15893969218749998 0.686657784375 0.1582822984375 0.7527108265625 0.27082959687499997 0.7594348171874999 0.260831509375 0.6828175296875 0.126343003125 0.5865187109375001 0.24146292187500001 0.590995046875 0.2553709859375 0.6775234171875 0.15893969218749998
0 0.6562029265625 0.12452504375 0.6616854421875 0.12991123124999998 0.666112840625 0.1386250078125 0.6755957703125001 0.12722405781249999 0.655393796875 0.0942343234375 0.5605363953125 0.1952995390625 0.5716125640625 0.21003547031249997 0.64563689375 0.126309171875 0.6562029265625 0.12452504375
0 0.6285820609375 0.24682487968750003 0.6401976125 0.23912427187500002 0.6643404281249999 0.2768885203125 0.6777698125 0.2728510125 0.6402403859375 0.20979588906250002 0.553259084375 0.3178213140625 0.5565213859375 0.328124365625 0.6285820609375 0.24682487968750003
0 0.644634628125 0.2505024671875 0.558337459375 0.35558824218749996 0.5473258515625 0.347830046875 0.47703560156249997 0.24082650156250002 0.4700562296875 0.255539821875 0.5514438875 0.385409659375 0.652359725 0.26132734062499996 0.644634628125 0.2505024671875
0 0.5393079609375 0.299872846875 0.527895596875 0.30328348125 0.46792723125 0.20438885624999997 0.467185284375 0.2051648609375 0.4612218046875 0.1984283109375 0.45588290468750003 0.210313853125 0.467780015625 0.2345677609375 0.475697140625 0.23592490000000002 0.53293075 0.3228526625 0.5922275703125 0.2586097734375 0.5752804984375001 0.257059478125 0.5393079609375 0.299872846875
0 0.5007000265625 0.6345367171875 0.4994116078125 0.639662984375 0.5046280359375 0.6481882953125 0.5851426125 0.548107159375 0.59131105625 0.5461899796874999 0.602802340625 0.5519310749999999 0.6665109953125 0.6424919 0.6713321390625 0.643495371875 0.5955259046875 0.517220090625 0.5007000265625 0.6345367171875
0 0.7017902796875 0.5564699734375 0.6917926953125 0.5654150062500001 0.682215071875 0.568252775 0.6303758562499999 0.48303755 0.6268830890625 0.4953816578125 0.6804174328125 0.5882707140625001 0.71155608125 0.565527265625 0.7017902796875 0.5564699734375