0 0.15460107812499999 0.4989830609375 0.3097726390625 0.3415295640625 0.34571311250000003 0.3080611890625 0.37195536093750003 0.31186441249999997 0.3924927734375 0.34457214375 0.5117238640624999 0.55298885 0.5191401515625 0.5545101390625 0.538536596875 0.542339821875 0.540248046875 0.5286482125 0.4409838875 0.3491360140625 0.3668210078125 0.22134766875 0.2510128203125 0.333923115625 0.1289293125 0.4624721046875 0.1300702796875 0.47844564843750004 0.1483257578125 0.4944191921875 0.15460107812499999 0.4989830609375
0 0.32175279687499997 0.5697230375 0.34628359531249997 0.5666804578125 0.35883423593749997 0.5750475515625 0.41759405625 0.6670855859375 0.49346838593750003 0.7750971640625 0.5111533796875001 0.772815228125 0.517999184375 0.75760233125 0.4854816140625 0.7043571875 0.39705664375 0.5689623921875 0.34628359531249997 0.485291453125 0.2789665203125 0.5560314296875 0.1614468828125 0.6746920359375 0.12493592656250001 0.7218520203125001 0.1329226984375 0.7385862078125001 0.148896240625 0.7469533015625001 0.32175279687499997 0.5697230375
0 0.149466725 0.670128165625 0.21221992968749998 0.6069946390625 0.33259198749999996 0.4860520984375 0.35769326874999996 0.4883340328125 0.3753782625 0.5111533796875001 0.5003141890625 0.7081604109375 0.5134353140625 0.70511783125 0.5225630531250001 0.6959900921875 0.5265564390625 0.68458041875 0.44383630468749996 0.5537494953125 0.3519884328125 0.40466309218749996 0.283530390625 0.46931790937500006 0.12493592656250001 0.6381810796875 0.1277883453125 0.653393978125 0.13349318125 0.6602397828125001 0.149466725 0.670128165625
0 0.31661844375000003 0.41683341093750004 0.339437790625 0.39705664375 0.359975203125 0.3978172875 0.3736668125 0.40770567187499995 0.43185614843750003 0.511914025 0.504307575 0.624489471875 0.5237040203125 0.6222075359375 0.5294088578125 0.603952059375 0.497461771875 0.543100465625 0.35883423593749997 0.3141463484375 0.3474245625 0.32327408750000003 0.1352046328125 0.5392972406250001 0.125506409375 0.5522282046875 0.1306407640625 0.575808196875 0.1506076921875 0.5864572265625 0.31661844375000003 0.41683341093750004
0 0 0.5111533796875001 0.0193964453125 0.489855321875 0.041645309375 0.489855321875 0.14547333906249998 0.6107978625 0.1660107515625 0.5879785156249999 0.16087639843749998 0.5788507765625 0.1528896265625 0.5864572265625 0.13178173124999998 0.5765688421874999 0.12265399218749999 0.555270784375 0.134063665625 0.5453824 0.0268127328125 0.4229185703125 0 0.457147590625 0 0.5111533796875001
0 0.031376603125 0.4229185703125 0.13178173124999998 0.5400578859375 0.15973543125 0.51571725 0.01597354375 0.354460528125 0.000570484375 0.37651923125 0 0.44117404843749997 0.013691607812500001 0.41911534531249994 0.031376603125 0.4229185703125
0 0.553369171875 0.8017197359375 0.726225728125 0.632856565625 0.7450516890625 0.629053340625 0.757031846875 0.6358991453125 0.8642827796875 0.829863596875 0.8819677734375 0.8214965031249999 0.88653164375 0.8093261843749999 0.751327009375 0.555270784375 0.5339727265625 0.765969425 0.531120309375 0.7789003875 0.5362546625 0.7948739312499999 0.553369171875 0.8017197359375
0 0.5567920749999999 0.721091375 0.60984705625 0.6708888109375 0.733642015625 0.5567920749999999 0.7507565265625 0.550706915625 0.7661595859375 0.5560314296875 0.7741463578125 0.575808196875 0.8716990671874999 0.764448134375 0.8813972906249999 0.7621662 0.8922364796875 0.7545597515625 0.8950888984375001 0.7408681421875001 0.767300553125 0.48072758281250005 0.7536089453125 0.4845308078125 0.705688315625 0.5278875671875001 0.6121289921875 0.616883021875 0.5391070796874999 0.682298484375 0.535684178125 0.70511783125 0.5425299828125 0.715006215625 0.5567920749999999 0.721091375
0 0.57447706875 0.6351384999999999 0.7444812062499999 0.47920629375 0.770152971875 0.4677966203125 0.7827036125 0.47464242343749996 0.8722695515625001 0.6876229984375 0.8848201921875001 0.6937081578125001 0.9002232515624999 0.686101709375 0.9059280875000001 0.673931390625 0.7941132859375 0.403902446875 0.784985546875 0.39325341875 0.690855740625 0.47768500312500006 0.594443996875 0.5666804578125 0.5573625578125 0.5925423859375 0.5522282046875 0.603952059375 0.558503525 0.6260107609375 0.57447706875 0.6351384999999999
0 0.5864572265625 0.5537494953125 0.7655891015625 0.39629599843749996 0.7815626453125 0.3856469703125 0.80038860625 0.39325341875 0.8078048953125 0.40998760624999997 0.8979413171875 0.625250115625 0.9127738921875 0.62296818125 0.922472115625 0.6092765734375 0.8049524765625 0.309582478125 0.702835896875 0.391732128125 0.5682017484374999 0.5111533796875001 0.563637878125 0.5225630531250001 0.5699131984375 0.54462175625 0.5864572265625 0.5537494953125
0 0.024751465625 0.351311134375 0.1253542 0.46788255625 0.1453150609375 0.44233265624999996 0.011178081250000001 0.28371035624999996 0.0007984343749999999 0.2975498859375 0.0011976515625 0.3571663203125 0.0075851265625 0.3491819765625 0.024751465625 0.351311134375