0 0.3388779140625 0.6282783859375 0.1704386296875 0.91027411875 0.16957935156249998 0.9297679609375 0.19116259375 0.9457365546875 0.3284340109375 0.7174210624999999 0.34843408125 0.701889734375 0.3716030265625 0.7052195390625 0.5449641062499999 0.8560895703125 0.554908090625 0.8560762859375 0.564711590625 0.8436953624999999 0.569184890625 0.8251825140625 0.3645804015625 0.6389537609375 0.3388779140625 0.6282783859375
0 0.53328353125 0.762432721875 0.5392203203125 0.7522079078125 0.5373637671875 0.734689390625 0.354050759375 0.545116159375 0.3335273015625 0.533627225 0.167318325 0.791716409375 0.173558296875 0.8127437546875 0.17815149218749998 0.8174427609375 0.19097274687500002 0.816977478125 0.31758149062499996 0.620536734375 0.32885869375 0.6110217296875 0.34875724375 0.6055729890625 0.3692103578125 0.6108781203125 0.5258131203125 0.7581857390625 0.53328353125 0.762432721875
0 0.5258286156249999 0.6644863125 0.3485227421875 0.47087203281249995 0.3334308515625 0.4554325125 0.321406365625 0.468936671875 0.1668923109375 0.6891196625 0.1593318953125 0.7163561390625001 0.1647494078125 0.7351432359375 0.178479434375 0.7322121375 0.319221809375 0.53664871875 0.3364149515625 0.5277531578125 0.3591698734375 0.53269671875 0.5062321953125 0.6838259875 0.5196888359375 0.6948762234375 0.52380808125 0.6895830390625 0.5258286156249999 0.6644863125
0 0.3388565515625 0.37414146718749997 0.15561961562499999 0.6158721046875 0.1589395578125 0.641678703125 0.17298203437499998 0.64721640625 0.29209703125 0.5015115375 0.31755989375000004 0.46576324218750004 0.3385389765625 0.45394991874999996 0.3573569453125 0.45486576875000007 0.4930717171875 0.6093262390625 0.5054581484375 0.6213189625 0.5186127609375 0.6184782515625 0.5215212640625 0.6017599234375 0.3388565515625 0.37414146718749997
0 0.541839821875 0.0721431234375 0.5286644046875 0.0858280515625 0.43383009687499996 0.1671159 0.4351347 0.17485784531249998 0.43833479999999997 0.1774525796875 0.532570184375 0.10612211875 0.548854609375 0.09969236406250001 0.5583742453125 0.1067149328125 0.59875985 0.21729875 0.6079670359375 0.21585247968750002 0.6103000703125 0.19922454843749998 0.5541768109375 0.06710777812499999 0.541839821875 0.0721431234375
0 0.559761978125 0.0259640015625 0.44261807500000006 0.129544109375 0.44219367500000006 0.1365799703125 0.44916349375 0.14613404218749998 0.5308152015625 0.0785210078125 0.5474432515625 0.0642937375 0.5629803453125 0.0618531609375 0.61043281875 0.1728756328125 0.6132996640624999 0.17784578125 0.622092825 0.17801326875 0.6246575921875 0.169092475 0.5726431546875 0.03710465 0.559761978125 0.0259640015625
0 0.3584387890625 0.2569914078125 0.3578135375 0.251091525 0.3568549828125 0.2442969390625 0.35157490468749997 0.2372341046875 0.34953358125 0.23597631406250003 0.26963425625 0.319241321875 0.2678147875 0.3245781453125 0.269411346875 0.3306411453125 0.273226496875 0.33288306093750003 0.281248475 0.32530917656249997 0.343148496875 0.26349717500000003 0.3535610734375 0.26722828125000003 0.399990465625 0.34075154531249996 0.40612293125 0.3401039375 0.40800821562499995 0.33538815781250003 0.3584387890625 0.2569914078125
0 0.27371586406250004 0.3397513484375 0.27493770624999997 0.34903009375 0.279662578125 0.34860359375 0.3386072859375 0.2904127171875 0.34629915312500004 0.29772808125 0.38658438125 0.36053597656249997 0.393758221875 0.3584620390625 0.3904993109375 0.34571500624999996 0.343469075 0.2710233578125 0.33068929375 0.27871321875 0.27371586406250004 0.3397513484375
0 0.34301902812499996 0.296033490625 0.337524521875 0.295949503125 0.3299430765625 0.300928671875 0.2759463421875 0.36612303125 0.27595679375 0.37665065625 0.281512865625 0.379566175 0.3302052859375 0.3214072828125 0.33540785 0.31648610625 0.3450593171875 0.3152857328125 0.3879994203125 0.3738883296875 0.3937985765625 0.3723460125 0.3931690765625 0.36865662499999996 0.34301902812499996 0.296033490625
0 0.36174795625 0.21845025312500002 0.3610855484375 0.2144503421875 0.3551016953125 0.207498059375 0.35024516875 0.20668248125000002 0.273897728125 0.289705246875 0.275284109375 0.30053658437499997 0.2778233015625 0.3042416953125 0.28074145625 0.30252054375 0.3515445234375 0.2279452375 0.40461592812499997 0.3146311953125 0.4098471703125 0.3122310171875 0.41189697187499996 0.30906783125000004 0.4095637296875 0.3028048671875 0.36210146249999997 0.226286946875 0.36174795625 0.21845025312500002
0 0.40801784531249996 0.2724642359375 0.3574973078125 0.200846365625 0.3618357875 0.1922726359375 0.36053965 0.1867938296875 0.35441991562499997 0.1808099640625 0.3517735 0.18059428125000002 0.279484296875 0.261401134375 0.27983355312499997 0.2714483171875 0.281265571875 0.2759587125 0.282002275 0.27615868906249996 0.3528339984375 0.20410438437499998 0.36172753125 0.21375650781250002 0.362813490625 0.2240036671875 0.404530740625 0.2913219734375 0.4123796984375 0.286616453125 0.41141688906249996 0.2820323546875 0.40801784531249996 0.2724642359375
0 0.4328410890625 0.21412780156250003 0.3616078640625 0.1113533640625 0.3548660765625 0.11525357031250001 0.34818162343750003 0.12419579843749999 0.2849630234375 0.20806183906250003 0.286921765625 0.2190546109375 0.292309046875 0.2226280109375 0.35283116875 0.14556368749999998 0.3595071421875 0.1410424375 0.36874248125000003 0.147168284375 0.381780240625 0.16216752031249998 0.4298932171875 0.23132236874999998 0.43465947812500005 0.2267854125 0.43497688281249997 0.218527646875 0.4328410890625 0.21412780156250003
0 0.3758684984375 0.117636903125 0.4305661734375 0.1949124125 0.43857969218750004 0.191759509375 0.43809457500000004 0.182680721875 0.43195464218749996 0.1697548734375 0.41416758124999997 0.150450625 0.3792484 0.102268596875 0.3576875984375 0.07661198125 0.2926168203125 0.1670183875 0.283977015625 0.1822658453125 0.2866436078125 0.1894235140625 0.293339759375 0.1918442640625 0.298744 0.1865757109375 0.32088435937500004 0.154685865625 0.34453949375000004 0.1190855015625 0.3554095828125 0.1113799265625 0.36703655468749996 0.11081631249999999 0.3758684984375 0.117636903125
0 0.2652731359375 0.2781044453125 0.2685748390625 0.27085127343750004 0.2656430015625 0.2591896359375 0.2000117109375 0.1199922640625 0.18975634375 0.12564390625 0.1010631203125 0.18492179687500002 0.08908065625 0.19668132656249998 0.09101156406250001 0.20850018750000002 0.0951496734375 0.21233987812500002 0.10520577499999999 0.21120922343749998 0.1599368296875 0.170735209375 0.1784517484375 0.15660265 0.1931788453125 0.154738271875 0.201554678125 0.1601571296875 0.206541225 0.168802196875 0.25536953125 0.274272478125 0.2652731359375 0.2781044453125
0 0.21229913281249999 0.098307503125 0.105009446875 0.1645472484375 0.101789290625 0.178971134375 0.10807567656249999 0.18067748125 0.1974361765625 0.12129477656250001 0.20923598281250003 0.13021651875 0.216405546875 0.14345734375000002 0.2660415625 0.25014765781250003 0.27414861875 0.24662934375 0.27359305156249997 0.238186203125 0.21229913281249999 0.098307503125
0 0.6629860953125 0.48183168125 0.667284334375 0.47656501718750005 0.6674109390625 0.46139325 0.661988671875 0.4429607703125 0.6460661453125 0.4367380859375 0.6278091984375 0.4281272078125 0.591648921875 0.404421803125 0.573229871875 0.40410104999999996 0.5580963359375 0.4184160875 0.4850112796875 0.533280715625 0.484718346875 0.5410561281249999 0.486316315625 0.5463148921875 0.49624069843749996 0.5548572328125 0.55978234375 0.4539647859375 0.572910346875 0.44363796874999994 0.62665135 0.472846425 0.635845434375 0.48104431875 0.6467038640625 0.4853075859375 0.6629860953125 0.48183168125
0 0.6464589015625 0.42407773125 0.6329911828125 0.4082864796875 0.6410489375 0.39921526093750004 0.6564943171875 0.3747499921875 0.57242139375 0.357193290625 0.469997584375 0.506894128125 0.4701767 0.5151306546875001 0.47391763750000004 0.5209711031250001 0.48068773125 0.5226625406250001 0.5572555046875001 0.4137550265625 0.5700901218750001 0.40393343593750003 0.58115851875 0.4003582203125 0.5873836421874999 0.406726734375 0.6485416421875 0.4306377921875 0.6464589015625 0.42407773125
0 0.569163584375 0.3215031328125 0.468839003125 0.4494158796875 0.46810135781250006 0.4616443484375 0.4705225140625 0.465301565625 0.480278040625 0.46780669374999995 0.5549776468750001 0.36993879375 0.5703372640625 0.354964878125 0.5842456890625 0.3518829078125 0.652832946875 0.3626427015625 0.6381717828125 0.33623432656249996 0.569163584375 0.3215031328125
0 0.2078879453125 0.236621459375 0.1467121828125 0.285894315625 0.1645659390625 0.287308734375 0.19360600625 0.2656056140625 0.20274650312500003 0.2614271734375 0.21242308125 0.2623069765625 0.2591921234375 0.34923873906249997 0.2633352765625 0.3516734 0.26687089531249997 0.3483753625 0.256619053125 0.32495914375 0.2078879453125 0.236621459375
0 0.1751012234375 0.2860603546875 0.1882942921875 0.2888046328125 0.196080278125 0.2889529375 0.205247303125 0.2899127796875 0.25689265625 0.376421378125 0.26322150624999996 0.37748421875 0.265237753125 0.36962525 0.2252618171875 0.302801190625 0.20262546874999998 0.2676171265625 0.1751012234375 0.2860603546875
0 0.1945285359375 0.054348959375000006 0.10355876875 0.1354090984375 0.1003717140625 0.14593309375000002 0.10734383125 0.1530658296875 0.20394919374999998 0.07481028125 0.2754146296875 0.2041447453125 0.28319140625 0.20909410468749998 0.2865840796875 0.20444722187500003 0.2858693390625 0.19770290468750001 0.20410711250000002 0.049416057812500004 0.1945285359375 0.054348959375000006
0 0.422846359375 0.3344600796875 0.42880860781249996 0.336951821875 0.495923171875 0.2688139859375 0.5060020656249999 0.26860210156250003 0.525076265625 0.30194590625 0.5411888828125 0.30490020156250003 0.503759840625 0.2425564125 0.42155059218749996 0.3271213484375 0.422846359375 0.3344600796875