0 0.31992437812499996 0.4253435859375 0.40425974531250003 0.3846018640625 0.419232328125 0.3886760359375 0.428399215625 0.39804663281249997 0.46140001093749994 0.477085575 0.4882895484375 0.5377907421875 0.49898425 0.5394204109375 0.5020398796875 0.5353462390625 0.49348411875 0.5170124625 0.48431723125000004 0.49053034375 0.42809365312500003 0.3536381546875 0.42320464687500003 0.35160106875 0.30403510625 0.40945431406250005 0.2841735171875 0.419232328125 0.2774511328125 0.4273806734375 0.279284509375 0.4363438515625 0.2866180203125 0.441232859375 0.31992437812499996 0.4253435859375
0 0.2994516625 0.39926888437499997 0.368814446875 0.36830517500000004 0.41281550625 0.3495639828125 0.42167683125 0.3479343125 0.4363438515625 0.356490075 0.445816303125 0.37441643281250003 0.47637259375 0.46201113749999995 0.4910396140625 0.5023454421875 0.4953174953125 0.51212345625 0.5044843828125 0.51538279375 0.5084567015625 0.5092715359375 0.5041788203124999 0.494604515625 0.46659458125000003 0.3833796125 0.44214954687499997 0.315340934375 0.41220438125000003 0.3267486171875 0.333674709375 0.362193915625 0.2841735171875 0.3862315328125 0.2863124578125 0.39641696406250004 0.292118153125 0.40130597031250004 0.2994516625 0.39926888437499997
0 0.33092464375 0.344674975 0.4253435859375 0.30841484218750004 0.44337179843749996 0.31248901406249996 0.454983190625 0.3296005375 0.45987219687499997 0.3483417296875 0.4947063703125 0.46119630312500004 0.500817628125 0.48360424999999996 0.5136512703125 0.48727100468750006 0.5176235890625 0.4815671640625 0.46842795937500004 0.31493351718749996 0.454983190625 0.27459921249999997 0.28997921249999997 0.3361192140625 0.2884513984375 0.3434527234375 0.28997921249999997 0.3503788171875 0.29853497500000004 0.358934578125 0.33092464375 0.344674975
0 0.3345913984375 0.3067851734375 0.4479552421875 0.2705250390625 0.46323338906249995 0.2750066296875 0.47637259375 0.2929329875 0.4815671640625 0.31452610000000003 0.5023454421875 0.41026914843749995 0.514262396875 0.45752954843750004 0.5209847812499999 0.46241855468750004 0.5277071656250001 0.46078888593749995 0.5274016031250001 0.455899878125 0.5258737874999999 0.440825440625 0.5246515359374999 0.43023259375 0.4815671640625 0.23874649531249997 0.4455107390625 0.2464874234375 0.3177854375 0.28967365 0.306479609375 0.28967365 0.30097947812500003 0.2949700734375 0.30372954375 0.30515550468749997 0.310451928125 0.3116741796875 0.3345913984375 0.3067851734375
0 0.46720570625 0.23141298593749998 0.482178290625 0.23548715781250001 0.4947063703125 0.24933934375 0.5267904765625 0.428602925 0.5350406750000001 0.432677096875 0.541457496875 0.4298251765625 0.5154846484375 0.2623766953125 0.5029565687499999 0.1980047734375 0.3526196109375 0.2415984171875 0.3367303390625 0.2415984171875 0.3180910015625 0.248524509375 0.319007690625 0.2615618609375 0.3251189484375 0.2688953703125 0.46720570625 0.23141298593749998
0 0.34436941249999997 0.2155237140625 0.49348411875 0.1894490109375 0.5102900781249999 0.19759735625 0.519456965625 0.2143014625 0.5399296828125 0.40130597031250004 0.5494021328125 0.40863947968750003 0.554596703125 0.40293563906249996 0.5359573640625 0.18578225625 0.5301516687500001 0.15848530156250001 0.34009153125 0.1910786796875 0.337647028125 0.1963751046875 0.3385637171875 0.20696795156249997 0.34436941249999997 0.2155237140625
0 0.36575881718750003 0.17152265312499998 0.5219014703125 0.1487072890625 0.5399296828125 0.15889271875 0.5481798812500001 0.1796709984375 0.5588745828125 0.369120009375 0.5710971 0.37686093593750003 0.577819484375 0.3715645125 0.564069153125 0.1157064921875 0.36300875 0.1442256984375 0.3587308703125 0.15074437499999999 0.35903643281250003 0.1601149703125 0.36575881718750003 0.17152265312499998
0 0.382564778125 0.5606061062500001 0.3932594796875 0.5561245171875 0.4091487515625 0.5630506093750001 0.42137126875 0.5821992203125 0.47545590625 0.6649049171875 0.4864561703125 0.6673494203125 0.4901229265625 0.6616455796875 0.473011403125 0.63271895625 0.4274825265625 0.5626431921874999 0.3999818640625 0.528012728125 0.3410082203125 0.5695692859375 0.2884513984375 0.60908875625 0.2908959015625 0.6217186906250001 0.3006739140625 0.6180519359375001 0.382564778125 0.5606061062500001
0 0.30220172968750003 0.5777176296875 0.38409259218749997 0.521494053125 0.3972317984375 0.5206792171875 0.41006544062500005 0.5284201453125 0.42014901718750003 0.5459390859375 0.477900409375 0.6363857109375 0.487678421875 0.636793128125 0.48920623750000003 0.6314967046875 0.45712213124999995 0.5793472984375 0.3999818640625 0.4909377609375 0.2838679546875 0.5711989546875 0.2838679546875 0.5785324640625 0.292729278125 0.5826066375 0.30220172968750003 0.5777176296875
0 0.38103696249999996 0.491345178125 0.38653709531249997 0.4893080921875 0.400592990625 0.491345178125 0.40853762656250003 0.4982712703125 0.42198239375 0.523123721875 0.473928090625 0.6078665046875 0.48248385312500003 0.613570346875 0.487372859375 0.6078665046875 0.40212080468750006 0.45508504375000003 0.3767590828125 0.47138173281249995 0.3110630546875 0.5149753765625 0.2753121921875 0.5426797484375 0.27684000625 0.550420675 0.2838679546875 0.5557171000000001 0.38103696249999996 0.491345178125
0 0.29547934531250003 0.509678953125 0.3795091484375 0.45793696562499997 0.39417616875 0.45141828906250003 0.4131210703125 0.45997405156250004 0.4274825265625 0.482789415625 0.44826080625 0.5243459734375 0.48095603750000004 0.5821992203125 0.4895118 0.5817918015625 0.4882895484375 0.5720137890625 0.46384451406249994 0.521494053125 0.4140377578125 0.43023259375 0.4079265 0.4233065 0.38531484374999997 0.4371586859375 0.32725788906250003 0.47138173281249995 0.278367821875 0.5039751125 0.2798956359375 0.5117160390625 0.2863124578125 0.516197628125 0.29547934531250003 0.509678953125
0 0.3116741796875 0.46893722968749996 0.3345913984375 0.4554924609375 0.3953984203125 0.424121334375 0.40700981093750005 0.42167683125 0.41770451406250003 0.4273806734375 0.4259547125 0.4371586859375 0.44917749375 0.49053034375 0.482789415625 0.5630506093750001 0.491650740625 0.564680278125 0.496234184375 0.5593838546875001 0.47362252812500005 0.5076418671875 0.4198434546875 0.3935650421875 0.35598080312499997 0.426158421875 0.30861855 0.45019603750000003 0.278978946875 0.46852981250000003 0.2798956359375 0.47504848906249997 0.2866180203125 0.48238199843749996 0.3116741796875 0.46893722968749996