0 0.35813534687500004 0.41633545312500003 0.3756845953125 0.4146026625 0.39453382812500004 0.42413313124999996 0.4868298390625 0.511640409375 0.4926795890625 0.494312225 0.37094048125 0.37364967656250003 0.26583933593750003 0.5298349890625 0.27558891874999997 0.5358998359375 0.280138684375 0.536766271875 0.35813534687500004 0.41633545312500003
0 0.3483857640625 0.37994629375 0.3574854140625 0.3660837703125 0.378284503125 0.369549390625 0.48552991562500003 0.46312151718749994 0.4939795734375 0.4509918234375 0.49462950625 0.4431941453125 0.35878533749999997 0.327095384375 0.358261534375 0.3268351 0.261289509375 0.48651454843749997 0.2677892515625 0.50124350625 0.2736390015625 0.49517866093749996 0.3483857640625 0.37994629375
0 0.3389511890625 0.294843434375 0.351300621875 0.28877854687500004 0.3740496875 0.3043739015625 0.47609528125 0.3962132359375 0.4812950984375 0.37541943125 0.34805078125 0.24459171093749998 0.25250486875 0.4048773484375 0.25705469375 0.41527425156250003 0.267454209375 0.41527425156250003 0.3389511890625 0.294843434375
0 0.32660169843750003 0.2567214828125 0.3357012890625 0.24805737031250003 0.3448009390625 0.238526903125 0.46764568281249996 0.33989670625 0.474145365625 0.33123259374999997 0.47739526562499995 0.320835690625 0.33973076406249997 0.19289339375 0.24665511874999999 0.3658889625 0.2486050359375 0.37715222187499997 0.25965454375 0.376285865625 0.32660169843750003 0.2567214828125
0 0.318152040625 0.1969392515625 0.33245144843749996 0.189141575 0.3519506140625 0.19520642187499998 0.45594618281250004 0.3026411109375 0.4643957828125 0.2905114171875 0.4630958578125 0.28184730468749997 0.32607651249999997 0.1460788171875 0.23105578750000003 0.3173700296875 0.2369055359375 0.33036615937499997 0.250554953125 0.323434915625 0.318152040625 0.1969392515625
0 0.3233518578125 0.14148911718749999 0.333751371875 0.13888989062499998 0.4539962671875 0.2697176109375 0.461145940625 0.25065659687499997 0.316323475 0.086260190625 0.21545645468750002 0.2731831921875 0.2206562125 0.2835800953125 0.30905245 0.14928679375 0.3233518578125 0.14148911718749999
0 0.3311515234375 0.0635123453125 0.35065068906249997 0.07217641875 0.4546462 0.19520642187499998 0.46049594843749997 0.19520642187499998 0.46829561562500005 0.180477503125 0.461145940625 0.16834776875 0.3241259046875 0.012137110937499999 0.22260612812499997 0.206469759375 0.23365569531250002 0.21686666250000003 0.318152040625 0.07217641875 0.3311515234375 0.0635123453125
0 0.577271325 0.0657472625 0.4830253375 0.1991741703125 0.473925746875 0.21043750781249998 0.4583264140625 0.20783828125 0.342656675 0.0758569515625 0.3341817171875 0.0882739 0.46742600625 0.25202511875 0.585070990625 0.077876996875 0.577271325 0.0657472625
0 0.5727215 0.0518847390625 0.5844210000000001 0.043220626562499996 0.5974204828125 0.05881598125 0.685166728125 0.17404834687499998 0.6949163109375001 0.1567201625 0.5835566859375 0.0030342765625 0.47197583125 0.16884989687500002 0.4745757390625 0.18271242031249998 0.484325321875 0.181846025 0.5727215 0.0518847390625
0 0.58182115 0.2866814484375 0.59417058125 0.28494861718750003 0.613019815625 0.307475253125 0.6708673203125 0.37852074375 0.67801699375 0.370723065625 0.5915707328125 0.24596023281249998 0.484325321875 0.3854520640625 0.486925171875 0.39931454843749997 0.49667475312500003 0.3941160984375 0.58182115 0.2866814484375
0 0.5759714 0.24076178124999997 0.59352065 0.24596023281249998 0.667617478125 0.347330034375 0.6741171609375 0.33173468125 0.580630775 0.19549420312500002 0.47067590625 0.3481964703125 0.48107542187499996 0.3525284859375 0.561022 0.24942589218750003 0.5759714 0.24076178124999997
0 0.574021484375 0.197441378125 0.5876709 0.18877726718750001 0.60457015625 0.200907 0.676067078125 0.306608859375 0.685166728125 0.2910135046875 0.5903838109375 0.14737922187500002 0.479775496875 0.2996775765625 0.48627523906250003 0.3057424234375 0.49082500468749996 0.307475253125 0.574021484375 0.197441378125
0 0.6812668953125 0.2546243453125 0.6877665765625001 0.2381625546875 0.5886165609375 0.1068601078125 0.47912550468750004 0.25808996562500003 0.4849752546875 0.26848686875 0.4953748296875 0.26848686875 0.5727215 0.1558537671875 0.5961204984374999 0.1489224859375 0.6812668953125 0.2546243453125
0 0.8155106515625 0.42609311875 0.9002075578125 0.48365017187500003 0.9051897296875 0.462619721875 0.8105284812500001 0.3984214671875 0.7283226593750001 0.5367797765625 0.73330483125 0.5500621781249999 0.8047159234375 0.42941371874999995 0.8155106515625 0.42609311875
0 0.77897468125 0.386245915625 0.7939211937499999 0.378497865625 0.8777877890625 0.42719996875 0.8811091859375001 0.41281071718750006 0.7866312093750001 0.347767978125 0.7108850624999999 0.48586392343749996 0.7142064578125 0.4958257234375 0.7225101015625001 0.4891845234375 0.77897468125 0.386245915625
0 0.77980506875 0.33975751249999997 0.8744663156250001 0.393993965625 0.8786181 0.3762841140625 0.780401290625 0.31454173750000003 0.7034118046875 0.45708537031249996 0.7067332015625001 0.467047171875 0.77980506875 0.3452918625 0.77980506875 0.33975751249999997
0 0.77897468125 0.305444659375 0.7914301078125 0.301017159375 0.8728056171875 0.3674291640625 0.8769574015625 0.3563605140625 0.7816472734375 0.2763315609375 0.7000903328125 0.42166566874999994 0.6984296343749999 0.43273431875 0.7083939765625 0.43384116875 0.77897468125 0.305444659375
0 0.7839568515625001 0.26449055625 0.8620108890625 0.3353300625 0.8719752312500001 0.3198339109375 0.7806354546875001 0.2290708546875 0.7766633374999999 0.229814825 0.68680451875 0.378497865625 0.6934474640625 0.390673365625 0.7723318109374999 0.2655974578125 0.7839568515625001 0.26449055625
0 0.860696521875 0.3040920078125 0.867846196875 0.2954278953125 0.7854445484375 0.1915929890625 0.68195413125 0.337881940625 0.68780388125 0.34654601406249996 0.7781500343750001 0.22698163125 0.860696521875 0.3040920078125
0 0.7963492750000001 0.17672994687500002 0.8600465296875001 0.2720348640625 0.8704461046875 0.260771565625 0.7912963703125 0.14217760156249998 0.6826041234375 0.28243176718749996 0.6891038640625 0.2936951046875 0.7775000421875 0.18019556875 0.7963492750000001 0.17672994687500002
0 0.800249109375 0.129943865625 0.8613464546875 0.23651213906250002 0.8697961125000001 0.234779309375 0.7971481921875 0.095363025 0.68195413125 0.2391113640625 0.6839040468750001 0.25470671875 0.7833497921875 0.1342759015625 0.800249109375 0.129943865625
0 0.5966157484375 0.3837685328125 0.6780672 0.47758509531250004 0.683602684375 0.4617733171875 0.5901387234375 0.3470163484375 0.48906820937499995 0.4849639078125 0.498557696875 0.49128861874999996 0.5855447046875 0.38271442968749997 0.5966157484375 0.3837685328125
0 0.3547541359375 0.46527886250000006 0.366092159375 0.4599037984375 0.37692626875 0.4599037984375 0.3870045125 0.4662866859375 0.47922043125 0.5448969781249999 0.48451150781249996 0.541201621875 0.4890467171875 0.5371703250000001 0.4877869375 0.5317952625 0.3663441140625 0.42194241874999994 0.348707190625 0.4410910796875 0.265309734375 0.5694207015625 0.2784114484375 0.5774832953125 0.348707190625 0.47334145625 0.3547541359375 0.46527886250000006
0 0.330314396875 0.5801708265625 0.33711721093749997 0.586217771875 0.3663441140625 0.5492642156249999 0.3754145328125 0.5438891531250001 0.3887682046875 0.5432172703125 0.4003581828125 0.547584509375 0.46485893437500003 0.6080539640625 0.48274781562499997 0.6177962640625 0.457300253125 0.5798348843750001 0.3791938734375 0.5059277734375 0.30839422031249997 0.5949522484374999 0.323511584375 0.6030148421875 0.33535351874999997 0.5895771859375001 0.330314396875 0.5801708265625
0 0.35851896562499996 0.5080950718749999 0.3734836015625 0.5024745515625 0.3854974640625 0.506127890625 0.43924369375000005 0.5513730812500001 0.40425595156250005 0.49432479687499997 0.36990051875 0.4679083484375 0.36505282031249997 0.467346296875 0.286014246875 0.5780705546875 0.2982388796875 0.5887495453125 0.34671587187499997 0.521584321875 0.35851896562499996 0.5080950718749999
0 0.8318199078124999 0.521055728125 0.8452552015625001 0.521055728125 0.8978280890624999 0.5696045187500001 0.9011382343750001 0.5592197515625 0.8931549437499999 0.5561043203125 0.8939338015624999 0.5542869859375 0.90211180625 0.5574024171875 0.9032800921874999 0.5524696515625 0.83805076875 0.49119952187499993 0.8065070359375 0.531440496875 0.756854865625 0.5927106265625001 0.7634751546875 0.6033550140624999 0.8205264734375 0.531180878125 0.8318199078124999 0.521055728125
0 0.847591775 0.55896013125 0.8553803500000001 0.559998609375 0.8799143640624999 0.5903740546875 0.89198665625 0.5797296671875001 0.8530437781250001 0.5301424015625 0.7728214453125 0.6121820671875 0.7848937375 0.6160763546875 0.8382454828125001 0.5612967046875 0.847591775 0.55896013125