0 0.5192921390625 0.5361276890625 0.5226505109375 0.5324357390625 0.515496740625 0.5132323421875 0.5083492765625001 0.4858646109375 0.4625802765625 0.3433684671875 0.4578540484375 0.3407775328125 0.334520290625 0.38440559531249996 0.3139543921875 0.391811828125 0.3066276125 0.39912477968750004 0.307779746875 0.4082403484375 0.3147304140625 0.41394776406249995 0.3491794390625 0.40203235781249996 0.43644661874999996 0.3713563359375 0.4510844109375 0.3771412703125 0.4595262046875 0.3875128921875 0.48648976875 0.46984995312500005 0.50873971875 0.5332674125 0.5192921390625 0.5361276890625
0 0.5025759765625 0.4566154296875 0.51416600625 0.4983804515625 0.517696665625 0.50858915625 0.5266007187499999 0.5128907390624999 0.5310282359375 0.5072818671875 0.527867384375 0.49221713281249996 0.49876309531249996 0.3773790859375 0.4795080140625 0.306961371875 0.4487531953125 0.31481563281249997 0.36768201562499997 0.340904965625 0.3164505984375 0.35903361875 0.3178153015625 0.3693986703125 0.3232408703125 0.3749287125 0.3307154296875 0.37375674999999997 0.40229702500000003 0.3510545484375 0.4476374625 0.3375480609375 0.45660630468749996 0.3369581359375 0.4706000875 0.3471589578125 0.47869973593750004 0.366064109375 0.5025759765625 0.4566154296875
0 0.5253442359375 0.48090084375000003 0.5378777078125 0.4860327875 0.5422744078124999 0.4808285828125 0.5057705296874999 0.3096074921875 0.49540057812500005 0.2679843671875 0.32603650625 0.30993330937499997 0.323956696875 0.317039984375 0.3249579 0.324096734375 0.3328512890625 0.33358806875 0.366261984375 0.32318491875 0.4632558234375 0.29813090937500003 0.4809438140625 0.304270584375 0.4912402359375 0.3226147171875 0.494702953125 0.3417970921875 0.520938796875 0.45793454999999994 0.5253442359375 0.48090084375000003
0 0.5407374140625001 0.45656288125 0.547078040625 0.46219934687500003 0.55391174375 0.46136110312499995 0.5539765328125 0.456469596875 0.5535916750000001 0.4413194625 0.553172846875 0.43065616406249996 0.5246492218750001 0.235459734375 0.48807136250000005 0.238962484375 0.35730647968749996 0.2670291734375 0.34602075 0.265716625 0.3401297703125 0.2703387875 0.3421045125 0.2807747875 0.34832186875 0.28802993125 0.3727882359375 0.28597636875 0.488693296875 0.2631217640625 0.50360529375 0.2693468421875 0.5153651765625 0.28867768437499997 0.51891719375 0.3107282171875 0.5324164578125 0.408237746875 0.5407374140625001 0.45656288125
0 0.5567190046875 0.2628681984375 0.5490823359375 0.197476009375 0.395715175 0.22332226875 0.37985415 0.22147760625 0.3607240515625 0.2261930515625 0.36065295625 0.23924889062500002 0.36619863750000003 0.2472424234375 0.5108680062500001 0.2265083953125 0.5255058 0.232293328125 0.53696381875 0.2475065296875 0.5554312546875 0.4292858078125 0.5633586125 0.43429030625 0.56997975 0.43220258281249996 0.5567190046875 0.2628681984375
0 0.58512954375 0.40701980468750004 0.5829489875 0.18916715312500001 0.5792183750000001 0.1613803 0.38703071875 0.1716888328125 0.38418993437500004 0.176665740625 0.38430374375 0.1872935640625 0.38945195312499997 0.1964656296875 0.540273890625 0.18787825 0.5564336265625001 0.19792272187499999 0.56432070625 0.215578390625 0.570611865625 0.4036983625 0.579512765625 0.412082109375 0.58512954375 0.40701980468750004
0 0.610683978125 0.3785563171875 0.6163113859375 0.1228276734375 0.41345119218750004 0.127812440625 0.408687840625 0.1337905078125 0.408284059375 0.143133375 0.41413160781249997 0.15524454999999998 0.571722459375 0.15071043281250002 0.5889481890625 0.162920146875 0.5956120359375 0.18451608749999998 0.5919576578125 0.3739288953125 0.6035729187500001 0.3830365828125 0.610683978125 0.3785563171875
0 0.5012013640624999 0.656499715625 0.4863082921875 0.6257816359375 0.4461609359375 0.5508928531249999 0.421328634375 0.5133032796875 0.359316459375 0.54773300625 0.303863784375 0.580884346875 0.305348603125 0.5937128890625 0.315386590625 0.59120604375 0.40147712343749997 0.5436547859374999 0.4124918046875 0.5404450234375 0.427828934375 0.5491690640625 0.43858130937500006 0.5696074921875 0.486313878125 0.658034303125 0.4971096828125 0.6617393921875 0.5012013640624999 0.656499715625
0 0.5006410640625 0.6315310937499999 0.5025667875 0.626447765625 0.47448433906250004 0.5709252984375001 0.424133015625 0.47647837656250003 0.3021545015625 0.542717990625 0.3015997890625 0.5500020375 0.31013718749999997 0.555077484375 0.3199626078125 0.55132115625 0.40596068750000003 0.5049839078125 0.41913817187499997 0.5056999625 0.43136346875 0.5148786000000001 0.440103975 0.5334500296875 0.4909112515625 0.6299912484375 0.5006410640625 0.6315310937499999
0 0.49721231718750003 0.607861884375 0.502524075 0.602764103125 0.4289800796875 0.44111579843750004 0.4024307484375 0.4543582046875 0.33355405312499997 0.49003084374999994 0.2957711640625 0.5133978609375001 0.29671073125 0.5212639484375 0.30332556093749996 0.527340559375 0.405190975 0.4746836390625 0.410835415625 0.47329883125 0.4247122375 0.47695399375 0.43211885624999996 0.484755703125 0.4436598640625 0.511001396875 0.4891032078125 0.6012032328125 0.49721231718750003 0.607861884375
0 0.4980601546875 0.5765249796874999 0.506631525 0.5771135890625 0.5061510609375001 0.5672596296875 0.485570834375 0.514242696875 0.44275570625 0.417814471875 0.43717920781249997 0.41022560781250006 0.41355995781250005 0.42135926562500003 0.353017553125 0.44861136874999996 0.30174900937500004 0.47530902499999994 0.302688578125 0.48317511093750004 0.3087550015625 0.48837143281250006 0.318398671875 0.4829609546875 0.4061928984375 0.44132338750000005 0.421326921875 0.4365514453125 0.43959098281250003 0.44724890625 0.4522011359375 0.4715776765625 0.46979910937499997 0.5152661937499999 0.4980601546875 0.5765249796874999
0 0.4732720078125 0.4817850671875 0.5013386890625 0.5577183671875 0.510060990625 0.5603657984375 0.5150369125 0.5556372140625 0.49637925781250003 0.50161911875 0.45132464375000003 0.38206825 0.3851101328125 0.407027665625 0.3360138515625 0.4254046359375 0.30504015624999997 0.44017374531250003 0.30546213906249997 0.44675487968749994 0.3116178609375 0.45481935937499995 0.3376464515625 0.44437416562500004 0.361539903125 0.43368065 0.4246117640625 0.40958050156250003 0.43638741718749996 0.40850050937500004 0.446631665625 0.4154074796875 0.45412758125 0.426077346875 0.4732720078125 0.4817850671875