0 0.5163914640625 0.5560142 0.53347354375 0.5405609984375 0.5328614875000001 0.5267835328125 0.4048291296875 0.3679775875 0.31023595937500004 0.2555571859375 0.214949503125 0.387088703125 0.1161580875 0.535461459375 0.11996609843749999 0.5509723156249999 0.14065018437500001 0.5634130546875 0.14760463125 0.5667774953125 0.2741682875 0.3840315578125 0.30398665468749997 0.3446565375 0.3305020984375 0.34369081874999996 0.3562470265625 0.37218609687500004 0.50882298125 0.555847865625 0.5163914640625 0.5560142
0 0.5493780375 0.756030609375 0.5083703625 0.7094787296875 0.3984362078125 0.592133171875 0.3343170265625 0.51892174375 0.279819375 0.600594878125 0.18386738281249998 0.7384202765625 0.1557861421875 0.7913680890625 0.1664723421875 0.8063992546875 0.18362869375 0.8117657578124999 0.3243092296875 0.6063900421875 0.3479872359375 0.598996109375 0.3617683734375 0.6049766328125 0.43516840468750007 0.6849872859375 0.5281274484375 0.7776433546875 0.545182784375 0.7722258234375 0.5493780375 0.756030609375
0 0.5360623796875 0.705212565625 0.5435298453125 0.694594865625 0.5455512140625001 0.6826531265625 0.44200896875 0.568774353125 0.3263999375 0.4385723640625 0.2697551421875 0.5144633062499999 0.14173265625 0.709048646875 0.1471005140625 0.7235041328125 0.1538757046875 0.7292159875 0.171287575 0.73607920625 0.2225625296875 0.6627083546875 0.3209439265625 0.5221261953125 0.34607878125 0.5198684328125001 0.3673501609375 0.5391467375000001 0.523635090625 0.710559753125 0.5360623796875 0.705212565625
0 0.5322622984375001 0.6217994124999999 0.5348214437500001 0.6028154359375 0.4930987171875 0.5486776328125 0.31794705 0.34828965156249997 0.308229440625 0.359316696875 0.13524963750000002 0.6099199640624999 0.1278584296875 0.62438179375 0.13688177968749998 0.6466598734375 0.15835916249999998 0.6535550921875 0.29356685625 0.45689100781249997 0.31274655625 0.43334019843749993 0.33312560625 0.430404415625 0.3482873359375 0.4376769859375 0.42316897343750004 0.5297637125 0.51351935625 0.627523953125 0.5322622984375001 0.6217994124999999
0 0 0.6020871578125 0.0127505203125 0.582051109375 0.034689420312500004 0.578059959375 0.15738462656250002 0.6784236 0.1738031484375 0.652288703125 0.16720721875 0.6442294359375 0.16060930625 0.6531457421875 0.1381346125 0.64720355625 0.1255567859375 0.6278869125 0.1351466375 0.6161115078125 0.0088206984375 0.514865175 0 0.5312727484375 0 0.6020871578125
0 0 0.5136269390625 0.013320985937499998 0.5140464765625 0.13200218125000002 0.6112823453125 0.155478153125 0.5823203515625 0 0.45997483125 0 0.5136269390625
0 0.9214638265625 0.74080915625 0.745471328125 0.5151113171875 0.5665343890625001 0.761397109375 0.5658936125 0.774630890625 0.5736393734375 0.7894253859375 0.59166528125 0.793090496875 0.7337511625 0.5959467265625 0.7516760515625001 0.5888278046875 0.7646391359375 0.5934139515625 0.9029744171875 0.7650059875 0.9190076812499999 0.7536015921875 0.9214638265625 0.74080915625
0 0.8993001125 0.6993167687499999 0.9084799468750001 0.6953319609374999 0.9178905390625 0.68590396875 0.9184035578125 0.671921828125 0.7487019546875 0.4389067375 0.7358398890625 0.4451046234375 0.695869134375 0.496357384375 0.6185610484375 0.6006986359375001 0.557543725 0.678156634375 0.5580012796875 0.7012214125 0.566412578125 0.7097220281250001 0.5814980453125 0.7131504671875 0.625381790625 0.6542414421875 0.7282882328125 0.5197804890625 0.7441422375 0.510723503125 0.7602250203125 0.5131989078125 0.7714222562499999 0.531223509375 0.8993001125 0.6993167687499999
0 0.914267734375 0.6171189781249999 0.9178489484375 0.60412186875 0.7622374859375001 0.35851267343750004 0.7514482859375 0.34967305 0.6728111109375 0.4496264859375 0.5926903453125 0.554479425 0.5604693171874999 0.5865755359375 0.5573228796875 0.5987219484375 0.5672157828125 0.6192986359375 0.5844998953125 0.625413496875 0.7259450015625 0.44150350781250003 0.74934273125 0.42567295625 0.7628683515625 0.4301567640625 0.8869589953125001 0.6236302171875 0.90035685625 0.6273656671875 0.914267734375 0.6171189781249999
0 0.9160395296875 0.5527538 0.9233029796875 0.5375436140625001 0.75708355625 0.2637718078125 0.6701876015625 0.3629128890625 0.557487290625 0.5045567625 0.5549033875 0.5166008375 0.564796290625 0.537177528125 0.5826429421875 0.54319005 0.7328331015625 0.35614595 0.7467954812500001 0.3428034875 0.7666367546874999 0.346909946875 0.7767604203125 0.36204345 0.9017968734374999 0.5576596421875 0.9160395296875 0.5527538
0 0 0.44904678281250004 0.1135415296875 0.541425846875 0.12893290625 0.5127079296875 0 0.40561092656250003 0 0.44904678281250004