0 0 0.47069944843749995 0.060716020312499994 0.389093509375 0.1003918359375 0.392700403125 0.30478240156249997 0.5031614796875 0.3234180125 0.4900864953125 0.3210134171875 0.4725028953125 0.16471475 0.3845848953125 0.051698790625000005 0.3327358171875 0 0.398110740625 0 0.47069944843749995
0 0.145477990625 0.5207450796875001 0.162911303125 0.5270571421875 0.2945628734375 0.6411251109375 0.3077881453125 0.6294027109375 0.20919975468750002 0.5414847109375 0.1352584625 0.4882830484375 0.001202296875 0.571241571875 0.0006011484375 0.5987441265625 0.12022974374999999 0.524351971875 0.145477990625 0.5207450796875001
0 0.133455015625 0.48422529531249997 0.2873490890625 0.598293265625 0.2999732125 0.5991949875 0.304181253125 0.5906286187500001 0.11842629843750001 0.44635292499999996 0.001202296875 0.5369760953125 0 0.568987265625 0.0979872421875 0.49098821875 0.133455015625 0.48422529531249997
0 0 0.5284097265625001 0.0847619703125 0.442295171875 0.12022974374999999 0.442295171875 0.2825398984375 0.545542465625 0.2975686171875 0.5446407421874999 0.2975686171875 0.5329183421875 0.092576903125 0.4003650484375 0 0.4900864953125 0 0.5284097265625001
0 0 0.6911707421875 0.1196285953125 0.6343621890625 0.1406688015625 0.636616496875 0.28674794062500003 0.780441328125 0.3150019296875 0.7619560046875 0.14487684218750002 0.5856691421875 0 0.6551018187500001 0 0.6911707421875
0 0.1286458265625 0.577553634375 0.156899815625 0.5874725875 0.27352266875 0.7015405578125 0.28674794062500003 0.70244228125 0.2927594265625 0.69026901875 0.1346573140625 0.5401321265625 0.0006011484375 0.610015665625 0 0.638870803125 0.103998728125 0.5825131109374999 0.1286458265625 0.577553634375
0 0.129246975 0.7872042515625 0.2548870578125 0.90217394375 0.27532611406249996 0.8990179125 0.28013530468750003 0.885942928125 0.11542055468750001 0.7349043125 0.0889700109375 0.74031465 0.0024045953124999997 0.7872042515625 0 0.8192154203124999 0.092576903125 0.7768344359375 0.129246975 0.7872042515625
0 0.125038934375 0.7367077578125001 0.26029739687500003 0.8602438203125 0.28494449374999997 0.85528434375 0.28975368437500004 0.8440128046875 0.134056165625 0.6947776343750001 0.0991895390625 0.6925233265624999 0.0024045953124999997 0.7407655125 0.0006011484375 0.7772852968749999 0.092576903125 0.729944834375 0.125038934375 0.7367077578125001
0 0.1376630578125 0.697933665625 0.2699157765625 0.8273309281250001 0.2963663203125 0.8106490515625 0.12744352812499998 0.64067425 0.0018034468750000002 0.6983845265624999 0 0.7353551734375 0.10099298593749999 0.688916434375 0.1376630578125 0.697933665625
0 0.49654884375 0.0766464625 0.521797090625 0.0770973234375 0.6666739328125 0.2055928625 0.6780957578125 0.206043725 0.6925233265624999 0.1880092625 0.5121787109375 0.028404276562500004 0.41659606406250005 0.098287815625 0.3234180125 0.1762868625 0.32822720156249996 0.19206701718750002 0.34385706875 0.195223046875 0.49654884375 0.0766464625
0 0.3240191609375 0.27908329374999996 0.48632931562500004 0.145628278125 0.5109764140624999 0.14111966250000002 0.5223982390625 0.148333446875 0.6961302203125 0.286297078125 0.7087543421875 0.288100525 0.7249853578125001 0.275025540625 0.730395696875 0.2664591703125 0.5151844546875 0.0861145546875 0.5031614796875 0.0843111078125 0.43583282343749996 0.1348076 0.2927594265625 0.2578928015625 0.2933605765625 0.2669100328125 0.3089904421875 0.28223932500000004 0.3240191609375 0.27908329374999996
0 0.477312084375 0.1974773546875 0.503762628125 0.18304978593750001 0.5278085781249999 0.18530409375 0.5464441875 0.1979282171875 0.6829049484375 0.3020772328125 0.69673136875 0.29666689375 0.6973325171875 0.288100525 0.5795073671875001 0.189812709375 0.509774115625 0.14111966250000002 0.4520638390625 0.186656678125 0.3402501765625 0.280886740625 0.3252214578125 0.2957651703125 0.3342386890625 0.3061349859375 0.348666259375 0.307036709375 0.477312084375 0.1974773546875
0 0.34265477187500004 0.3940529875 0.4196018078125 0.3228168640625 0.489335059375 0.2642048625 0.506768371875 0.25563849375 0.5338200640624999 0.2583436625 0.5662820953125001 0.283591909375 0.6955290703125 0.3796254171875 0.7177715734375 0.3872900640625 0.7346037375 0.37737110937499996 0.7400140765625001 0.3638452640625 0.5181901984375 0.200182525 0.50857181875 0.1979282171875 0.46589025937499995 0.23399714062500002 0.3883420734375 0.3007246484375 0.3095915921875 0.3755676640625 0.31319848437500003 0.38864264843749996 0.330631796875 0.398561603125 0.34265477187500004 0.3940529875
0 0.4400408640625 0.3755676640625 0.480317828125 0.342203909375 0.5139821578125 0.31470135625 0.5350223625 0.30838929375 0.5602706093750001 0.3137996328125 0.5855188546875 0.33183409375 0.6474371734375 0.377821971875 0.70214170625 0.415694340625 0.72017616875 0.40577538750000003 0.7189738703125 0.39675815625 0.6408245375 0.33904787812500004 0.5368258078125 0.264655725 0.51458330625 0.2786324328125 0.4232087 0.3534754484375 0.3769202484375 0.39946332500000004 0.3871397765625 0.411185725 0.4003650484375 0.4120874484375 0.4400408640625 0.3755676640625
0 0.51758905 0.4882830484375 0.5398315515625 0.477913234375 0.5656809468749999 0.4783640953125 0.6047556140625 0.5031614796875 0.7081531937500001 0.571692434375 0.7219796140625 0.57033985 0.7291934 0.5608717578125 0.5458430390625 0.43823741875 0.515785603125 0.46123135625 0.4592776234375 0.50857181875 0.383532884375 0.5748484656249999 0.39194896562500003 0.58206225 0.406977684375 0.58206225 0.51758905 0.4882830484375
0 0.5211959421875 0.4427460328125 0.54103385 0.43733569531249994 0.56147290625 0.44319689531249995 0.5897268953125 0.46168221875000004 0.7003382609375 0.5414847109375 0.7171704250000001 0.53742695625 0.721378465625 0.530664034375 0.5476464859375 0.39991418749999996 0.5398315515625 0.3990124640625 0.444850053125 0.4738554796875 0.372111059375 0.5324674796875 0.3757179515625 0.54103385 0.39255011562500003 0.542386434375 0.5211959421875 0.4427460328125
0 0.5211959421875 0.4035210796875 0.5398315515625 0.398561603125 0.554259121875 0.400815909375 0.57289473125 0.412538309375 0.6961302203125 0.5040632031250001 0.712361234375 0.5004563109375 0.7177715734375 0.49053735625000006 0.5476464859375 0.360238371875 0.539230403125 0.35843492499999996 0.48272242343749994 0.404422803125 0.36609957187500003 0.4973002796875 0.3751168015625 0.5040632031250001 0.3889432234375 0.50586665 0.5211959421875 0.4035210796875
0 0.372111059375 0.460329634375 0.38413403281249997 0.46483824843750005 0.3913478171875 0.4621330796875 0.48753161250000004 0.38593747968750003 0.5229993875 0.3579840640625 0.54103385 0.3534754484375 0.5620740546875 0.35527889375 0.599345275 0.38413403281249997 0.6913210296875001 0.45582101875000003 0.7075520453124999 0.4639365265625 0.7189738703125 0.45852618749999996 0.7177715734375 0.44454947968749997 0.6853095421875001 0.41839950937500003 0.580108515625 0.33814615625 0.552455675 0.318759109375 0.5416349984375 0.31425049375 0.47911553125 0.36114009375 0.42380984843749997 0.40397194062499997 0.3739145046875 0.44500034062499993 0.374515653125 0.44454947968749997 0.371509909375 0.45131240312500004 0.372111059375 0.460329634375
0 0.39255011562500003 0.6690785265625 0.5404327 0.54960021875 0.55546141875 0.54103385 0.5722935828125 0.5419355718750001 0.6077613578125 0.5622243421875 0.7430198203125 0.650593203125 0.7646611734375 0.6352639109375 0.7676669171875 0.6262466812499999 0.5548602703125 0.48918477187500004 0.368504165625 0.648338896875 0.36730186875 0.65555268125 0.3787236953125 0.6645699125 0.39255011562500003 0.6690785265625
0 0.397960453125 0.75789825 0.4051742390625 0.7547422203124999 0.5452418906250001 0.647888034375 0.5560625671875 0.6442811421875 0.571692434375 0.6415759734375001 0.5873223015625 0.647888034375 0.738811778125 0.7457249890625001 0.7526382 0.744823265625 0.7634588765625 0.7335517281249999 0.765863471875 0.7249853578125001 0.5602706093750001 0.592432065625 0.3781225453125 0.7353551734375 0.377521396875 0.744823265625 0.3853363296875 0.751135328125 0.397960453125 0.75789825
0 0.39255011562500003 0.71416468125 0.5278085781249999 0.603703603125 0.53802810625 0.5946863734375001 0.5620740546875 0.5915303421875 0.583114259375 0.5991949875 0.7400140765625001 0.69658108125 0.764060025 0.6848586812499999 0.765863471875 0.6740380046875 0.5548602703125 0.5432881578125001 0.49173965468749997 0.5888251734375001 0.37331335625 0.6916216046875 0.372111059375 0.7006388343750001 0.38413403281249997 0.709656065625 0.39255011562500003 0.71416468125
0 0.41359032031250004 0.7718749578125 0.5530568234375 0.67854661875 0.5765016234375 0.67854661875 0.586120003125 0.683055234375 0.7111589375 0.7705223734375 0.718372721875 0.7736784046875 0.72618765625 0.7664646203125 0.727389953125 0.7574473890625 0.5650797984375 0.642477696875 0.40397194062499997 0.7592508359375 0.3997639 0.7678172046875 0.40397194062499997 0.7718749578125 0.41359032031250004 0.7718749578125
0 0.59633953125 0.9161506515625 0.75504279375 0.9936988375 0.771273809375 0.9842307437500001 0.774279553125 0.97295920625 0.5722935828125 0.8746713906249999 0.42380984843749997 0.9995600375 0.4682948546875 1 0.571692434375 0.9175032359375 0.59633953125 0.9161506515625
0 0.5602706093750001 0.8674576046875 0.592131490625 0.8688101906249999 0.7153669781249999 0.9409480359375 0.7321991421875 0.9364394203125 0.73159799375 0.9260696062499999 0.5638775015624999 0.8340938515625 0.444850053125 0.9220118515625 0.430422484375 0.9395954515625 0.43402937656249996 0.946358375 0.4472546484375 0.9535721593750001 0.5602706093750001 0.8674576046875
0 0.4418443109375 0.9161506515625 0.5548602703125 0.8363481593750001 0.5692878390625 0.8318395437499999 0.5885245984374999 0.8340938515625 0.6077613578125 0.84311108125 0.712962384375 0.9134454828124999 0.7249853578125001 0.9098385906249999 0.7279911015625 0.90217394375 0.580108515625 0.803886128125 0.559669459375 0.8079438812499999 0.4280178890625 0.8967636046875 0.424410996875 0.9039773906249999 0.42861903906250004 0.9111911750000001 0.4418443109375 0.9161506515625
0 0.51458330625 1 0.580108515625 0.9499652671875 0.6113682500000001 0.947710959375 0.7135635328125 0.9991091750000001 0.7688692140625 1 0.59633953125 0.9166015125 0.5752993265625 0.918404959375 0.474907490625 1 0.51458330625 1
0 1 0.0256991078125 0.921560990625 0.0009017234375000001 0.8668564562500001 0.0009017234375000001 0.7394129281249999 0.2290376625 0.7514359015625 0.2466212625 0.7766841484375 0.2533841859375 0.8854920671875 0.060415446875 0.9089368671875 0.0459878765625 0.935988559375 0.045537015624999996 1 0.0680800921875 1 0.0256991078125
0 1 0.0829585234375 0.918555246875 0.055005107812499995 0.9047288265625 0.0532016625 0.8193657078125 0.19116529375 0.765262321875 0.2858462171875 0.780291040625 0.30162637187499997 0.7995278 0.3052332640625 0.8319898312499999 0.2506790171875 0.9143472046875001 0.1167731390625 0.9383931546875001 0.10820677031249999 0.9672482921875 0.1122645234375 1 0.12488864687500001 1 0.0829585234375
0 0.8283829390624999 0.311545325 0.9113414625 0.189812709375 0.924566734375 0.1681713546875 0.9474103859375 0.1523912015625 0.9714563343749999 0.1492351703125 0.9991091750000001 0.1596049859375 1 0.1330041546875 0.9347862625 0.11136280000000001 0.8812840265625 0.174483415625 0.803735840625 0.30162637187499997 0.8061404359375001 0.30929101718749996 0.8163599640625 0.3151522171875 0.8283829390624999 0.311545325
0 0.8109496249999999 1 0.9444046421875001 0.885942928125 0.96664714375 0.8832377593749999 0.9991091750000001 0.8981161906249999 0.9997103234375 0.8615964046875 0.9426011953125 0.8395041890625 0.780291040625 0.9797221281249999 0.7826956359375 0.9891902218749999 0.7971232046875001 0.9986583140624999 0.8109496249999999 1
0 0.8205680046875001 0.9310290828125 0.9444046421875001 0.83724988125 0.9732597796875 0.8399550515625 0.9991091750000001 0.8557352046875 1 0.8322904046874999 0.9468092359375 0.8020826812499999 0.880081728125 0.8480705593750001 0.803735840625 0.9193066828124999 0.7989266515625 0.9229135749999999 0.8055392875 0.930127359375 0.8205680046875001 0.9310290828125
0 1 0.8990179125 0.9654448468749999 0.8841394828125001 0.942000046875 0.8872955125 0.8121519234375001 0.9986583140624999 0.8524288875 1 0.9383931546875001 0.9229135749999999 0.9762655234375 0.9170523749999999 1 0.9278730515625 1 0.8990179125
0 0.9822770109375 0.9598842218750001 0.9997103234375 0.9675488671875 1 0.9400463125 0.9582310625 0.9179540984375001 0.8644518609375 0.9991091750000001 0.90232423125 1 0.9516184265625001 0.9630402515625001 0.9822770109375 0.9598842218750001