0 0.146305934375 0.1842979578125 0.1570854625 0.18541427187499998 0.27775291874999997 0.280654125 0.282141278125 0.261823253125 0.13660555624999998 0.14504599375 0.0754667375 0.306434603125 0.0891092640625 0.31466488125000003 0.146305934375 0.1842979578125
0 0.18126690781250002 0.319252565625 0.1926386671875 0.31687480625000003 0.31357957812500004 0.406971503125 0.316237046875 0.39011615312500003 0.175058475 0.28057770625 0.1158415984375 0.44450248906249995 0.12422186406249999 0.4569614796875 0.18126690781250002 0.319252565625
0 0.136684928125 0.51050564375 0.15177581874999999 0.527367390625 0.20718115468749998 0.38991965 0.2160782421875 0.3856695328125 0.3367915515625 0.47240275 0.33926670937500003 0.4589761890625 0.2011092203125 0.3563226546875 0.14148936875 0.51228451875 0.136684928125 0.51050564375
0 0.23547945625 0.4488745578125 0.24712466875 0.44135364062500004 0.3497864375 0.5133964921875 0.3571198296875 0.5054290328125 0.22893666875 0.42158542656250003 0.18217766562499998 0.551676728125 0.1908697421875 0.5591048796875 0.23547945625 0.4488745578125
0 0.3640174296875 0.21110370625 0.3099481109375 0.3489052765625 0.299259721875 0.3460745703125 0.1788959265625 0.25021974375 0.17418425625 0.26548248124999996 0.3126192390625 0.38021078125 0.373354159375 0.22661540625 0.3640174296875 0.21110370625
0 0.30764111562499996 0.3260411125 0.35972121874999996 0.197622346875 0.35287425 0.1862471109375 0.309646396875 0.288324578125 0.3027078359375 0.293962646875 0.2907136 0.295306278125 0.1929407703125 0.217951840625 0.1898604625 0.22858147187500003 0.30764111562499996 0.3260411125
0 0.276572475 0.1727215140625 0.28578558906249996 0.18456183125 0.3351024453125 0.0571497640625 0.3433468546875 0.047337356250000004 0.35165171093750003 0.046581315625 0.46150946406250004 0.1361766421875 0.46761310156249997 0.1284050625 0.35016456093750004 0.0235865890625 0.333949646875 0.022769310937500002 0.276572475 0.1727215140625
0 0.3616089234375 0.1243227734375 0.3710373125 0.1228211578125 0.47907300625 0.21610642812499997 0.48555632812500005 0.2037414046875 0.35778405625 0.0892346546875 0.29846121718749996 0.2392054296875 0.3079802578125 0.251288340625 0.3616089234375 0.1243227734375
0 0.408138490625 0.3211518953125 0.420773459375 0.3191395828125 0.5216941578125 0.3976664859375 0.5241513125 0.3841766765625 0.40314811875 0.2841066671875 0.34624502968750004 0.4316333125 0.3543451484375 0.447120403125 0.408138490625 0.3211518953125
0 0.3888755625 0.2776474828125 0.3988847015625 0.2770236453125 0.43420175156249996 0.30438758906249996 0.44291135156249994 0.293297896875 0.38498985937499997 0.248188365625 0.33471915 0.3755363578125 0.3418162171875 0.3860491203125 0.3888755625 0.2776474828125
0 0.384065478125 0.293937684375 0.33573200625 0.40884891406249996 0.31015035625 0.40564625468750004 0.22697270625 0.34030274843749997 0.22559669375000002 0.34546103437500003 0.3388118625 0.43601073125 0.388978653125 0.3062536578125 0.384065478125 0.293937684375
0 0.398661434375 0.3488582015625 0.34320420937499996 0.47557688750000005 0.3273065828125 0.4756831234375 0.216065046875 0.39055282812500003 0.2099633625 0.4009718578125 0.34788286562500004 0.5053948078125 0.409177209375 0.35834136875 0.398661434375 0.3488582015625
0 0.3651981421875 0.48080631562500004 0.37106030625 0.49054548281250004 0.41882160625 0.3820320359375 0.43084559687499996 0.3806021484375 0.463419975 0.40500701718750004 0.4694645421875 0.4025889359375 0.5207697171875 0.44341580625 0.5240716125 0.43803864062500003 0.41562487968750006 0.3505226625 0.3651981421875 0.48080631562500004
0 0.3647422890625 0.5314874265625 0.3508812234375 0.5336950140625001 0.2408359046875 0.4532472 0.2380823359375 0.454121178125 0.23245833437500002 0.46198394218749994 0.237323415625 0.4703533578125 0.3653479828125 0.5631781515625 0.4273886578125 0.42048771250000005 0.42367879531249997 0.4080153375 0.4146015296875 0.406412946875 0.3711131890625 0.5174095296875 0.3647422890625 0.5314874265625
0 0.22351515625 0.6458581078125001 0.2667113109375 0.550148446875 0.2700600765625 0.543954365625 0.2803626078125 0.5401363421875 0.3724403265625 0.6099471171874999 0.375065778125 0.6016910109375 0.2691509859375 0.5140537375 0.21895347968749998 0.6356985765625 0.22351515625 0.6458581078125001
0 0.2726514578125 0.506964634375 0.3764663515625 0.5870984046875 0.43155251874999995 0.4655458671875 0.42385223281249995 0.457627984375 0.3820794828125 0.5539817890625 0.377878890625 0.562488740625 0.365137840625 0.5671306015625001 0.27288350625 0.49733107499999996 0.2726514578125 0.506964634375
0 0.397654615625 0.584159315625 0.40478330937500007 0.5891201125000001 0.44325374218749997 0.505920040625 0.44962427031249996 0.5035991265625 0.5173874734374999 0.55681663125 0.5202695234375 0.551567759375 0.441224265625 0.48534212187500003 0.4013884609375 0.5765975578125 0.397654615625 0.584159315625
0 0.3953286640625 0.6637832171875 0.28403485 0.585276009375 0.28031299062500004 0.5828206796875001 0.2720291 0.5819628109375 0.27471222812499996 0.5941632671875 0.4052918140625 0.6918064359375 0.46485910312499995 0.544720059375 0.45628378437499995 0.5356352296875 0.41068355624999997 0.6491453765624999 0.4049310984375 0.6613830203125 0.3953286640625 0.6637832171875
0 0.274757559375 0.636393846875 0.2877436125 0.633019290625 0.4019658828125 0.7132373046875 0.40575815156250006 0.702618175 0.2714567375 0.602519690625 0.21526102812499998 0.7586487843749999 0.22217956718749998 0.76756205 0.274757559375 0.636393846875
0 0.2899240140625 0.6762161109375 0.2818847515625 0.6883825171875 0.385151603125 0.757282146875 0.4300820671875 0.791493175 0.4959153828125 0.6264266296875001 0.485683325 0.61717023125 0.436967290625 0.74815884375 0.432778309375 0.7584056515625 0.4208190171875 0.76205214375 0.2899240140625 0.6762161109375
0 0.4661202109375 0.5869654718749999 0.4747775859375 0.5847157562499999 0.5819760625 0.6638752265625001 0.5879034609375 0.654222375 0.46672780625000004 0.5598713546874999 0.410999209375 0.7032982484375 0.41783607656250005 0.711789075 0.4661202109375 0.5869654718749999
0 0.4800060109375 0.541209828125 0.4769142171875 0.53865416875 0.4695753734375 0.5376457765625 0.47066018125 0.54661726875 0.5876821 0.6446779453125 0.6453240796874999 0.5044298125 0.6359785984374999 0.498080284375 0.589374821875 0.6147983484374999 0.57858236875 0.6160817828125 0.4800060109375 0.541209828125
0 0.6877332109375 0.574313125 0.676182559375 0.5683148 0.6237678765625 0.7003278921875 0.6091835234375 0.7004734671875 0.5024424078124999 0.6194053046875 0.49590593125 0.631861909375 0.6257269437499999 0.73398029375 0.6877332109375 0.574313125
0 0.3248489 0.8068519999999999 0.33027435 0.8046815875 0.460656134375 0.884503171875 0.4642734953125 0.871299265625 0.322901425 0.7749395078125 0.26887289375 0.9345098500000001 0.27749782500000003 0.9415421671875001 0.3248489 0.8068519999999999
0 0.4601204765625 0.8514949484375001 0.5135742624999999 0.697979753125 0.5045906 0.6867827609375 0.459958309375 0.815379171875 0.4496789953125 0.82267705 0.33355455156249997 0.7527771203125 0.32640189375 0.7678504046875 0.4601204765625 0.8514949484375001
0 0.5260324203125 0.7695604828125 0.5340249046875 0.7621913703125001 0.628541146875 0.8311783234375 0.63068824375 0.82212754375 0.524329946875 0.738915296875 0.47189652187500003 0.8739734484374999 0.4800355140625 0.8826983484375001 0.5260324203125 0.7695604828125
0 0.6435933890625 0.7948166265625 0.6999520171875 0.651289371875 0.6921116265625 0.6460064609375 0.645904578125 0.7630967734375 0.6344236203125 0.767537946875 0.5349838484375 0.6932389609375 0.5262096296875 0.701603446875 0.6435933890625 0.7948166265625
0 0.8135129734375001 0.7460671296875 0.868902965625 0.610967540625 0.8622526031250001 0.606801421875 0.8123705250000001 0.7166390984375 0.8075751078125 0.71870916875 0.79722613125 0.7155675609375 0.7135724109375 0.6439797031250001 0.7124520453125001 0.6533023921875001 0.7130937234375 0.654941953125 0.8135129734375001 0.7460671296875
0 0.8553330156250001 0.5308380453125 0.8638502640624999 0.531223309375 0.9538157187499999 0.6153046078125 0.9602330703125 0.608186359375 0.852872003125 0.5046681078125 0.7923948171874999 0.6453677718749999 0.8010517953124999 0.6548750265625001 0.8553330156250001 0.5308380453125
0 0.8070573859374999 0.6553106203125 0.7951096828125 0.6606969890625 0.7254451640624999 0.5942836359375 0.7191558953125 0.6087839640625 0.7995425078125 0.6869883437500001 0.8645817515625 0.5446912140625 0.855936340625 0.5369238640625 0.8070573859374999 0.6553106203125
0 0.6473326328125 0.549681478125 0.65251313125 0.5462437515625 0.7153407859375001 0.6041662875 0.72321675625 0.591155009375 0.6453267421875 0.5208264015624999 0.591558225 0.6610282640625 0.5985237156250001 0.66675074375 0.6473326328125 0.549681478125
0 0.7570631609375 0.581744184375 0.6523500328125 0.49696362812499995 0.6496661390625 0.508277090625 0.75554575625 0.6024516203125 0.8119856625 0.4711037421875 0.8025701406250001 0.46607169062500003 0.7570631609375 0.581744184375
0 0.9011581171874999 0.54268356875 0.9067937140625 0.536560725 0.8048345031249999 0.43914915624999995 0.75029634375 0.5719359265625 0.7560832578125 0.576674975 0.8055922750000001 0.458187890625 0.9011581171874999 0.54268356875
0 0.8278110406250001 0.3379510015625 0.7825610390625 0.44487376875000006 0.770916759375 0.44847005781249993 0.6849297828124999 0.3698512921875 0.683821015625 0.38091391093750004 0.7824434171875 0.4745024703125 0.8349513578125001 0.344651740625 0.8278110406250001 0.3379510015625
0 0.824019146875 0.33681316093749997 0.83103135 0.3361318 0.912981428125 0.41234541562500004 0.9160852703125 0.404884015625 0.8233666234375001 0.309919740625 0.7666756328125001 0.4357256875 0.7766572515625 0.44624946718749997 0.824019146875 0.33681316093749997
0 0.3828126390625 0.5320119359375 0.38876289062499997 0.537595884375 0.432064309375 0.434031559375 0.44094342812500004 0.42956934062499996 0.5293109078125 0.498664709375 0.533359775 0.4910528 0.43115521718750005 0.4041309125 0.4269314140625 0.40915803124999994 0.4300696609375 0.4186733578125 0.3828126390625 0.5320119359375
0 0.6300871828125 0.371577071875 0.5793649015625 0.485467553125 0.5684207203125 0.48764601250000006 0.46782615625 0.405693009375 0.46663570312499997 0.4163331890625 0.581207475 0.513477753125 0.63788076875 0.3816572921875 0.6300871828125 0.371577071875
0 0.5713968 0.4610455546875 0.5865415484375001 0.450360165625 0.5928776171875 0.4310625234375 0.6297950171875 0.3230297609375 0.620963103125 0.310937703125 0.5693537656250001 0.43367827812500004 0.5553061687499999 0.43156116093749997 0.46000854062499996 0.351812615625 0.4602318703125 0.3664065015625 0.5713968 0.4610455546875
0 0.600196603125 0.258944075 0.5538029718749999 0.3717097 0.5343183046875 0.370023071875 0.44394420781250005 0.29558657187500004 0.43979592500000003 0.3043924765625 0.55552868125 0.40583470000000005 0.6117704421875 0.2684222375 0.600196603125 0.258944075
0 0.63355991875 0.284859809375 0.6429173734375 0.2811922953125 0.7324396984375 0.3579416625 0.7377254171875001 0.34664925 0.63031755 0.247928284375 0.5743972390625001 0.38409378125 0.58150749375 0.40026845624999996 0.63355991875 0.284859809375
0 0.8184566578125001 0.22841483125 0.8124131437500001 0.2206685390625 0.7628460828125 0.3304560609375 0.7535586671875001 0.332806084375 0.7446915453125 0.32725126250000003 0.660268059375 0.24664173125 0.664339415625 0.266023596875 0.764641828125 0.36326356249999997 0.8184566578125001 0.22841483125
0 0.8018580953125 0.1610258375 0.7511942312500001 0.271858903125 0.74315529375 0.27226835 0.6494796515625 0.1874716265625 0.6458450140625 0.200566275 0.7494060546875 0.3012448296875 0.8088582796875 0.17036153125 0.8018580953125 0.1610258375
0 0.789599121875 0.0488927015625 0.7820389453125001 0.038339871875 0.73341690625 0.147976871875 0.7189958484375001 0.148967328125 0.627476065625 0.05348534687499999 0.622097040625 0.0626154140625 0.630162028125 0.0690602109375 0.7329490671875 0.18419299375 0.789599121875 0.0488927015625
0 0.7568081062500001 0.1808191078125 0.7639135640625 0.1823001015625 0.7777397984375 0.17487277031249998 0.75252700625 0.1536327109375 0.714651403125 0.2432696828125 0.72436385 0.2485772625 0.74489526875 0.1914252515625 0.7568081062500001 0.1808191078125
0 0.8206613453125 0.27428446875 0.82968019375 0.2789442484375 0.908141796875 0.352229925 0.9139175249999999 0.343472125 0.8166952875 0.247047896875 0.7636090875 0.3745226921875 0.77118756875 0.386234359375 0.8206613453125 0.27428446875
0 0.598896640625 0.09519926875 0.607390678125 0.09210470625 0.7050447906249999 0.1823639453125 0.7083587265625 0.170950121875 0.5938689875 0.062471031249999996 0.5377378921875 0.19898280625 0.546295803125 0.2111306890625 0.598896640625 0.09519926875
0 0.56796694375 0.0679026484375 0.5748506640625 0.0715961703125 0.58175759375 0.078769503125 0.58726508125 0.06526458125 0.5578404796875 0.0390345796875 0.4987406390625 0.16166179375 0.5138381453124999 0.17282481562500002 0.558457796875 0.072465228125 0.56796694375 0.0679026484375
0 0.57944378125 0.19278812812499999 0.58812475 0.1822612984375 0.6227762718750001 0.21201321874999998 0.634315684375 0.2045146875 0.5791066500000001 0.15408756562499998 0.52965570625 0.28127424218749997 0.5359442015625 0.29028785468749996 0.57944378125 0.19278812812499999
0 0.59586380625 0.19199051250000002 0.5461562609375 0.3161699359375 0.533275478125 0.31168978125 0.43329932812500005 0.227896528125 0.43119865781250005 0.2439069640625 0.5488038078125 0.3466645875 0.60656263125 0.20030169375 0.59586380625 0.19199051250000002
0 0.5108286 0.2678017265625 0.5010160265625 0.274154371875 0.413372284375 0.1953640515625 0.412905546875 0.196309284375 0.4051467890625 0.1914487984375 0.4037346265625 0.204301503125 0.42255364999999995 0.22438265156249998 0.43051095781250004 0.223550778125 0.511854584375 0.29158757031250004 0.5484697046875 0.2139083109375 0.5318550671875 0.216989859375 0.5108286 0.2678017265625
0 0.5774384390625 0.599569946875 0.5777950781250001 0.6048398328125 0.5853950515624999 0.6116194125 0.6311426359375 0.4938050484375 0.6364236171875 0.49030062812499997 0.64913808125 0.49271452968749996 0.7377689484375 0.5624937671875 0.74266924375 0.562157196875 0.6314885968749999 0.4613460296875 0.5774384390625 0.599569946875
0 0.744789271875 0.4703783953125 0.7380331921875001 0.4816638421875 0.72979058125 0.48697161875 0.654112071875 0.41912453593750004 0.654599303125 0.43191971718750005 0.7342620546874999 0.5066783625 0.756885146875 0.47644195 0.744789271875 0.4703783953125