0 0.29706667656249997 0.24042075624999998 0.1504421796875 0.160571084375 0.1362021359375 0.155742015625 0.1207762265625 0.157099334375 0.10560703593750001 0.1641359765625 0.009956434375 0.2803899921875 0.014802751562499999 0.2869242828125 0.024111731249999997 0.2887660953125 0.0300830453125 0.28824068125 0.11459025625000001 0.182351915625 0.1252359625 0.179134440625 0.1382240828125 0.1783717515625 0.14862888125 0.1808773875 0.2801637078125 0.2533118640625 0.290317028125 0.2539389984375 0.2975245 0.24760290624999998 0.29706667656249997 0.24042075624999998
0 0.15933761875000002 0.223269665625 0.1436603203125 0.22274846250000002 0.1318182640625 0.2245507 0.12281624687499999 0.2287639296875 0.023324667187500002 0.34075712187499996 0.02289889375 0.34741245 0.02793053125 0.351151109375 0.037189221875 0.35261720625000004 0.1384192671875 0.2475377703125 0.148667921875 0.24511549062500002 0.1573787484375 0.2462496734375 0.2844906171875 0.32325474062500004 0.2940510265625 0.3269750546875 0.3021081234375 0.32322507031250003 0.3085665375 0.3150542625 0.15933761875000002 0.223269665625
0 0.31731028906250003 0.3803808578125 0.3165559890625 0.37474531718750004 0.1763448546875 0.290149928125 0.1579332875 0.291769953125 0.145045740625 0.29328404531249996 0.0513698828125 0.3908564796875 0.0458037875 0.40146228125 0.0499986359375 0.40694248593750004 0.054331503125 0.40922214375 0.06289146875 0.40922919999999996 0.1430973546875 0.3238656828125 0.1515462171875 0.3155197171875 0.1616440125 0.3119703296875 0.1731895875 0.31171468281250003 0.1799602484375 0.31339970156249997 0.3036338796875 0.38728615 0.308011790625 0.3861406796875 0.31731028906250003 0.3803808578125
0 0.3318084359375 0.43227678437500006 0.186822340625 0.3496220625 0.1576645375 0.3537081484375 0.06140531406250001 0.4545489171875 0.059172021875 0.46182940937500006 0.0636126359375 0.46727902343750005 0.0685437015625 0.4702662875 0.0770030953125 0.46952195 0.15775160625 0.3806895421875 0.165456696875 0.37430966250000003 0.17764547343749998 0.371336534375 0.1898395359375 0.37216422968749996 0.317142065625 0.44307046874999995 0.3225655140625 0.44221312343749997 0.3304214203125 0.4369603578125 0.3318084359375 0.43227678437500006
0 0.34552912812500003 0.4934104296875 0.301350684375 0.46802783437500006 0.19914553125 0.40783763281249996 0.17227461718749998 0.4102019890625 0.0714094890625 0.5137483421875 0.0727437859375 0.5204536859375 0.07991673593750001 0.5251443140625 0.0878784578125 0.5244437671875 0.16530511875 0.444646565625 0.1637567640625 0.44060141249999996 0.1724067265625 0.4337582578125 0.1816098921875 0.43104785 0.19066219375 0.4272103171875 0.197332234375 0.4281439265625 0.33499451874999997 0.5049809093750001 0.34552912812500003 0.4934104296875
0 0.1974007984375 0.466271371875 0.1668957421875 0.46781511406250004 0.0652062 0.5689994046875 0.0647762609375 0.5775343390625001 0.07204978437500001 0.5829763796874999 0.081554665625 0.5825201718749999 0.1733459328125 0.48967509062500003 0.1819006109375 0.4858813421875 0.19210422031250002 0.486884175 0.32807253125 0.5623497093750001 0.33747679375 0.5611420921875 0.34050225625 0.55365346875 0.33930061875 0.548437409375 0.1974007984375 0.466271371875
0 0.171726590625 0.52647676875 0.075406553125 0.6193402140625001 0.067510840625 0.6318188984375 0.0728944859375 0.6381874875 0.0819573171875 0.6419515812500001 0.1829517015625 0.5463960812499999 0.19255191562500001 0.542890475 0.2024087578125 0.5450641859375 0.3318578453125 0.620723221875 0.3384221140625 0.6171046062500001 0.3442372828125 0.6116512828125 0.3437291765625 0.6040934359375 0.20312627968750002 0.5240940468749999 0.171726590625 0.52647676875
0 0.216360071875 0.5815899734375 0.186005921875 0.58426081875 0.0879971515625 0.67955361875 0.082454859375 0.6865795671875 0.0866709515625 0.692214515625 0.09269779375000001 0.6958656265625 0.10021222187500001 0.69558455625 0.1952405765625 0.6043552703125 0.20106103125 0.6027027484375 0.21106354062500002 0.602202771875 0.3461822203125 0.6750821593749999 0.3501127953125 0.6743561890625 0.3568729234375 0.668439578125 0.35507313749999997 0.6625159093749999 0.216360071875 0.5815899734375
0 0.3403482578125 0.7029646625 0.2189719953125 0.634958121875 0.19812268125000002 0.6371727625 0.0991652203125 0.73240646875 0.099828003125 0.7416137796875 0.107000909375 0.746304428125 0.11501296406249999 0.7459795734375 0.20730709531249997 0.6568915125 0.21651026093749998 0.6541811046875 0.22477370156249998 0.6557347734375 0.35605713906249997 0.7262907375000001 0.3632195625 0.7233797515625 0.3684921046875 0.721395303125 0.36768752031249996 0.715384065625 0.3403482578125 0.7029646625
0 0.2382451078125 0.6849133968750001 0.2093334546875 0.6870771953125 0.112566125 0.78036011875 0.1123755203125 0.785949340625 0.11551726250000001 0.79112415 0.12034775312499998 0.793360003125 0.1274651328125 0.7938741328125001 0.21891491875 0.7060007484375 0.22866594999999998 0.70362225625 0.235984471875 0.705639190625 0.35501827656249996 0.7711909578125 0.36761463125 0.7750242625 0.3785065296875 0.7698844984375001 0.3771037453125 0.763165634375 0.2382451078125 0.6849133968750001
0 0.3634138765625 0.7963009046875 0.23710654843749998 0.7253070968750001 0.22028842499999998 0.727547159375 0.12839309375000002 0.8153116593749999 0.1277030578125 0.8219826359375 0.136816175 0.8261224265625 0.147959459375 0.82286116875 0.2274823859375 0.747441046875 0.240465265625 0.7428775437499999 0.2532071921875 0.7440371515625 0.36596796249999997 0.807860115625 0.37084349843750003 0.8066708609375001 0.3787999796875 0.8021695046874999 0.37804568125000004 0.7965339640625 0.3634138765625 0.7963009046875
0 0.21574229374999998 0.7913822390624999 0.19633552031249998 0.79308983125 0.18330235625 0.7972776390625 0.082856434375 0.8871301109375 0.085494778125 0.8940732375 0.089179159375 0.89526955625 0.09744264531249999 0.896823221875 0.19178800000000001 0.815537353125 0.1994480484375 0.8125825828125001 0.20929965 0.8109555015625001 0.22064936875000002 0.8129978546875 0.33983927187499996 0.8834775374999999 0.3528724359375 0.8792897484375001 0.3550032203125 0.8726400890624999 0.21574229374999998 0.7913822390624999
0 0.5931111921875 0.19446526875 0.4421380140625 0.100933525 0.4084011515625 0.1046622578125 0.28805401875 0.2245787796875 0.2877905828125 0.23045333750000002 0.300241321875 0.236960375 0.30710730937499997 0.2355959625 0.41072486250000007 0.12954620781249998 0.423210115625 0.1250264890625 0.4376407765625 0.12375674218749999 0.449990984375 0.12951234843749998 0.5752633046875 0.2078196578125 0.5818830578124999 0.20837757343750002 0.592870240625 0.20018838125 0.5931111921875 0.19446526875
0 0.45223425781250004 0.172603271875 0.4194423171875 0.17586875625 0.30352584375 0.2950180484375 0.304752775 0.30075870937500004 0.30953298125 0.302618865625 0.3199880234375 0.3055002171875 0.42863197187499996 0.19938831562499998 0.43728722343750004 0.1963459796875 0.44579685781249995 0.195977340625 0.58620389375 0.2782747296875 0.5919740640625 0.27624651093749997 0.5977892328125 0.2707931859375 0.5994224375 0.264187309375 0.45223425781250004 0.172603271875
0 0.46233615937500006 0.23682797500000002 0.4273526171875 0.23876577656250003 0.31508509687499997 0.351658671875 0.31816844375 0.3592619703125 0.32381164687499997 0.36419529375000004 0.331079884375 0.3658365296875 0.43545173593750003 0.265422315625 0.4397741203125 0.26010033125 0.44967600937499996 0.2588489390625 0.4579394953125 0.2604026046875 0.5955567375 0.3406646984375 0.60445818125 0.3357000734375 0.6083332296874999 0.3307975828125 0.6055884765624999 0.32533717968750003 0.46233615937500006 0.23682797500000002
0 0.4351523234375 0.3008005125 0.32377939218749996 0.41285445000000004 0.3248165890625 0.420220396875 0.33016876562499997 0.4267370828125 0.3402718453125 0.4269885015625 0.445633659375 0.3226859125 0.45334394843750003 0.32010684375 0.4636984625 0.32223678125 0.5991293453125001 0.40497201718750003 0.60723673125 0.40159776562499994 0.6146400609375 0.39296367499999996 0.6144336734375 0.38766004375 0.468642990625 0.29899406875 0.4351523234375 0.3008005125
0 0.454759725 0.3607766453125 0.442570903125 0.36374976718749996 0.3303339703125 0.47273062499999996 0.328614653125 0.479072034375 0.336631946875 0.4825479875 0.34743375468750004 0.48425844375000004 0.4499660109375 0.3851464703125 0.4656884 0.3822425515625 0.47798303437499995 0.38382164687500003 0.60310449375 0.461001840625 0.619520321875 0.45575615156250004 0.622048159375 0.44831129531249997 0.477700065625 0.359138265625 0.454759725 0.3607766453125
0 0.6177198125000001 0.5212964921875 0.6215498609375001 0.51981910625 0.6293051937499999 0.5138149265624999 0.6300940125000001 0.5084237484374999 0.48743989374999996 0.42062216875 0.45399946562500004 0.4228043140625 0.3433651078125 0.529091353125 0.3433324484375 0.5359795203125 0.347014975 0.541314409375 0.355328746875 0.5432437703125 0.3601037109375 0.5413031203124999 0.45916321250000003 0.45009925624999997 0.4649281421875 0.44427023125 0.47562408749999996 0.44142845625 0.48254560468749996 0.44424058437499997 0.5874074265625 0.5066992906250001 0.605074990625 0.5174023953125 0.613540690625 0.522530971875 0.6177198125000001 0.5212964921875
0 0.634645228125 0.564996184375 0.49796766249999996 0.48047000000000006 0.46382850937500003 0.4811931234375 0.3556381375 0.582763834375 0.35454136406250003 0.59002250625 0.361468121875 0.596635440625 0.3700280421875 0.5966425171874999 0.4704798 0.504555909375 0.4780895625 0.50122544375 0.48659919687500003 0.5008568046875 0.4923746515625 0.5026293921875 0.6222710296875 0.5778689296875 0.6300819375 0.57604126875 0.6354498140625 0.5710074234375 0.634645228125 0.564996184375
0 0.64298144375 0.623516346875 0.5042128515625001 0.5384138890625 0.46982750937500006 0.5410593171875 0.3640740046875 0.6401458828125 0.36138470625 0.6486740265625001 0.365818190625 0.6517050734375001 0.37537860312500004 0.6554253859375 0.47553388124999996 0.5648853671875 0.48548081718749997 0.5602088734375 0.49388992500000006 0.5590888374999999 0.5003138171875 0.56194475 0.627968353125 0.6354809046875001 0.6340402421875 0.635706903125 0.6417955765625 0.6297027234375 0.64298144375 0.623516346875
0 0.47846015781249995 0.598032884375 0.375872371875 0.6929683375 0.3728867953125 0.700343996875 0.3775318296875 0.705366528125 0.3870419546875 0.7087111453125 0.4874937109375 0.616624525 0.49878785625 0.6144903765625 0.5070010578125 0.6156683359375 0.6347561671874999 0.6899559015625 0.643019653125 0.691509565625 0.652016384375 0.68349553125 0.6502668828125 0.6779475578125 0.5102066109375001 0.5944792765625 0.47846015781249995 0.598032884375
0 0.5172740578125 0.6510434828125 0.4879151109375 0.6536267625 0.39069515625 0.743528371875 0.381390884375 0.7525914265625 0.38175923906250003 0.7595197328125 0.3871878828125 0.762463215625 0.39574785 0.7624702890624999 0.48745954999999996 0.6840770390625 0.496305421875 0.674935896875 0.5060565 0.6725574015625 0.514319940625 0.67411106875 0.635897346875 0.7436204171874999 0.6570431390625 0.739859165625 0.6582342484375 0.7374735968749999 0.5172740578125 0.6510434828125
0 0.499014071875 0.7000732000000001 0.3923621609375 0.797359784375 0.39729846874999997 0.804147875 0.4091458078125 0.806146440625 0.5005557921875 0.725498990625 0.5084117 0.720246225 0.5177154374999999 0.7182872109375 0.52408904375 0.720767409375 0.5777325624999999 0.7529197171875001 0.6092275796875 0.7474875812499999 0.5243089390625 0.69984105625 0.499014071875 0.7000732000000001
0 0.7804245125 0.10364289062500001 0.74330494375 0.1084295265625 0.72526115 0.12408190156250001 0.612305384375 0.2313785296875 0.6179696984375 0.23653697187499997 0.6229510484375 0.23989993437499998 0.6329085109375 0.2428250484375 0.737179790625 0.14165944375 0.75289160625 0.131153909375 0.7694080515625 0.126659609375 0.7844924375 0.13027399374999998 0.9103681984374999 0.2130897375 0.92036541875 0.2087889390625 0.9288645687500001 0.20081867031249998 0.7804245125 0.10364289062500001
0 0.7888496984375 0.1703510625 0.7588925546875 0.1722267328125 0.74397479375 0.1811418765625 0.6254474640625001 0.2900560203125 0.62742989375 0.295931675 0.6330597265625 0.3003779421875 0.6435147703124999 0.30325929218750003 0.7547473250000001 0.19767988125 0.7640007734375 0.195345153125 0.7809194671874999 0.1938564859375 0.7887859046875 0.19620534843749998 0.9126659703125 0.2753954234375 0.9266943796874999 0.2711200265625 0.93424856875 0.26361304375 0.7888496984375 0.1703510625
0 0.931547315625 0.3299466828125 0.7894861093750001 0.239051925 0.7763973703125 0.2390632125 0.7579858484375 0.240683234375 0.750923996875 0.244345609375 0.6297873625 0.3563461625 0.6318963015625 0.3631551171875 0.6377722875 0.3656791359375 0.649569340625 0.3673019875 0.7526495109375 0.2685219515625 0.76702464375 0.2630756828125 0.77946485 0.2619810765625 0.787180428125 0.26320282968750003 0.9060791390625 0.33902990625 0.9170318046875 0.3418674734375 0.9269284531249999 0.3368152640625 0.931547315625 0.3299466828125
0 0.9444846328125 0.38898921406250003 0.7949592812499999 0.2987512078125 0.7644542703125 0.30029494375 0.63979196875 0.41416002656249995 0.6420941546875001 0.42053805468750005 0.6477742765625 0.4253600515625 0.659023421875 0.4266510125 0.7655868265625 0.3275644671875 0.7726486765625 0.3239020734375 0.7855362671874999 0.3223879796875 0.7972829921875 0.3236351546875 0.91383924375 0.39700745937500004 0.9253398203125001 0.40017693750000005 0.9393681890625001 0.3959015640625 0.9444846328125 0.38898921406250003
0 0.815686290625 0.35204592031250004 0.7813009484375 0.3546913484375 0.6609658484375001 0.463732575 0.65699546875 0.47168448124999995 0.6590917359375 0.476061559375 0.6646712890625001 0.480132165625 0.6732814953124999 0.4805149421875 0.7816897796875 0.38392695312499997 0.788550484375 0.3787617546875 0.8002919640625 0.3762081046875 0.814974059375 0.3768168796875 0.9456194968749999 0.45389115156250004 0.9538777406250001 0.45164399062499994 0.9621757015625001 0.44217093749999997 0.815686290625 0.35204592031250004
0 0.809976421875 0.4222323890625 0.789870925 0.42248095 0.7757419359375 0.4260049171875 0.656739090625 0.5294873359375 0.6538637234375 0.534801809375 0.6607904812500001 0.54141474375 0.66935564375 0.545222628125 0.7824886078125 0.44631829375 0.7901988953125 0.44373922656250003 0.8011463203125 0.4427759671875 0.9357779031250001 0.5233007703125 0.94214626875 0.521980178125 0.95024836875 0.5148051031249999 0.9504892734375 0.509081996875 0.809976421875 0.4222323890625
0 0.8144826374999999 0.482229934375 0.8053245203125 0.48151523906250004 0.7947741453125 0.481683309375 0.7897980359375001 0.48212115468750005 0.6844654968749999 0.5715961984375 0.6754633296875 0.5734274984375001 0.65766588125 0.5895395140625 0.6611093578125 0.5964589390625 0.672459075 0.5985013078125 0.683300640625 0.5929858359375 0.7845570296875 0.506910459375 0.7965949453125 0.5028102328124999 0.8153082328125001 0.503444425 0.9299243640625001 0.57736756875 0.9394292015625 0.5769113828125 0.94708925 0.573956615625 0.9495668 0.5661360609375 0.8144826374999999 0.482229934375
0 0.7850463875 0.53689748125 0.7701338718749999 0.5496134484375 0.663300959375 0.640599825 0.6708334171875 0.6465404078125 0.6841233 0.6480319234375 0.7837862453125 0.561336509375 0.791843296875 0.5575865484375 0.8051278937499999 0.5552772625 0.8164776125 0.5573196312500001 0.9342249734375001 0.6283063640625 0.945815596875 0.6246256265625 0.9504847484375001 0.6181327546875 0.8148023859375 0.533519003125 0.7850463875 0.53689748125
0 0.7900167421875001 0.5928397265625 0.7784313578125001 0.600321284375 0.672106584375 0.6951001046874999 0.672270203125 0.702413459375 0.67705040625 0.7042736140625 0.686359384375 0.706115409375 0.7908475765625 0.6178550359375 0.8016891890625001 0.61233955625 0.81029939375 0.6127223328125 0.9442772515625 0.6883629953125 0.953972753125 0.68180798125 0.9534646468749999 0.6742501515625 0.8141031453125 0.5922408906250001 0.7900167421875001 0.5928397265625
0 0.688583628125 0.7335395359375 0.7213797046875 0.7307832859375 0.7892827328124999 0.6738714671875 0.8007224953125001 0.6690636015625 0.8133083671874999 0.665295290625 0.8251556656249999 0.667293878125 0.8893097953125 0.706504021875 0.9199101375 0.70191086875 0.8225858078125 0.6443322140625 0.7943226375 0.6475793359375001 0.6932621546875 0.731356709375 0.688583628125 0.7335395359375
0 0.13379724375 0.1840163640625 0.12247795312500001 0.1901828109375 0.1225890546875 0.19853584062500002 0.2727628875 0.28985716093749997 0.30296618125 0.2860592078125 0.41959588906249995 0.160618403125 0.4129205625 0.15588398125 0.402812240625 0.151831746875 0.29620903125 0.25814420781249997 0.2867649625 0.2665777421875 0.276762503125 0.26707773281249997 0.13379724375 0.1840163640625
0 0.4088886953125 0.2273225765625 0.309543240625 0.327674640625 0.30024474687499997 0.3334344796875 0.2874525328125 0.33189915625 0.1550163296875 0.2522403953125 0.14749807343750002 0.25298309531249996 0.1420799109375 0.2576412453125 0.13795343124999998 0.260665215625 0.13965269375 0.26583748906250004 0.26905673124999996 0.3449216171875 0.28827812812500003 0.35311365625 0.31519932812499996 0.35112499375 0.4275171765625 0.2386077921875 0.42536533906249996 0.23005421250000002 0.41465886406249997 0.2252943578125 0.4088886953125 0.2273225765625
0 0.180652078125 0.3201300734375 0.165662978125 0.31346627968749996 0.158249121875 0.3144987515625 0.146217678125 0.3219666671875 0.295792040625 0.41301351249999996 0.325945090625 0.4088398390625 0.4371221171875 0.2990839140625 0.43422650625000003 0.292496403125 0.42670683593750003 0.28897665625 0.4173528109375 0.290559965625 0.31964576093749997 0.3881069890625 0.3081054703125 0.39216343125 0.294669965625 0.3933456046875 0.2021708859375 0.33420199687499996 0.180652078125 0.3201300734375
0 0.30033991875 0.446991759375 0.1743290703125 0.37445136093750003 0.16731750625 0.3784894515625 0.1635430328125 0.38414335624999996 0.1672829890625 0.38951618906249996 0.3061469109375 0.47156921562500004 0.3246087203125 0.47032490937500004 0.33580233593750003 0.4674393453125 0.4509099390625 0.3569574390625 0.44507895625 0.351008334375 0.43347780625 0.3470874625 0.42741120468749993 0.3506622765625 0.3334786265625 0.442555396875 0.31825915 0.44921634062500004 0.30033991875 0.446991759375
0 0.324207859375 0.5087068218749999 0.3136071984375 0.508499184375 0.180632640625 0.4323372265625 0.1702250328125 0.43406613437499997 0.162917034375 0.43965081250000004 0.1661593671875 0.44506743125000003 0.3099040234375 0.529732046875 0.34040908124999997 0.52818830625 0.44329334375 0.43170625312500005 0.45113876875000003 0.41885185312499995 0.4501330375 0.4113378015625 0.43679291249999996 0.4094705765625 0.334406228125 0.5059088468749999 0.324207859375 0.5087068218749999
0 0.33463593125 0.564048134375 0.31771194999999997 0.56173598125 0.207439215625 0.49769411249999995 0.1957375375 0.493021825 0.1868308515625 0.49418564062500003 0.18146530624999999 0.5006455078125 0.1868466203125 0.505588078125 0.315898653125 0.5820422921875 0.3243632875 0.5850987625 0.3438203453125 0.58376688125 0.354616865625 0.5816765203125 0.465703846875 0.47877080312500003 0.4644016390625 0.47280335156250003 0.45553999687499996 0.4705420546875 0.4445422875 0.47112961875000003 0.3532381171875 0.5563292859375 0.33463593125 0.564048134375
0 0.3414290328125 0.622323934375 0.33496009375 0.6228931328125 0.32579673593749997 0.6183776390625 0.205272678125 0.5486971765625 0.19635813124999998 0.5503202375 0.189894478125 0.5546902390625 0.190201440625 0.5607452796875 0.3301611390625 0.6434621500000001 0.3599171375 0.6400836734375 0.47602523124999996 0.5333150234375 0.47084273125 0.5284492375000001 0.46188047499999996 0.5254365546875001 0.4557080125 0.5244591453125 0.3506824375 0.619989228125 0.3473500609375 0.6214228234375 0.3414290328125 0.622323934375
0 0.3711184609375 0.6673482515625 0.351430978125 0.6820048703125 0.3429213453125 0.6823735078125 0.2070638453125 0.6072337359375 0.198946265625 0.6110336328125 0.1945233078125 0.6156042078125 0.1946794546875 0.6205321265625 0.3276620640625 0.6962603703125 0.3394643578125 0.701684046875 0.3663855625 0.699695403125 0.4811516828125 0.59418519375 0.480246525 0.5874225453124999 0.46804717656249994 0.5827940484374999 0.461080659375 0.583407028125 0.3711184609375 0.6673482515625
0 0.349944825 0.7273245875 0.2292342609375 0.6599882109374999 0.22284872500000003 0.66172195625 0.21758142343750003 0.6675072140625 0.2277452734375 0.6757359593750001 0.35385669375 0.7490277703125 0.3839594125 0.7444784062500001 0.4910204875 0.64534808125 0.4831487671875 0.6391984171875 0.47334220781249997 0.63740039375 0.4682707671875 0.640887653125 0.37676545156249996 0.7245845171874999 0.36517482968750004 0.728265271875 0.349944825 0.7273245875
0 0.361458190625 0.7757280953125 0.24199225625 0.710151803125 0.23376389375 0.70941785625 0.227249909375 0.7134121640625 0.22596351406249998 0.718847134375 0.366314978125 0.7969680140625 0.39064752812500003 0.7944468812500001 0.494180275 0.6990481515625 0.49372245625 0.6918660109375 0.4862530703125 0.6887219625000001 0.4794373671875 0.690462053125 0.3798749984375 0.7779088765625 0.36992282187500003 0.7787845640625 0.361458190625 0.7757280953125
0 0.5053521625 0.7524233734375 0.4973851546875 0.7493231015624999 0.488025890625 0.7471056093749999 0.3935349203125 0.831065178125 0.377516096875 0.8355156906250001 0.36556818125 0.8327656953125 0.25131458281249996 0.769074103125 0.24364929375000002 0.7682280453125 0.23535099062499998 0.7734192515625 0.23171719375 0.7768805000000001 0.23615063281249998 0.77991155 0.3538424671875 0.84672178125 0.37092259375 0.8539618296875 0.3942096546875 0.8511525687500001 0.4099718015625 0.8410227265625 0.445988046875 0.794139025 0.457517853125 0.7824809453125 0.4742752078125 0.7722635546875 0.4984013703125 0.7644387921875 0.5053521625 0.7524233734375
0 0.6806242890624999 0.7154357796874999 0.6690859171875 0.7126205156250001 0.547624959375 0.6415900484375 0.5399327031250001 0.639713203125 0.5289419234375 0.64604300625 0.527808584375 0.6499265953125 0.5301207531250001 0.6523234875 0.6472999796875001 0.7216877609375 0.668847440625 0.7335816828125 0.6936188484375 0.7316574218749999 0.812672090625 0.633080028125 0.8121280828125 0.6264883234374999 0.8063704921875001 0.6213768390625 0.7995797328124999 0.6186545671875 0.7946026875000001 0.6219015406249999 0.6968251015625 0.70507240625 0.6806242890624999 0.7154357796874999
0 0.6711870156249999 0.6575625796875 0.6596824265625 0.65499970625 0.628629059375 0.6352596968750001 0.6233106375 0.6334293515625 0.53628325 0.5846505171875 0.5294622906249999 0.584229215625 0.5222465390625 0.588439275 0.52125070625 0.5936342609375 0.6585424203125 0.6768062921875 0.688763828125 0.6751686046875001 0.8061759109375 0.5744373015625001 0.8057331874999999 0.5686027890625 0.8001107265625 0.5645008812500001 0.7923847187499999 0.5623716390625 0.78697199375 0.5648908484375 0.6811819906250001 0.65642775 0.6711870156249999 0.6575625796875
0 0.6686228390625 0.6030272890624999 0.6597285671875001 0.602277684375 0.6465454562499999 0.594755140625 0.5323209906249999 0.5281755218749999 0.5236867953125001 0.528444278125 0.5154041234375 0.534791165625 0.5139726718750001 0.5392583734375 0.655042934375 0.6228640390625 0.6845957671875 0.6212851671874999 0.8022407734374999 0.5197672671875 0.80223373125 0.5146605281250001 0.7984481125 0.5091201609375 0.7898205125 0.5078363515625 0.7839383875 0.5093753921874999 0.6775100734375 0.59867015 0.6686228390625 0.6030272890624999
0 0.668041815625 0.5532005421874999 0.6587794578125 0.552227959375 0.651620675 0.5492827015625 0.530021034375 0.47468928125 0.5194214968749999 0.4738343515625 0.512604059375 0.47596642187500005 0.5059590859374999 0.48191383749999994 0.5064017765625 0.48774835312500003 0.6531923265625 0.5736597390625 0.6817760359375 0.5724215187499999 0.8095068031249999 0.46286586406249997 0.804913896875 0.45382137968749997 0.796049884375 0.4507708 0.7880268781249999 0.451476740625 0.676929046875 0.5488434015625 0.668041815625 0.5532005421874999
0 0.6688105640625001 0.48818832187499994 0.6586199671874999 0.49291550937500006 0.6518665421875001 0.492999 0.6437048843750001 0.490141984375 0.5164239625 0.4131969296875 0.51203918125 0.413625225 0.5030843843749999 0.41747756875 0.5003495359375 0.42231483125 0.501595959375 0.4291000953125 0.6444728046875 0.5135682874999999 0.6745928625000001 0.5111733890625 0.8026205687499999 0.3987825671875 0.8018435765625 0.3929774734375 0.797257771875 0.389039721875 0.7900314578125001 0.385589671875 0.7823462734375 0.38881956875 0.6688105640625001 0.48818832187499994
0 0.666280759375 0.4313827484375 0.655418034375 0.4336153859375 0.643984534375 0.4341106859375 0.635154303125 0.431312509375 0.5192649640625 0.3585864703125 0.5109781328125 0.35515820625 0.504960878125 0.35568766093750004 0.4923323984375 0.36241693750000004 0.4944465703125 0.3681043703125 0.5068970625 0.3777343125 0.6405720671874999 0.4566279625 0.67453471875 0.45261812656249995 0.8002188515625 0.3378798375 0.79907729375 0.334405128125 0.7822845796875 0.32771094375 0.7741672656249999 0.332766428125 0.666280759375 0.4313827484375
0 0.6520585109375 0.3706107828125 0.6412633515625 0.3733482171875 0.6289212796875 0.3695822 0.5023766468749999 0.2930789171875 0.49671857968750005 0.291580478125 0.4902691984375 0.293935534375 0.4851267609375 0.298473896875 0.4827262140625 0.30328174531249996 0.49236725156250005 0.31213742187500004 0.6299594578125001 0.395027659375 0.6624195671875001 0.3924268625 0.7849634953125 0.27949708906250004 0.7854223015625 0.2728171453125 0.78023196875 0.26688964375 0.7727051046875 0.2637214109375 0.6520585109375 0.3706107828125
0 0.637055021875 0.31158296874999997 0.626857353125 0.311203425 0.49384740000000005 0.22969758125 0.48679348593749994 0.2300628875 0.47967908125000003 0.2350301296875 0.47757905312500004 0.23955616875 0.48056449375000004 0.24669915625 0.621905015625 0.3323239859375 0.65473318125 0.3299461796875 0.781683375 0.212032075 0.7792349625 0.20637404374999999 0.7691991015624999 0.20214974218749998 0.7639482453124999 0.20082417812500003 0.6442067625 0.30942148281250004 0.637055021875 0.31158296874999997
0 0.6336114515625 0.245423365625 0.6191693218750001 0.24618338281250002 0.5953760828125 0.2301458171875 0.4943897171875 0.1651540703125 0.4853164875 0.1609070125 0.4785328296875 0.16329147500000002 0.47242127187499994 0.16817048750000002 0.469791321875 0.1763182984375 0.6178639234375 0.2692813640625 0.649287378125 0.2665164296875 0.782548275 0.14268432343749998 0.7783305875 0.13896954374999998 0.767058925 0.13562007812500002 0.760504703125 0.1346645734375 0.6439371796875 0.241705759375 0.6336114515625 0.245423365625
0 0.6107536062500001 0.1782537125 0.47683508124999996 0.09248655312500001 0.4726546671875 0.09157755468749999 0.45832447812500005 0.1007548640625 0.45749710468749993 0.10944590937500001 0.5940315 0.194830184375 0.601761059375 0.199512790625 0.616108884375 0.20310232187500002 0.6455906328125 0.1984653015625 0.7775057796875 0.0721595203125 0.7711471515625 0.067611659375 0.7621480078125 0.063551490625 0.75485761875 0.06215003125 0.64220376875 0.17063442812500001 0.627637134375 0.1780449703125 0.6107536062500001 0.1782537125