0 0.43852044531249995 0.5189210921875 0.4472407109375 0.5203015093750001 0.45335077031250004 0.51423846875 0.38013938281250004 0.41641565781249995 0.3149889328125 0.33753114375000004 0.3062794984375 0.338611290625 0.0903059 0.4313828046875 0.0811353375 0.439247071875 0.080513984375 0.444309765625 0.09174155625 0.45086541249999995 0.2024762859375 0.401382171875 0.270343053125 0.37219504375 0.2862704015625 0.3657813359375 0.3008701734375 0.3644907859375 0.31254093437499997 0.3669962875 0.3268110703125 0.374484684375 0.426806421875 0.5065733046875 0.43852044531249995 0.5189210921875
0 0.44383254531249994 0.4708964203125 0.319258034375 0.30354043750000004 0.3140593984375 0.2935746703125 0.3077962234375 0.292721725 0.08969519687500001 0.3761868265625 0.0835742828125 0.3797892765625 0.0830228015625 0.38957111875 0.09174512968750001 0.3958012859375 0.277487078125 0.32210541406250004 0.2888840921875 0.3181606734375 0.2988328390625 0.31980484531250003 0.309889384375 0.3221784859375 0.31998042187500003 0.3282780609375 0.43000016093750004 0.4792348296875 0.440058765625 0.47795268437500005 0.44383254531249994 0.4708964203125
0 0.43922832187500005 0.42860931874999997 0.31794483125 0.25606005 0.30895081874999997 0.24822938906249997 0.30318117031249997 0.2479740484375 0.0759978765625 0.3314559375 0.06933699531250001 0.3372520203125 0.070282284375 0.3435034703125 0.0788926265625 0.3478102171875 0.27433111875 0.274229409375 0.29396558125 0.2735280625 0.30404584687499997 0.277167065625 0.314136884375 0.2832666421875 0.4287193875 0.439136165625 0.43706675468749995 0.43945324374999994 0.43922832187500005 0.42860931874999997
0 0.45468338125 0.373972246875 0.3280806234375 0.1919229578125 0.11180072968749999 0.2708625015625 0.10348581875 0.2779271546875 0.10425317812499998 0.284975009375 0.113587659375 0.2864872890625 0.2978814015625 0.21838031875000002 0.31087973281250003 0.21576268281250002 0.323044134375 0.2188658046875 0.3360749 0.22362986875000002 0.44403215781250005 0.38004368906249997 0.4501747 0.3813623828125 0.45468338125 0.373972246875
0 0.8065784078125 0.262488828125 0.7861766171875 0.256142315625 0.5967346375 0.213997596875 0.5890225078125 0.21665467500000002 0.5879369421875 0.22292522187500002 0.5986314234375001 0.22669608437500002 0.77234423125 0.26448072499999997 0.7852651374999999 0.272171109375 0.7898603296875 0.2844655875 0.7639861734375 0.4293560078125 0.7680553640625 0.4336711125 0.7776204421874999 0.431791371875 0.8065784078125 0.262488828125
0 0.48846624531250005 0.34654782812499996 0.473088309375 0.33832996406250004 0.367467365625 0.18290936093750002 0.3556758859375 0.1808695984375 0.35537442812500003 0.187131496875 0.475565140625 0.371310640625 0.4840439734375 0.37362253437500004 0.6712450078125001 0.29679835468750004 0.6791762828125 0.2862097734375 0.6782882046875 0.27962766875 0.671772825 0.277245625 0.6624599453125 0.2806544828125 0.5116655359375 0.347103440625 0.48846624531250005 0.34654782812499996
0 0.75256889375 0.4934339078125 0.7544999140625 0.4859820375 0.7523941734374999 0.4815967828125 0.663556196875 0.318962859375 0.65631668125 0.3193752734375 0.48509881874999994 0.374556578125 0.4618114125 0.38465768125 0.45990185468749994 0.39422143125 0.46899495625 0.3966651984375 0.6301326078125 0.3378449140625 0.64510521875 0.337617703125 0.656896725 0.339657471875 0.665528671875 0.34888535625 0.7260479546874999 0.4631578 0.7451978609375 0.49185148125 0.75256889375 0.4934339078125
0 0.4843944875 0.40980422031249997 0.4667234734375 0.4104354296875 0.4479014 0.4004948625 0.41741031250000005 0.3605167234375 0.3503497703125 0.25533360625 0.34474831093749997 0.24806232343749998 0.3379915234375 0.2466117640625 0.33383408281250004 0.25014409375 0.3341186890625 0.25905490625 0.4544366375 0.43533011562499996 0.6513234531250001 0.356160415625 0.6566877765625 0.347970684375 0.6523663875 0.342126459375 0.645741090625 0.3426707234375 0.4843944875 0.40980422031249997
0 0.7282683171875 0.589712984375 0.7114655234375 0.5644730890625 0.6228113453125 0.44366895 0.612457271875 0.4335797140625 0.45742793437499996 0.513869028125 0.4404036203125 0.52201383125 0.4385305828125 0.5270656921875 0.4365307515625 0.5344569890625 0.44500964375 0.536768875 0.5849888812499999 0.467014809375 0.6030003671874999 0.46006522031249997 0.614550434375 0.463036475 0.624268634375 0.4680727015625 0.7119248781249999 0.5852210343750001 0.7199317749999999 0.5918564921875 0.7282683171875 0.589712984375
0 0.6257312703125 0.40988026250000004 0.6163751359375 0.4034468140625 0.45025682343750006 0.473980765625 0.43371703906250003 0.48181051718749995 0.437092740625 0.4947539109375 0.5938982328125 0.427628828125 0.6005127015625 0.42462397812499997 0.615254765625 0.4277888328125 0.6223951921875 0.43276329999999996 0.7091291796875 0.5634798765625 0.7172351703125 0.5647284421875 0.7241018453125 0.5632526890625 0.6257312703125 0.40988026250000004
0 0.729642690625 0.5393680234375 0.7232047421875001 0.5266779374999999 0.63343368125 0.3751516734375 0.6254592078125001 0.375897959375 0.605484334375 0.3829176875 0.449723721875 0.4388139765625 0.4435018640625 0.44499815312499996 0.4368981640625 0.4504635765625 0.4417131328125 0.45690542812499996 0.46586710625 0.4512745171875 0.6064047859375 0.39688150625 0.623582275 0.3956527015625 0.6336733156250001 0.40175225625 0.7099866265625 0.535148221875 0.71799353125 0.5417836578124999 0.729642690625 0.5393680234375
0 0.9335065359374999 0.7096125062499999 0.9361822312499999 0.6968651109375 0.7973174796875 0.71938905 0.7632104078124999 0.5798003625 0.7592203 0.5637188546874999 0.750802515625 0.5671452593749999 0.7849182781249999 0.7357582859375 0.9335065359374999 0.7096125062499999