0 0.051613307812499995 0.3637098484375 0.1411909296875 0.4559791671875 0.1473686984375 0.44609317031250006 0.042964492187499995 0.336523334375 0.0002258 0.41303346406249997 0.002191209375 0.4378548359375 0.042964492187499995 0.3653575421875 0.051613307812499995 0.3637098484375
0 0.0479066359375 0.32416582968749996 0.133159825 0.41561133593750005 0.13995535625 0.40902066093749995 0.0361689109375 0.29862704375 0.0002258 0.3607886609375 0.00033787343749999997 0.3884248546875 0.037404485937499996 0.3266373375 0.0479066359375 0.32416582968749996
0 0.1300709671875 0.3843056875 0.1424265046875 0.38101033281249996 0.0330800015625 0.2615545328125 0.00033787343749999997 0.3167513421875 0.0009556343749999999 0.34393785625 0.0336978140625 0.293684028125 0.046671114062500005 0.29286018125 0.1300709671875 0.3843056875
0 0.061494618749999994 0.4716745015625 0.147251984375 0.563163575 0.157476896875 0.5552462453125 0.052918901562499995 0.4448435625 0.0014644875 0.526196209375 0.00047497656250000003 0.5482086328125 0.049620512500000005 0.4778324140625 0.061494618749999994 0.4716745015625
0 0.061497800000000005 0.43950249531249996 0.1479864609375 0.5293003749999999 0.15539980312499999 0.5235335125 0.047288875 0.412316015625 0.0028089703125 0.4979946578125 0.0009556343749999999 0.518590496875 0.050377784375 0.43950249531249996 0.061497800000000005 0.43950249531249996
0 0.0578664296875 0.5407311609375001 0.0753477203125 0.53985144375 0.1568172125 0.6282615796875 0.15945591875 0.6177051515625 0.0621543015625 0.5108212578125 0.0034435093749999998 0.6031900671875 0.0001451203125 0.6273818624999999 0.0502801953125 0.5517274296875 0.0578664296875 0.5407311609375001
0 0.06509732812499999 0.6398845609375 0.0746625578125 0.640764278125 0.1653674515625 0.73665185 0.1716343453125 0.732253334375 0.06575698437500001 0.6117340828125 0.000565671875 0.6988731328125 0.001109125 0.7194976484375 0.0598199453125 0.6442830749999999 0.06509732812499999 0.6398845609375
0 0.0697405359375 0.60231033125 0.07897593593749999 0.60538930625 0.1554978734375 0.696438540625 0.16176476875 0.687201634375 0.0720493578125 0.575479403125 0.00113463125 0.6656489375 0.0021241437500000003 0.6845625546874999 0.0608349625 0.6093479625 0.0697405359375 0.60231033125
0 0.26257646874999996 0.156013796875 0.2727479109375 0.15924334375 0.35460387187500003 0.26840199062500003 0.361384871875 0.2574215375 0.2645138796875 0.12371836875 0.176006190625 0.25062251875 0.18023614375000002 0.260651084375 0.249014525 0.160535184375 0.26257646874999996 0.156013796875
0 0.26742001718749997 0.10498698125000001 0.346369840625 0.22254246718749998 0.355572596875 0.2160833484375 0.26063905625 0.0713997125 0.1710334078125 0.193476546875 0.1749082515625 0.20445700000000003 0.25482678124999997 0.10498698125000001 0.26742001718749997 0.10498698125000001
0 0.25627985 0.06752425937499999 0.2630608109375 0.06752425937499999 0.27710711718750003 0.073983353125 0.35121342968749997 0.1928306265625 0.3609004890625 0.18637153281250002 0.273232253125 0.0384583375 0.17208435 0.1451686 0.1715177515625 0.14503337031250002 0.17733002656250002 0.15924334375 0.25627985 0.06752425937499999
0 0.282919353125 0.026186070312499997 0.352182115625 0.154076090625 0.36235355937499997 0.1502006234375 0.2863098328125 0.002933334375 0.2722635671875 0.0009956078125 0.17535255 0.0911343625 0.1792674390625 0.106278821875 0.26838870312499996 0.0236024421875 0.282919353125 0.026186070312499997
0 0.25967033125 0.2328770015625 0.27710711718750003 0.2335228953125 0.374462453125 0.327179728125 0.3783372765625 0.3149074609375 0.36477531406249997 0.3103861 0.360416146875 0.3000515390625 0.266935675 0.2012274796875 0.2553111234375 0.21156198750000002 0.18450350937499999 0.3299308359375 0.19234501875 0.3420356484375 0.25192064375 0.24256564218749999 0.25967033125 0.2328770015625
0 0.4141233515625 0.5779209484375001 0.41896690156250005 0.5675864140625 0.31386191874999997 0.49136915625000005 0.2552550203125 0.6147377781250001 0.2615515984375 0.626364125 0.3196741546875 0.5075168640625 0.4141233515625 0.5779209484375001
0 0.31289319375 0.47974278281249993 0.405889321875 0.5436877734375 0.4097641453125 0.536582759375 0.30029999531249996 0.4603655015625 0.25041143125 0.5843800421875 0.2567080890625 0.5921309499999999 0.30272175 0.4849100359375 0.31289319375 0.47974278281249993
0 0.3070809578125 0.4526145953125 0.40056142968749997 0.5256023046875 0.40201449843750003 0.510100490625 0.295456446875 0.4319454734375 0.24137018906250002 0.5600121109375 0.24653660624999998 0.568878228125 0.29351899375 0.4590736609375 0.3070809578125 0.4526145953125
0 0.2998156125 0.424194565625 0.400077046875 0.503641396875 0.40685804843750006 0.4945986765625 0.285769346875 0.39383683125 0.21989706406249998 0.5411041203125 0.2290998203125 0.5495009468750001 0.2881911015625 0.42548640625 0.2998156125 0.424194565625
0 0.294003378125 0.3906073109375 0.3807028875 0.46682456875 0.3855464375 0.4564900609375 0.28431627812500004 0.36606275 0.2158782296875 0.497262671875 0.22280320156250003 0.5075168640625 0.28141017968750004 0.389961390625 0.294003378125 0.3906073109375
0 0.2978782015625 0.355728228125 0.39281174218750003 0.41838139218750003 0.3991083609375 0.40869275156249996 0.28237886562500003 0.3286000140625 0.21391730937500003 0.46065883281250003 0.217959653125 0.4745754765625 0.28237886562500003 0.355728228125 0.2978782015625 0.355728228125
0 0.292122109375 0.3161992734375 0.381243375 0.382082025 0.378821659375 0.3698097296875 0.27565404843749997 0.28777927187499996 0.2141409921875 0.387895225 0.2086881890625 0.4162113140625 0.215594040625 0.4221283734375 0.2708104984375 0.3187829265625 0.292122109375 0.3161992734375
0 0.4422721078125 0.19412243906249999 0.5342995109374999 0.287133378125 0.539143059375 0.274215190625 0.43888162656249996 0.1650565453125 0.36622838281250003 0.2955301796875 0.3705875890625 0.3065106328125 0.432100625 0.19799790625 0.4422721078125 0.19412243906249999
0 0.4330693515625 0.13922018281249998 0.5231593421875 0.23933609531250002 0.527034165625 0.226417934375 0.4301632140625 0.110154275 0.35799435156250003 0.23869017499999998 0.36477531406249997 0.247087003125 0.42386659531250004 0.1502006234375 0.4330693515625 0.13922018281249998
0 0.4437251765625 0.0991738078125 0.5289716171875 0.1954142796875 0.537689990625 0.18637153281250002 0.4374285578125 0.06752425937499999 0.3583717453125 0.200074359375 0.3628379421875 0.2102701734375 0.4296788703125 0.0985279140625 0.4437251765625 0.0991738078125
0 0.45631837343750004 0.050730631250000005 0.529940303125 0.1644106515625 0.5372056484375001 0.1585974515625 0.45002175468749994 0.021018796875000002 0.35967902500000004 0.13122428125000002 0.36622838281250003 0.14438745 0.44517820468749997 0.050730631250000005 0.45631837343750004 0.050730631250000005
0 0.4529278921875 0.27098564375 0.46648981562499997 0.273569271875 0.539627403125 0.3459110890625 0.545924021875 0.33945199531250003 0.4534122359375 0.24062790937499998 0.388024375 0.36851794375 0.38463389531250003 0.3756229296875 0.3909304734375 0.387895225 0.4529278921875 0.27098564375
0 0.351641590625 0.6347609515625 0.427685275 0.716145490625 0.43398189374999996 0.708394609375 0.3453450109375 0.609570496875 0.25901846875 0.731701546875 0.2644577375 0.740690078125 0.33856400937500003 0.63282321875 0.351641590625 0.6347609515625
0 0.3477667265625 0.6050491375 0.43591930625 0.691601009375 0.43979416875000005 0.6819123406250001 0.33904835312500003 0.5785668687500001 0.2609793875 0.6977122671875 0.265910765625 0.7071028234375001 0.336142215625 0.606341003125 0.3477667265625 0.6050491375
0 0.33856400937500003 0.5740455078125 0.419935628125 0.6418659390625 0.4267165890625 0.634115059375 0.3283925671875 0.5501468671875 0.2649420796875 0.6670564203125 0.267363834375 0.6748073015625 0.32645515625 0.575983215625 0.33856400937500003 0.5740455078125
0 0.3283925671875 0.5391664125 0.36762530781249997 0.5443336671875 0.341954490625 0.529477771875 0.3182210859375 0.5191432125000001 0.2620359421875 0.6444496187500001 0.265910765625 0.652846446875 0.321611565625 0.5449795859375001 0.3283925671875 0.5391664125
0 0.50705274375 0.50656203125 0.5176058203125 0.5025412 0.6045427921875001 0.5702254328125 0.609065496875 0.5621837421875 0.50705274375 0.477745946875 0.44437978125 0.602722753125 0.443734534375 0.6023921953125 0.449764821875 0.612444315625 0.50705274375 0.50656203125
0 0.510067909375 0.4710445328125 0.5949947843750001 0.538728821875 0.6010251140625 0.5333676578125 0.499514915625 0.442898615625 0.43556367656250006 0.5692667625000001 0.44222695312500004 0.5775969703125 0.499012359375 0.4757355171875 0.510067909375 0.4710445328125
0 0.5040376203125 0.436197215625 0.597507434375 0.5159439984375 0.603035209375 0.50656203125 0.48795677031249995 0.4107318390625 0.42061828593749995 0.5494510390625 0.42564358750000003 0.5581628828125 0.48745425625000005 0.439547909375 0.5040376203125 0.436197215625
0 0.49448961249999995 0.4053707015625 0.5758988109375001 0.4757355171875 0.5794164890625 0.464343146875 0.4854441609375 0.38057549062499996 0.41509055312500004 0.517954428125 0.41961329999999997 0.5226454125 0.4829315515625 0.40805128437500005 0.49448961249999995 0.4053707015625
0 0.4934845859375 0.3658323734375 0.535696725 0.40134985624999997 0.549264925 0.40403043906249997 0.475896153125 0.33969687187500003 0.41006525156249996 0.47238483750000004 0.414085484375 0.4837772078125 0.4733835015625 0.36985321875 0.4934845859375 0.3658323734375
0 0.47690122187500006 0.3329954640625 0.5633356375 0.4114019765625 0.56986848125 0.40134985624999997 0.470368378125 0.302168978125 0.399621090625 0.432730146875 0.40654757343750003 0.44155832500000003 0.46634818750000007 0.33433576249999997 0.47690122187500006 0.3329954640625
0 0.5372043078125001 0.5648642953125 0.6196185734374999 0.6312082796875 0.6251463484374999 0.621156159375 0.5266512734375 0.5373885171875 0.46232795312499997 0.6620347921875 0.46634818750000007 0.67074658125 0.525143690625 0.566874725 0.5372043078125001 0.5648642953125
0 0.539716959375 0.6875001140625 0.622633696875 0.7974032859375 0.6301716078124999 0.7913719984375 0.544742178125 0.6627048906249999 0.44912691562499996 0.7663858484375 0.4512724046875 0.7772990453124999 0.531173978125 0.6928612234375 0.539716959375 0.6875001140625
0 0.5407219859375 0.6613646125 0.5542901859375 0.6633750421875 0.6206236015625 0.751833696875 0.6276589578125 0.742451728125 0.5477573421875 0.6365693875 0.4681154515625 0.7293129921875 0.46785576874999996 0.7297190265625 0.46986582343750005 0.7458024078125 0.5407219859375 0.6613646125
0 0.5547926999999999 0.6271874203125 0.6256488609375 0.726368346875 0.6346943140625 0.719666878125 0.5477573421875 0.600381765625 0.4545522125 0.7039949453125 0.45981530312499996 0.7169863234375 0.5382093765625 0.6271874203125 0.5547926999999999 0.6271874203125
0 0.63693298125 0.06978999375 0.6922108062500001 0.1890751046875 0.7027638421875 0.1850542734375 0.637938009375 0.0429843390625 0.5325408406250001 0.14247681406249998 0.53592525625 0.1535576359375 0.6268824609375 0.06978999375 0.63693298125 0.06978999375
0 0.6349228859375 0.039633659375000005 0.6409531734375 0.042314242187500004 0.697738621875 0.1662903109375 0.7032663968749999 0.1662903109375 0.64246075625 0.0228801265625 0.5379661375 0.1099250375 0.5364278109375 0.109328321875 0.540950515625 0.12273115000000001 0.6349228859375 0.039633659375000005
0 0.6158268703124999 0.200467503125 0.629897625 0.199127253125 0.710301753125 0.2835650203125 0.7153270140625 0.27083231875 0.6183395218750001 0.1729917234375 0.5605490453125 0.273512928125 0.5400006234375 0.31246942031249997 0.54497075 0.31908251718749997 0.56557430625 0.2862456296875 0.6158268703124999 0.200467503125
0 0.62085213125 0.159588896875 0.707789103125 0.2527385078125 0.7143219453125 0.24268641406250002 0.6193445484375 0.1294325625 0.5379353515624999 0.2601101 0.5444682359375 0.2728427484375 0.6153243984375 0.16360975625000002 0.62085213125 0.159588896875
0 0.6148218437499999 0.118040165625 0.6238672953125 0.13211311718750002 0.6510036953125 0.159588896875 0.6248723640625 0.0912345109375 0.611806678125 0.08520325 0.52847186875 0.2130056609375 0.5334126453125 0.225262728125 0.60577635 0.11737001250000001 0.6148218437499999 0.118040165625
0 0.7868216609375 0.7837261515625 0.797877209375 0.78037544375 0.7114427515624999 0.6644410109375001 0.6234145484375 0.7600563359375 0.6260133625 0.7716636015625 0.710437725 0.6811945453125 0.7868216609375 0.7837261515625
0 0.7204882453125 0.6604201796875 0.7893342703124999 0.7482086812500001 0.7993847921875 0.7388266859375 0.71747308125 0.6342846640625 0.6320436921875 0.740166990625 0.6315411375 0.7502191109375 0.7064175328125 0.6651111640625 0.7204882453125 0.6604201796875
0 0.7224983421875 0.6027880390625 0.804912565625 0.6845452515625 0.81044038125 0.67449313125 0.71194530625 0.5806733828125 0.6355613703125 0.7026390625000001 0.637068953125 0.7160419171875 0.7124478625 0.606808884375 0.7224983421875 0.6027880390625
0 0.7023927484375 0.548934115625 0.7149558781249999 0.544243103125 0.7958625625 0.60589613125 0.799380240625 0.5965141078125 0.7023927484375 0.524809015625 0.6380694703125 0.658837259375 0.6420896625 0.6655386734375 0.6958599046875 0.554295225 0.7023927484375 0.548934115625
0 0.68480435625 0.5067152046875 0.6913372 0.4986735140625 0.7712388140625 0.549604240625 0.7782741703125 0.54156255 0.6913372 0.483260284375 0.6782715140625 0.48795126875 0.6717386703125 0.516767325 0.637566915625 0.618628778125 0.677769 0.5341910109375 0.679276540625 0.521458309375 0.68480435625 0.5067152046875
0 0.6888245484375 0.479239425 0.7742539374999999 0.5315104296875 0.7792791984375 0.524809015625 0.6782715140625 0.45645465781250005 0.6207019 0.580117353125 0.6270138796875 0.58981275 0.6757589046875 0.48124985468750003 0.6888245484375 0.479239425
0 0.686814453125 0.4484129390625 0.76973123125 0.50805548125 0.7767665890625 0.499343665625 0.674251321875 0.4249579921875 0.6169634 0.5502743921875 0.6189734546875 0.565017496875 0.6752563484375 0.45042336875 0.686814453125 0.4484129390625
0 0.681286678125 0.41155516406250003 0.7541529359375 0.467847028125 0.7586756421875 0.46181576562500004 0.6908346437499999 0.40485375156250003 0.66520586875 0.393461353125 0.658672984375 0.42026703593750003 0.611435584375 0.528159721875 0.6144507078125 0.5382118421875 0.67123615625 0.41423574687500003 0.681286678125 0.41155516406250003
0 0.67123615625 0.3840794125 0.75465545 0.4484129390625 0.76118829375 0.44037124843750003 0.66269321875 0.35660360625 0.6003800359375 0.48795126875 0.6033952 0.4986735140625 0.66319573125 0.3881002453125 0.67123615625 0.3840794125
0 0.6727437390625 0.3539230515625 0.7506352578125 0.4189267296875 0.7586756421875 0.4108850390625 0.659175540625 0.33247852031249997 0.5958572890625 0.4685171796875 0.59987748125 0.475218565625 0.6571654031249999 0.35660360625 0.6727437390625 0.3539230515625
0 0.658672984375 0.321756275 0.7430973468750001 0.3901106734375 0.7491276765625 0.3780481234375 0.6486225046875 0.295620759375 0.5848017 0.4350101125 0.5913345421875 0.441711525 0.64811995 0.3251069671875 0.658672984375 0.321756275
0 0.6340492375 0.2808776546875 0.645104784375 0.2775269484375 0.7300316609374999 0.3532529 0.737569571875 0.34655148593749996 0.6360593328124999 0.252061584375 0.5702284718749999 0.380058553125 0.5702284718749999 0.3867599390625 0.5767612734374999 0.3948016296875 0.6340492375 0.2808776546875
0 0.5360612265625 0.5679407078125001 0.5164627187499999 0.591395628125 0.50529171875 0.6107999609375 0.52048293125 0.6021178875000001 0.53003091875 0.596086625 0.5451067 0.596086625 0.614455259375 0.6718125765625 0.622495684375 0.661760484375 0.5360612265625 0.5679407078125001
0 0.796369628125 0.628923540625 0.7034023687500001 0.5511871609375001 0.6871617765625 0.5828300015625001 0.71194530625 0.5733018171875 0.7913443671875 0.63562496875 0.796369628125 0.628923540625
0 0.7652415703125001 0.1036892859375 0.7757946046875001 0.09430731718749999 0.86675176875 0.1177622375 0.870269446875 0.10905039375 0.753683465625 0.07621350625 0.72152180625 0.24575919218750003 0.7260445125 0.25313075937499996 0.7541859796875 0.12111294375 0.7652415703125001 0.1036892859375
0 0.733079909375 0.0896163203125 0.7476531375000001 0.074203090625 0.8426305328125 0.09564758125 0.8355951765625 0.08224478125 0.731069771875 0.050077990625 0.700725015625 0.21933517343750003 0.6984056 0.2182834140625 0.7039333937500001 0.22766538125000002 0.733079909375 0.0896163203125
0 0.7953931328125 0.277925984375 0.80594616875 0.23302651718749998 0.8195143671875 0.22029384375 0.9124816265625 0.25112032968750003 0.9225321484375 0.23972793124999997 0.8044385859375 0.20152987968749997 0.77529205 0.312103203125 0.7551910484375 0.359683196875 0.7587087265625 0.366384665625 0.78433754375 0.322825421875 0.7953931328125 0.277925984375
0 0.7878552625 0.18611665 0.8034335171875 0.1760645296875 0.9044412015625 0.1981791734375 0.906953853125 0.1854464984375 0.7878552625 0.1566304421875 0.753683465625 0.3248358515625 0.7587087265625 0.3248358515625 0.7873527078125 0.20287018437499998 0.7878552625 0.18611665
0 0.79790574375 0.12111294375 0.8325800125 0.16065130156250002 0.8421280609374999 0.159981121875 0.7943880640625001 0.1023490078125 0.7767996312500001 0.10167885624999999 0.7551910484375 0.269884265625 0.7607188640625 0.27993638593750003 0.7913729 0.1264741078125 0.79790574375 0.12111294375
0 0.8864916359375 0.6263830765625 0.96639325 0.69138675625 0.9764437718750001 0.6880360484375 0.8839789843749999 0.60895941875 0.8065900203125 0.7362862484375 0.808097603125 0.7503592 0.8814663749999999 0.6317441859375 0.8864916359375 0.6263830765625
0 0.8887405890625001 0.6006858890625 0.9631144296875 0.6616687906250001 0.9706523 0.6522867671875 0.8862279796875001 0.5799115234375 0.8183869828124999 0.6991966625 0.8214021062500001 0.704557771875 0.8832128156250001 0.60135606875 0.8887405890625001 0.6006858890625
0 0.8842178421875 0.5711996796875 0.9766826296875 0.6355332609375 0.9872356640625 0.628831846875 0.8786900687499999 0.547744759375 0.8148693031249999 0.6864639609375 0.8153718171875 0.6991966625 0.8771824859375 0.5758906640625 0.8842178421875 0.5711996796875
0 0.8817052328124999 0.539032915625 0.9621093609375 0.593984475 0.9721598828125 0.5919740734375 0.8761774593749999 0.516918246875 0.8168794 0.6502763375 0.8203971203125 0.6509464625 0.874167321875 0.548414884375 0.8817052328124999 0.539032915625
0 0.8646193546875001 0.5216092296875 0.8726597796875 0.50284529375 0.9425108734375 0.55243574375 0.9505512578124999 0.5470746078125 0.86713200625 0.4887723140625 0.8590915812500001 0.5263002421875 0.8183869828124999 0.6207901296875 0.8234122421875 0.6281616671875 0.862609259375 0.5350120578124999 0.8646193546875001 0.5216092296875
0 0.88019765 0.4800604984375 0.95557651875 0.528980796875 0.96361694375 0.5216092296875 0.8716547531250001 0.4566055515625 0.8126217453125 0.5837342171875 0.8168794 0.592644196875 0.8636142859374999 0.4854216078125 0.88019765 0.4800604984375
0 0.8761774593749999 0.44789373593750004 0.9595967515625 0.4981543109375 0.9666321078125 0.4921230484375 0.87064964375 0.4318103546875 0.812356653125 0.560477434375 0.8158743718749999 0.5671788484375 0.8681370328125 0.4532548453125 0.8761774593749999 0.44789373593750004
0 0.9696472734375 0.4746993625 0.9731649515624999 0.4653173953125 0.8721572249999999 0.39294215 0.8173819546875001 0.53166135 0.8716547531250001 0.4204179296875 0.8847203968749999 0.4184075 0.9696472734375 0.4746993625
0 0.8661269375 0.3815497796875 0.9394957093749999 0.4284596203125 0.9505512578124999 0.4230984828125 0.8565789718750001 0.3641260796875 0.8495435734375001 0.39361230156250004 0.811351625 0.510886984375 0.8153718171875 0.5175883984375 0.858589025 0.3976331609375 0.8661269375 0.3815497796875
0 0.8641168406249999 0.35742467968749997 0.94401845625 0.4023241171875 0.95557651875 0.3949525796875 0.8530612515625 0.33396971875000003 0.79770218125 0.4833662421875 0.80381375625 0.4894424671875 0.855573903125 0.361445525 0.8641168406249999 0.35742467968749997
0 0.8575839984375 0.331959303125 0.9445209703125 0.37216777031250003 0.95004874375 0.3641260796875 0.84351324375 0.3118550765625 0.7997366671874999 0.45895241093749994 0.8058238093750001 0.463306965625 0.843010771875 0.338660715625 0.8575839984375 0.331959303125
0 0.8455233812499999 0.304483509375 0.9399982234375001 0.343351728125 0.9445209703125 0.33396971875000003 0.8369804421874999 0.28437928281249997 0.792276884375 0.43544279531249996 0.7982859390625 0.4425326 0.8379854703125 0.3118550765625 0.8455233812499999 0.304483509375
0 0.8355951765625 0.2718946953125 0.9310750875 0.3114330234375 0.935597834375 0.3033913328125 0.823032046875 0.25112032968750003 0.7803173515624999 0.40056185781250003 0.7873527078125 0.4086035203125 0.8210219499999999 0.285297521875 0.8355951765625 0.2718946953125
0 0 0.2672347921875 0.0237740953125 0.23005736250000003 0.1644345328125 0.3230009640625 0.17457221875 0.3168047359375 0.11205649531249999 0.279063990625 0.082488225 0.25427903125 0.013636409375 0.197949578125 0 0.2147665671875 0 0.2672347921875
0 0.71573345625 0.63209240625 0.72567126875 0.6331386625000001 0.786082734375 0.7039350828125001 0.7952359812500001 0.69870381875 0.7196562703125 0.607331109375 0.642768940625 0.7157926109375 0.644861125 0.720675146875 0.7102415093750001 0.635231159375 0.71573345625 0.63209240625