0 0.14015646406249999 0.509999703125 0.153530265625 0.5049311359375 0.2973381703125 0.5970752921875 0.3107784125 0.5897325453125 0.148859575 0.48157236562500005 0.0353701078125 0.579584265625 0.042365260937499996 0.5839108093750001 0.14015646406249999 0.509999703125
0 0.2889550703125 0.5706117515625 0.2934585328125 0.5557570171874999 0.13952695937499998 0.45039045 0.10952576562500001 0.47123651874999994 0.07780137031249999 0.498115259375 0.046647634375000004 0.52311121875 0.0313111828125 0.5362050968750001 0.031242798437500004 0.5364181234375 0.0325048875 0.5580873578125 0.1366941421875 0.47675339375 0.14934056874999999 0.4742257109375 0.26581889687500004 0.5577546375 0.2889550703125 0.5706117515625
0 0.127502675 0.5948943515625 0.29173105781249997 0.6148856828125 0.3046839703125 0.624220234375 0.3042853203125 0.6378653109375 0.303126440625 0.74717915 0.3142484625 0.749538015625 0.32164226406249996 0.7402194843750001 0.32165681875 0.6004300109375 0.12450952343749999 0.5835012296875 0.127502675 0.5948943515625
0 0.473444471875 0.6637794796875001 0.32643211562499996 0.740750509375 0.3359290453125 0.746463378125 0.45310065312500003 0.695527996875 0.478435521875 0.6932030984375 0.49724810625 0.7023262484374999 0.5377338390624999 0.7462096484375 0.5954059593750001 0.7960225171875 0.605320578125 0.7979158578125001 0.608306875 0.7870038171875 0.473444471875 0.6637794796875001
0 0.464082753125 0.6600977328125001 0.4767084953125 0.6604954281250001 0.6029069390624999 0.7682770640625 0.6107936609375 0.752773559375 0.475286140625 0.6389224734375001 0.3255797125 0.71903618125 0.329738865625 0.729342371875 0.464082753125 0.6600977328125001
0 0.4640530296875 0.635669840625 0.47598562343750006 0.6343498671875001 0.5970565953125 0.7395240125 0.6061678515625 0.7329949890624999 0.478289390625 0.6124867328125 0.32493775625 0.6901211046875 0.335594559375 0.7070240515624999 0.4640530296875 0.635669840625
0 0.3308581796875 0.6655871375 0.44843064843749997 0.610620346875 0.4738925078125 0.60421498125 0.4951602765625 0.614146940625 0.6079912125 0.7214749031250001 0.6171510171875 0.7132841062499999 0.4790873515625 0.5790711140625 0.3221838578125 0.657160675 0.3308581796875 0.6655871375
0 0.47704014062500005 0.5728102234375 0.5123200125 0.5865752718749999 0.6140248500000001 0.69306356875 0.6232170203125 0.6837649765625 0.49791912343750006 0.55147816875 0.3258628125 0.6330126984375 0.3397778890625 0.6401692328124999 0.47704014062500005 0.5728102234375
0 0.3400718171875 0.604663221875 0.46667462656250003 0.545936925 0.4927812203125 0.542910984375 0.5082283015625 0.54851778125 0.6142702984375 0.6592192578125 0.6250753875 0.6456013796875 0.48996235468749993 0.5183828984375001 0.33283247031249996 0.598010465625 0.3400718171875 0.604663221875
0 0.4777854203125 0.518317190625 0.497139128125 0.517498584375 0.6179499859375001 0.6306990984375 0.6283890609375 0.62161045625 0.49655337812499994 0.49412864375 0.33054100000000003 0.5786197 0.336410265625 0.586659909375 0.4777854203125 0.518317190625
0 0.5147769 0.4935124453125 0.536898921875 0.5145632250000001 0.6349670328125 0.605392771875 0.644368903125 0.5969855390625 0.501755034375 0.4539669671875 0.417616265625 0.4955708484375 0.3401909171875 0.5362827265625 0.33158191718749996 0.5429908421875 0.3325825578125 0.5494952203125 0.3404522546875 0.55277704375 0.3506797421875 0.5526592406249999 0.3585889296875 0.5474617312500001 0.47424213593750003 0.48925452187499996 0.49891980468749997 0.486920953125 0.5147769 0.4935124453125
0 0.5077672984375 0.389868321875 0.4634702953125 0.4093180375 0.3736497515625 0.4622817375 0.38907685000000003 0.474435371875 0.43338050156249996 0.4504053296875 0.48646978281250003 0.418646428125 0.49906678437499996 0.4177988375 0.525495275 0.4287846578125 0.63860365625 0.53405265625 0.64908711875 0.5234478546875 0.5077672984375 0.389868321875
0 0.481044665625 0.371935009375 0.5045253359374999 0.3691486625 0.6382891046875 0.49168379843750004 0.6468530890624999 0.47713546874999996 0.494914771875 0.341205934375 0.3262515078125 0.44686243125 0.3392709546875 0.45392284531250005 0.481044665625 0.371935009375
0 0.4883091984375 0.33221751718750003 0.508744503125 0.3292013421875 0.6450885484375 0.46788552812499995 0.6515336375 0.4562162390625 0.5128669015625 0.3015102578125 0.3245128203125 0.40190709687500004 0.330337790625 0.41146347031249997 0.4883091984375 0.33221751718750003
0 0.5068286375 0.2903104640625 0.527264034375 0.2872942953125 0.6603633875 0.43257119218750006 0.6678235375 0.42097850625 0.5261828828125 0.26374528124999996 0.3379788265625 0.3588589140625 0.34773143281249996 0.3732700890625 0.5068286375 0.2903104640625
0 0.5020002906250001 0.2466413796875 0.525436759375 0.24537115312500002 0.6691966609375 0.3739787859375 0.6837185 0.3644384703125 0.5322483953125 0.212889921875 0.34811155 0.32543570625 0.3591228375 0.3315848484375 0.5020002906250001 0.2466413796875
0 0.353851546875 0.3030769546875 0.5020925859375 0.2086617890625 0.5296780734375 0.20466575156250003 0.54594211875 0.205133446875 0.6789565921875 0.31849522656249996 0.6934118953125 0.31122911875 0.5303986234375 0.1716998328125 0.347144396875 0.28889561874999997 0.353851546875 0.3030769546875
0 1 0.47070359531249995 0.8263816531250001 0.37794095 0.6979035828125 0.5177620171874999 0.7130374500000001 0.5243253140624999 0.821178484375 0.412015975 0.839918040625 0.4055996390625 0.8663723890625 0.4112102125 1 0.4842842140625 1 0.47070359531249995
0 1 0.45000810625 0.8273567890625 0.3445635953125 0.6862728390624999 0.47411725000000005 0.6916784703125 0.48235574843749995 0.7070932875 0.47930264375 0.8191355781249999 0.3715041859375 0.8353202140624999 0.36971383593749996 0.8672854765625001 0.37995676718750004 1 0.46423122031249997 1 0.45000810625
0 1 0.41009825624999996 0.8164659000000001 0.3030581015625 0.6809228296875001 0.436367596875 0.6903175125 0.44611188437499993 0.8074171124999999 0.3308645421875 0.8252991265625 0.32619051875 0.9943418749999999 0.42086782031250003 1 0.413612684375 1 0.41009825624999996
0 1 0.3642921796875 0.8058385578125 0.2525316984375 0.66108563125 0.39752467812500003 0.6730353078125 0.40264295624999996 0.8015958640624999 0.2816346640625 0.8170457984375 0.2773794671875 0.9900776765625 0.37356250625 1 0.369684953125 1 0.3642921796875
0 1 0.5051427578125 0.8421032937499999 0.4198110125 0.736588559375 0.5188744375 0.7484855578125 0.525795825 0.8370441140624999 0.4487521359375 0.84369351875 0.44202572343749996 0.87168735625 0.45016188125 1 0.5203609796875 1 0.5051427578125
0 1 0.8923127109375001 0.8662522984375001 0.7798612078125 0.6800412125 0.8701892875 0.6773226578125 0.874991334375 0.678172040625 0.8812181562499999 0.68431256875 0.8828370796874999 0.69262344375 0.8807680937500001 0.835568165625 0.8064332859375 0.85579154375 0.802567121875 0.8712158421874999 0.804116334375 0.8865727718749999 0.8079714828125001 0.8982045671875 0.815782371875 1 0.9097547328125 1 0.8923127109375001
0 1 0.8517681328125001 0.8578033828124999 0.7431032765625 0.711979671875 0.8285458984374999 0.71437135625 0.8403004421875 0.7291248828125 0.834605628125 0.8348743031250001 0.772461075 0.8624231531250001 0.76568935625 0.8784999515624999 0.777115053125 0.9908589078125001 0.8632089015625001 1 0.858079678125 1 0.8517681328125001
0 1 0.822234809375 0.8602729546875001 0.7144650203125 0.7127140109375001 0.8034106796874999 0.7180729421875001 0.8072192875 0.7269912078125 0.814019778125 0.8412255859375 0.7423031578125 0.8586884343750001 0.737493596875 0.8820626078125 0.7487891640625 1 0.8377749 1 0.822234809375
0 1 0.7847045828125 0.86077699375 0.6881470515625 0.7096904609375 0.7820768859375 0.716729825 0.7907780640625 0.7267762156249999 0.7901745484375 0.8475570234375001 0.7128245578125 0.8640109125000001 0.7113430000000001 0.8766077624999999 0.71705944375 1 0.8016983953124999 1 0.7847045828125
0 1 0.7599543453125001 0.8642815484374999 0.661843078125 0.710583575 0.7515070500000001 0.720252790625 0.7638108140625001 0.8465116921875 0.6861933953125 0.8676331109375001 0.6809791234375 0.8928465750000001 0.69173268125 1 0.77707766875 1 0.7599543453125001
0 1 0.7346063359375 0.8651752078125 0.631254609375 0.7148574875 0.7300430718750001 0.73010395 0.73868280625 0.8480763671875 0.6638441703125 0.877345340625 0.6606064109374999 1 0.7475703328125001 1 0.7346063359375
0 1 0.68750496875 0.87822950625 0.5993500328125 0.8289666015625 0.6264458562499999 0.74005943125 0.6867557875 0.727374165625 0.6973535531249999 0.72775394375 0.70200425625 0.7297221890625 0.70523415625 0.736321090625 0.7088135203125 0.8547037078124999 0.6280030156249999 0.869748228125 0.624901528125 0.8902952421875 0.6276076796875001 0.9020393203125 0.6315753421875 1 0.7065782453125 1 0.68750496875
0 1 0.65548498125 0.8725176328125 0.565409178125 0.8662985093750001 0.5664805140625 0.7397602296875 0.66169715625 0.7335972468749999 0.660846878125 0.7193796546875 0.6709438328124999 0.723372284375 0.67548201875 0.7284051796875 0.6797135421875 0.7340873265625001 0.6793720234375 0.8482752078125 0.600941140625 0.856172621875 0.5953744234375 0.8742481046874999 0.594427525 0.8901195515625 0.5983215015625001 0.9038206453125 0.6059033859375 1 0.6733400406250001 1 0.65548498125
0 1 0.62420795625 0.8681472015624999 0.538502621875 0.7388342265625 0.6404429234375 0.72753531875 0.6565376953125 0.729995625 0.6605750703125 0.73611369375 0.662962640625 0.8444192968750001 0.5740734109375001 0.8579876296875 0.568549496875 0.8720367984375 0.56421738125 0.8807948265625001 0.5644931625 0.8930758765625001 0.567731009375 1 0.6414777328125 1 0.62420795625
0 1 0.5838540453125 0.8734423046875 0.4984593828125 0.8468313796875 0.5091617171875 0.7309295453125 0.6109586218749999 0.7286132265624999 0.6196427250000001 0.7361513375000001 0.62637433125 0.8508669421875 0.5298802828125 0.8587419000000001 0.5250822125 0.8701286546875 0.5236305265625 0.8833826015625 0.5288676484375 0.8930236953125 0.53421728125 1 0.6033521609375 1 0.5838540453125
0 1 0.925038015625 0.8627926828125 0.81002854375 0.8545604015625001 0.8094072703125 0.6649590484375001 0.9098790875 0.6427654453125 0.9282330171875 0.653849040625 0.937158046875 0.8236067921875 0.8452030921875 0.8521747328125 0.8381149796875 0.87622231875 0.8445518453125 1 0.948966709375 1 0.925038015625
0 0.2362674515625 0.15725866718749998 0.20057486249999998 0.16111290625000002 0.0359008546875 0.20260907968750003 0.03596624375 0.218020815625 0.19957753125 0.1775999515625 0.21903937343750002 0.1821500578125 0.2291388453125 0.1894601359375 0.2771659984375 0.3105615015625 0.2923300671875 0.338667803125 0.301557696875 0.34051970468750004 0.31309041875 0.3340718265625 0.2362674515625 0.15725866718749998
0 0.3389081015625 0.3152210578125 0.34845012343750004 0.30631192500000004 0.28589890625000003 0.1351978671875 0.234770790625 0.13788721875 0.12326249375000001 0.1599003328125 0.068789021875 0.1711961265625 0.065991871875 0.17868843125 0.07093493906250001 0.185994534375 0.0827688421875 0.186887615625 0.2109550390625 0.15881491875 0.24927635625 0.15323321406249998 0.27807613125 0.1735096671875 0.3230703390625 0.31017411250000004 0.33110051406249996 0.3177131921875 0.3389081015625 0.3152210578125
0 0.171918425 0.25947963125 0.1438874578125 0.26583792968750003 0.0339973515625 0.32071261562500003 0.034062740625 0.3361243515625 0.147430959375 0.2857490203125 0.158840171875 0.2835286921875 0.1741185015625 0.290074096875 0.266048071875 0.40871114375 0.27954705625 0.42321083593750003 0.2873321890625 0.42148734218749995 0.29376464687500004 0.413113878125 0.171918425 0.25947963125
0 0.2836267453125 0.467668525 0.291540546875 0.4682657625 0.29672961875000003 0.4621094546875 0.27776236875000004 0.43978706250000005 0.1679497390625 0.32642125 0.1580442515625 0.3225556453125 0.11476884375 0.3464168171875 0.0303551421875 0.39242960937500004 0.0297915921875 0.411719025 0.13635495312499998 0.350540325 0.153070125 0.349930953125 0.1647053 0.3517444515625 0.175833065625 0.3566377140625 0.1888616203125 0.3679105359375 0.2836267453125 0.467668525
0 0.2864583703125 0.43374683750000004 0.2541150921875 0.39355929375 0.1570271421875 0.2926359453125 0.0875408578125 0.3235979296875 0.032573346875 0.35180392031249996 0.033142026562499996 0.3676388078125 0.11854665 0.3213158375 0.133669765625 0.3155240890625 0.1501118703125 0.3175352828125 0.1633658171875 0.322772403125 0.18151791718750002 0.3368529171875 0.277565603125 0.43808292812499994 0.2837285859375 0.43893320625000004 0.2864583703125 0.43374683750000004
0 0.16282805 0.4588638875 0.27009025468750003 0.5452219484375 0.28081059375 0.5497726578125001 0.28844422187499996 0.5456716687500001 0.2940861671875 0.5383023171875 0.17026331249999999 0.44726459687500003 0.1404666515625 0.424124928125 0.1297554015625 0.4192630984375 0.12174161562500001 0.422088175 0.0605164609375 0.4745280453125 0.029088303125 0.4994268671875 0.030304426562499997 0.5203068984375 0.117256721875 0.4470059578125 0.1318802234375 0.4465505375 0.148477234375 0.4499857203125 0.16282805 0.4588638875
0 0.138378371875 0.41910499999999995 0.149574246875 0.42418680000000003 0.2664271984375 0.5192835453125 0.2730373296875 0.5224785890625 0.28045391249999996 0.5157200734375 0.281662596875 0.5096485703125 0.12642491875 0.387004125 0.09907491093750001 0.405354084375 0.0302900640625 0.465256753125 0.028298425 0.48586518749999996 0.0284181125 0.487920140625 0.107293984375 0.42407735 0.1141174484375 0.41997026406250004 0.1265893796875 0.4166746265625 0.138378371875 0.41910499999999995
0 0.276094709375 0.48842919374999993 0.2811949734375 0.49035477812500006 0.288566640625 0.4851335546875 0.28879120468749997 0.477447103125 0.155722690625 0.354935040625 0.14444821875 0.3525435 0.029801964062500002 0.429013940625 0.031880509375 0.4461182828125 0.11971373437499999 0.3872679859375 0.1245128140625 0.3818526125 0.14311404375 0.3805602203125 0.15593206875 0.3830682515625 0.16245237343750002 0.389337878125 0.17710390468749998 0.3996876796875 0.19620644375000001 0.4165361109375 0.276094709375 0.48842919374999993
0 0.22655370625 0.6519875390625 0.2360704 0.6656681953125 0.2408062203125 0.8260192906249999 0.24311791718750003 0.8317490875000001 0.2574758359375 0.8324622953124999 0.2631229796875 0.8258517140625001 0.2592921515625 0.6514953984375 0.2600243984375 0.6434028328125 0.254755128125 0.637079478125 0.160897084375 0.62518156875 0.0358033140625 0.614719153125 0.0366486546875 0.62923309375 0.17680206406250001 0.6408257640625 0.204452871875 0.6447642953125 0.2177349640625 0.6483591578125 0.22655370625 0.6519875390625
0 0.19063985781249998 0.6763131609374999 0.200134959375 0.6907329 0.20757875625 0.7753654296875 0.20536042031249999 0.8003822078124999 0.2115219796875 0.810106103125 0.2110558328125 0.8430325890624999 0.215808784375 0.8500576859375 0.233135075 0.8509949109375 0.23577066093750002 0.8456384796874999 0.22046581718749997 0.656713078125 0.2106036359375 0.65485773125 0.1913740078125 0.6511843734375 0.0372096421875 0.638864884375 0.038201379687499995 0.6558923515624999 0.1236806828125 0.6601492109375 0.16517309062500002 0.6655026953125 0.1814235546875 0.669321575 0.19063985781249998 0.6763131609374999
0 0.640281946875 0.91616458125 0.5213121390625 0.7964497859375 0.4901696484375 0.7592860796875 0.468144390625 0.7494760515625 0.446698328125 0.75378325 0.3277202796875 0.8040611312499999 0.257765434375 0.8395209109374999 0.25666801562499997 0.8431416484375 0.257000796875 0.8487220984375 0.2663250625 0.852018271875 0.4261318546875 0.7788967546875 0.4475995109375 0.773850471875 0.4634740046875 0.773567065625 0.47764838593750003 0.7805624718749999 0.4931558046875 0.7928434609375 0.6217718640625 0.9218044203125 0.627643828125 0.9244697015625001 0.6346887859375 0.9209274562499999 0.640281946875 0.91616458125
0 0.48916939375 0.7595809499999999 0.49899918593750003 0.76254491875 0.5023327281250001 0.7672407640625 0.5109463390625 0.777890421875 0.6017077359375 0.8788103734374999 0.6110104062499999 0.8828456296875 0.6185069078125001 0.8808188875 0.61203415625 0.8647754578125 0.5378648984375001 0.7899215203125001 0.5008828359375 0.7489839109374999 0.47226606562500006 0.727195403125 0.3368216296875 0.7810452234375 0.3136646578125 0.793000775 0.30505994062499997 0.7990177984375 0.291002415625 0.8049936640625001 0.2843874078125 0.8107904906250001 0.28625835781250003 0.8146352453124999 0.2951418765625 0.816046378125 0.417626209375 0.7645516859375 0.44175104374999996 0.7534098874999999 0.45572219843750006 0.75039035 0.46714413749999995 0.74977091875 0.47548974218750006 0.7526228796875001 0.4837813640625 0.7573225453125 0.48916939375 0.7595809499999999