0 0.468478359375 0.2553353984375 0.4778106125 0.25555694687499997 0.4855118078125 0.24411699531250003 0.348766934375 0.0040582703125 0.3435045796875 0.0039970375 0.17768685625 0.195764603125 0.1914140796875 0.2130436140625 0.324856846875 0.06835168124999999 0.340654075 0.0636744609375 0.3595187484375 0.06982163125 0.468478359375 0.2553353984375
0 0.1817179375 0.15838328906250002 0.3175138359375 0.0036946078124999995 0.27764644843749997 0.0032307093750000002 0.1678597703125 0.1415273453125 0.1817179375 0.15838328906250002
0 0.49182276406250003 0.1791597296875 0.390450159375 0.0045432984375 0.359393428125 0.0041819218749999994 0.4763230390625 0.19579033125 0.49182276406250003 0.1791597296875
0 0.31326948906249996 0.33917635 0.3335163671875 0.3426482984375 0.4386686671875 0.48582739999999996 0.4522642109375 0.4719567359375 0.32148886875 0.287389934375 0.1743246140625 0.44393106250000003 0.181481359375 0.45859965 0.2981696859375 0.3471813171875 0.31326948906249996 0.33917635
0 0.31395076093749996 0.2775045140625 0.331682546875 0.28045892499999997 0.4462681421875 0.423495684375 0.4572222109375 0.409775978125 0.31877775937499997 0.22154744375000002 0.1701455 0.39861610625 0.185419265625 0.41287732187500004 0.2992299828125 0.28350394843750004 0.31395076093749996 0.2775045140625
0 0.31211697968749996 0.2153151484375 0.3338728625 0.2190976234375 0.44693522343750003 0.3784893625 0.45763664843749996 0.36610669375 0.3169463515625 0.15658049375 0.1586486234375 0.3437722859375 0.17213536406250002 0.3559713828125 0.2951314375 0.2222375328125 0.31211697968749996 0.2153151484375
0 0.1495564109375 0.28465135625000004 0.1598599234375 0.29649488125 0.29216523125 0.160509646875 0.30953218125 0.14880410625 0.33115938906250003 0.1560326890625 0.442319525 0.3337849578125 0.45150246406249994 0.33220206874999997 0.46019180156250006 0.3194053453125 0.31914133125 0.0896640078125 0.1488595578125 0.2761604171875 0.1495564109375 0.28465135625000004
0 0.3980468078125 0.755855234375 0.40987824687499996 0.7457886609375 0.298058071875 0.604709921875 0.152575725 0.7117424625 0.166520309375 0.7255737140625 0.2820526015625 0.64239276875 0.29903107812499996 0.6438031046875 0.3980468078125 0.755855234375
0 0.2824717421875 0.59316830625 0.3017126203125 0.5964332359375 0.3961988515625 0.7103312984375 0.4128077453125 0.70263685 0.2913086921875 0.5547047953125 0.1390208625 0.6827141171875 0.149942078125 0.69715960625 0.2683803109375 0.5986027234375 0.2824717421875 0.59316830625
0 0.28616165625 0.5432278875 0.3065325 0.5488089328125 0.4099466625 0.6652386875 0.424920165625 0.6579022296875 0.296133321875 0.5015252968749999 0.141599496875 0.6429491859375001 0.1536225078125 0.6583294953125 0.2748356234375 0.5506204343750001 0.28616165625 0.5432278875
0 0.1654846109375 0.6121543375 0.2946242765625 0.5012147578125 0.3088397203125 0.49788941875 0.330085521875 0.509901159375 0.4275828171875 0.632753025 0.440925628125 0.620219409375 0.3136572765625 0.45304266562500006 0.1548749234375 0.5988257390625 0.15379840312499998 0.599331746875 0.1654846109375 0.6121543375
0 0.30461012656249997 0.44284670937500004 0.327496015625 0.448945309375 0.43831961406250003 0.57870659375 0.4520391265625 0.5669449984375 0.31069111562499996 0.3913147765625 0.1530427671875 0.556278925 0.164010978125 0.5701800484375 0.28863058124999996 0.44997612499999995 0.30461012656249997 0.44284670937500004
0 0.323617371875 0.721092353125 0.3505226875 0.7335742578125 0.287960065625 0.647081015625 0.17225226875 0.72703685 0.185754021875 0.737171428125 0.27975483749999996 0.682201909375 0.294215890625 0.6858722859374999 0.323617371875 0.721092353125
0 0.6414382796875 0.1285846984375 0.4877513734375 0.26433707812499996 0.4745443015625 0.2650918671875 0.3597461546875 0.076173221875 0.3421636515625 0.0966563640625 0.4718533609375 0.323572059375 0.6497226687500001 0.1483469515625 0.6464660421875 0.1323974 0.6414382796875 0.1285846984375
0 0.653396021875 0.11784960156249999 0.6723771421875 0.13078430937500002 0.7394055359375 0.2904262546875 0.7545077124999999 0.2796436890625 0.6687910390625 0.058511082812500004 0.4915510703125 0.23317121406250002 0.4970676890625 0.25375290625 0.6333948015625 0.1213733515625 0.653396021875 0.11784960156249999
0 0.49113534062499997 0.162922340625 0.49096420781249994 0.1837397328125 0.48679958437500004 0.2002456546875 0.6271696390625 0.046473507812499995 0.639625684375 0.04139705625 0.656978484375 0.046357021875 0.6714347968750001 0.055582554687499994 0.73620790625 0.205037153125 0.7528215031250001 0.19178752500000001 0.67979450625 0.033469653125 0.619895996875 0.0213631171875 0.49113534062499997 0.162922340625
0 0.5790123171875 0.6336613359375 0.43102262343750003 0.7254425109375 0.43339955156250004 0.7405164921875 0.57169381875 0.66132503125 0.6230473203125 0.7656525546874999 0.644178596875 0.764444909375 0.5790123171875 0.6336613359375
0 0.639066934375 0.7113042125 0.6512774109375 0.699232053125 0.5785612 0.5724510015625001 0.4328315625 0.680389434375 0.4359570828125 0.691037546875 0.5629347625000001 0.6081282875 0.5753861062500001 0.6086070140625 0.639066934375 0.7113042125
0 0.6526813265625 0.675212878125 0.6687895484374999 0.6646373390625 0.5916843671875001 0.5223682328125 0.4427098140625 0.639315325 0.4475593875 0.6545321578125 0.5734141703125 0.560974065625 0.58963691875 0.5636179140625 0.6526813265625 0.675212878125
0 0.6548598250000001 0.62773949375 0.668324284375 0.6200924984375 0.5905944625 0.472833234375 0.4422383734375 0.593300103125 0.44747552500000004 0.6052041859374999 0.5737092921875 0.509640553125 0.5913171140625 0.51048586875 0.6548598250000001 0.62773949375
0 0.5989142203125 0.45093172656249997 0.610230840625 0.45464955937499996 0.6623235203125 0.5771865984375 0.67918505 0.5681551359375 0.6126596984375 0.40861670781250004 0.4539567578125 0.52666848125 0.454822315625 0.5442095046875 0.5816830953125 0.45085844374999995 0.5989142203125 0.45093172656249997
0 0.45951827187500005 0.49447611093750005 0.5856280328125 0.396803375 0.5948133437500001 0.39244290312499996 0.6132984875 0.39694137343749997 0.672817065625 0.5133669078125 0.687032509375 0.5100415703125 0.6137176265625001 0.347716915625 0.45890540625 0.47559803125 0.45424722968750003 0.48089009843749997 0.45951827187500005 0.49447611093750005
0 0.5986197328125 0.341324303125 0.6138364796875 0.3437611328125 0.67762005625 0.4735656671875 0.690710196875 0.462369 0.6150066015625 0.2988583265625 0.452726459375 0.42959056406249996 0.46105989531249997 0.44428047656249997 0.583522259375 0.34655169375 0.5986197328125 0.341324303125
0 0.6252050328125 0.2863721203125 0.6389056140625 0.29683117812500004 0.697022646875 0.4344983078125 0.710613440625 0.4261828375 0.6390815109375 0.23783343124999998 0.4727993078125 0.3756206390625 0.4800976421875 0.3905531890625 0.6093542000000001 0.2900554515625 0.6252050328125 0.2863721203125
0 0.6341824625 0.230574640625 0.6485124375 0.24046866093750002 0.7144249546875 0.3811290578125 0.72726240625 0.37126945 0.6461708765624999 0.1837309171875 0.48012967968750003 0.3368335375 0.48780219999999996 0.35255120624999997 0.614808171875 0.23631096093749998 0.6341824625 0.230574640625
0 0.6091330578124999 0.8586325984375 0.6191980218750001 0.8551476859375 0.5560390843749999 0.730333334375 0.4197592015625 0.80716120625 0.42628656249999997 0.8223947781250001 0.5377759640625001 0.76060639375 0.5533693656249999 0.7638152609375 0.6091330578124999 0.8586325984375
0 0.592103759375 0.76900810625 0.6104696265625 0.7658423859375 0.564635125 0.6793189296875 0.41476441875000003 0.7722563515624999 0.41763733125 0.7879725984375 0.55215548125 0.7121712484375 0.5662374734375 0.717847121875 0.592103759375 0.76900810625
0 0.883166521875 0.6083329890625 0.9000031921874999 0.60103668125 0.809368109375 0.51586281875 0.6943662875000001 0.6472537968750001 0.696041990625 0.6559139578125001 0.7983560078124999 0.5488145921875 0.8156309374999999 0.5469889515624999 0.883166521875 0.6083329890625
0 0.8031726421875 0.5096965078125 0.8174371734375001 0.506273125 0.88904096875 0.5753022390625 0.905968290625 0.5655789015625 0.8133888921875 0.4751135546875 0.687173684375 0.6148341828125 0.6927912 0.6244293625 0.7916482796875 0.5200425421875 0.8031726421875 0.5096965078125
0 0.9003008625 0.5496643015625 0.908528053125 0.5380117671875 0.8266872515625 0.43175508125000006 0.6909774703125 0.57865495 0.693384796875 0.5898267953125 0.81384731875 0.46781495156249997 0.8295574640625001 0.46704416406249993 0.9003008625 0.5496643015625
0 0.894778221875 0.507156640625 0.907957365625 0.49852497656250006 0.827332721875 0.383176678125 0.6905832125 0.5268944546875 0.696451234375 0.53640833125 0.8173902343749999 0.42250186718749994 0.8305648671875 0.4192074734375 0.894778221875 0.507156640625
0 0.9008453375000001 0.477710365625 0.912331846875 0.47006496093749994 0.8485166359375 0.3401592453125 0.698453884375 0.47449297812499996 0.7019317875 0.486155809375 0.8324151453124999 0.3748806515625 0.8486040375 0.3795466390625 0.9008453375000001 0.477710365625
0 0.9111474718749999 0.441795575 0.92335775625 0.43563363437499997 0.8674191609375 0.279990425 0.7118991953125 0.41747545312499995 0.71406155 0.43260053593750003 0.8493777437500001 0.322319953125 0.8642336171875 0.3313825375 0.9111474718749999 0.441795575
0 0.9208403546874999 0.41176087031249997 0.9360740156249999 0.4028847296875 0.8913859546875 0.232874765625 0.7316468781250001 0.35814783906250003 0.7237748125000001 0.378548071875 0.8665785203124999 0.27381194375 0.8813130046875 0.2835168234375 0.9208403546874999 0.41176087031249997
0 0.8098172515625001 0.6128044015625 0.8273591250000001 0.609566296875 0.89781448125 0.6749351328125 0.9096931296875 0.6646619859375 0.8236651281249999 0.578479621875 0.708671621875 0.7000896046875 0.6990998453125 0.70594605625 0.7010408171875 0.7151499718750001 0.8098172515625001 0.6128044015625
0 0.8731354046875 0.8388509828125 0.8858988828125 0.8297382093750001 0.8429264312500001 0.7377418734375001 0.6952478578125 0.8270321515625 0.701025465625 0.8342492078125 0.8243034546875 0.76227951875 0.8390029312499999 0.7682392421875 0.8731354046875 0.8388509828125
0 0.8825691062500001 0.7869871953125 0.8939205109374999 0.7717142171875 0.8370344484375 0.687126540625 0.6955651140625 0.796929421875 0.69900880625 0.8098665296875 0.8225687171875 0.71887846875 0.8347026484375 0.7208862875000001 0.8825691062500001 0.7869871953125
0 0.8979309671875001 0.7463731250000001 0.912200475 0.737081140625 0.838581671875 0.6417130796875 0.7142076515625 0.7525882312500001 0.714374009375 0.7653400421875001 0.8280128375 0.674266925 0.83899665625 0.6745706734375 0.8979309671875001 0.7463731250000001
0 0.8153953484375001 0.8210993796875 0.8269970875 0.8239759718749999 0.840674540625 0.88597619375 0.8598971234375 0.8855296390625 0.839067003125 0.797111521875 0.69001503125 0.865244803125 0.6897497609375 0.8647010500000001 0.68956515 0.873467515625 0.8153953484375001 0.8210993796875
0 1 0.389358671875 0.9978512265624999 0.39088614375 0.985365396875 0.385649421875 0.9812308671875 0.378701821875 0.942911696875 0.2401164859375 0.93009664375 0.2517924734375 0.975667275 0.42937962656249995 1 0.410187721875 1 0.389358671875
0 0.8957763671875 0.18954384062500002 0.9084804890625 0.1814887734375 0.9221447312500001 0.1804901734375 0.9338693593749999 0.188237578125 0.972871390625 0.3353465515625 0.9878539906249999 0.32585509375 0.9449642140625001 0.12498025937499999 0.7536595796875 0.2844418 0.7613256640625 0.3001969671875 0.8957763671875 0.18954384062500002
0 1 0.45330488750000003 0.9992718890625 0.45325740000000003 0.9878156484374999 0.46548514687500003 0.9095513343749999 0.6259588703125 0.9205737046875001 0.6291018296875001 0.9864033859375001 0.4992268078125 0.99666645 0.48501717656250004 1 0.48234064375 1 0.45330488750000003
0 1 0.428101553125 0.9898595984374999 0.428400815625 0.914667225 0.5970234171875 0.9230504265624999 0.6007882390625 0.9832825015625 0.47149767656249997 0.99266465625 0.457801303125 1 0.452686625 1 0.428101553125