0 0.12986773437500002 0.6057990531249999 0.1419815453125 0.5986533625 0.2985739609375 0.6679626937500001 0.3103441046875 0.65854016875 0.13323852187500002 0.576105621875 0.0403176140625 0.6915565171875 0.0479067015625 0.694772853125 0.12986773437500002 0.6057990531249999
0 0.28565811406249997 0.6429021374999999 0.287376325 0.6273927515625 0.11855071875 0.5464914640625 0.09307760781249999 0.5719648203125 0.0670096484375 0.6037201578125 0.04115933125 0.6335097609375 0.028575306249999998 0.6489607796875 0.026828989062500003 0.66270125625 0.03143975 0.6730786 0.120525971875 0.5732082234375 0.1323877 0.5687086703124999 0.2608183984375 0.633712046875 0.28565811406249997 0.6429021374999999
0 0.13278939218750002 0.6923861109375 0.2963117140625 0.6865905031249999 0.310602 0.693864775 0.3126640140625 0.7075257953125 0.3311648265625 0.8166486984375 0.3424194984375 0.8172577750000001 0.3479465734375 0.806813090625 0.3228588859375 0.6674975859375001 0.127828684375 0.68150054375 0.13278939218750002 0.6923861109375
0 0.48205168125000003 0.70686066875 0.3527064875 0.8065921968750001 0.36298085156250004 0.8107983453125 0.4679410671875 0.741686946875 0.4921957453125 0.7354024265625 0.5121544671875 0.7415483671875001 0.5594612718749999 0.7789420312499999 0.6245696546875 0.8195535062499999 0.6345649109375 0.8198877265625001 0.635513628125 0.8085451953125 0.48205168125000003 0.70686066875
0 0.47227371875 0.704657546875 0.4846406109375 0.7030766453124999 0.6268921984375 0.7907278953125 0.6317886703125 0.774042115625 0.4793816265625 0.6817999359375 0.3479771625 0.7850853375 0.3538781921875 0.7947050765625 0.47227371875 0.704657546875
0 0.467858278125 0.6803175328125 0.4792417140625 0.6771333625 0.61603173125 0.762988990625 0.6237322437499999 0.75505535 0.47755927812500004 0.6549839359375 0.34215974375 0.7563693015624999 0.3555730328125 0.771545765625 0.467858278125 0.6803175328125
0 0.3435197625 0.7309917593749999 0.448146434375 0.6577999078125 0.4717920578125 0.6474289343749999 0.49428697499999996 0.6539964390625 0.623439259375 0.7432889671875 0.6308886484375 0.7336916125 0.47233595624999997 0.621557196875 0.33355921093749996 0.7239524390625001 0.3435197625 0.7309917593749999
0 0.46921803281249996 0.6156382375 0.50604683125 0.6238314203125 0.6242132734375 0.7140295328125 0.631495253125 0.7033230890625 0.48572028593749994 0.591109125 0.3328057 0.699310590625 0.347641878125 0.7042635875000001 0.46921803281249996 0.6156382375
0 0.34155233749999997 0.6688325109375 0.454298046875 0.5904797734375 0.47917837968750004 0.5833757453125 0.4952282015625 0.5865443640625 0.6183749093750001 0.6802620859374999 0.626452009375 0.6649984828125 0.4720287640625 0.55937266875 0.3333077296875 0.6633361296875 0.34155233749999997 0.6688325109375
0 0.46015855625 0.56121414375 0.47885901249999996 0.5573674546875 0.61683700625 0.6512628406250001 0.6253709765625 0.6405703593750001 0.4740920671875 0.5341688640625 0.32759421875 0.6443702796874999 0.33475372812500004 0.6514639453125 0.46015855625 0.56121414375
0 0.491728246875 0.5307008875 0.51705166875 0.548215553125 0.6288646906250001 0.623377790625 0.6365109453125 0.6135268296875 0.47194586406249994 0.49332941406249997 0.3974787671875 0.5479680265625 0.32938930312500003 0.6006663296875 0.32221006874999997 0.6086997937499999 0.324352515625 0.6150253078125 0.33260567343749997 0.6170635250000001 0.342544478125 0.61534445625 0.3493134640625 0.6089260421875 0.4514892 0.5328053796875001 0.4751023140625 0.5266151375 0.491728246875 0.5307008875
0 0.466290728125 0.4285076 0.42664501250000003 0.4548281421875 0.3486846359375 0.5216776609375 0.365890609375 0.5313739453124999 0.40472031406250003 0.5004876375 0.4507179671875 0.46052294062500004 0.46283325781249995 0.4577054953125 0.4905431453125 0.4645150796875 0.619595709375 0.5517112109375 0.6279006515625001 0.5395007859375001 0.466290728125 0.4285076
0 0.43704683749999995 0.41482025624999996 0.4594129578125 0.408366234375 0.61168125 0.509535959375 0.617408790625 0.493696040625 0.44503614062499997 0.3820237578125 0.2997574046875 0.5137336453125 0.3137041203125 0.51873110625 0.43704683749999995 0.41482025624999996
0 0.43698931406249997 0.37410042187500003 0.4563484578125 0.3678942703125 0.6140294015625 0.484753946875 0.61821045625 0.47211508750000003 0.4553905625 0.3396519421875 0.2899916109375 0.46920375312499996 0.297380240625 0.47781535625 0.43698931406249997 0.37410042187500003
0 0.447499109375 0.329435921875 0.46685834843749996 0.3232297625 0.622563321875 0.4471678203125 0.6277466421875 0.4344463421875 0.461576803125 0.2999302921875 0.2953752515625 0.42419339999999994 0.3074605515625 0.437028178125 0.447499109375 0.329435921875
0 0.4349554484375 0.2866717515625 0.457550771875 0.2817356078125 0.6206441515625001 0.38739170624999997 0.6330729828125 0.375609715625 0.45835160625000004 0.24829830625 0.29924115156250003 0.38929723437499997 0.3110686015625 0.393701015625 0.4349554484375 0.2866717515625
0 0.3008160609375 0.366115753125 0.428225371875 0.2488070984375 0.45437171249999997 0.240504675 0.47029430781250003 0.2384237640625 0.620185653125 0.3305687265625 0.632958065625 0.321063615625 0.44915375468749996 0.2075382296875 0.29173783124999997 0.3530330953125 0.3008160609375 0.366115753125
0 0.6744191749999999 0.5261894640625 0.6903357359375 0.530360375 0.7754807359375 0.40149833749999997 0.7925779281249999 0.3921691703125 0.8193477687499999 0.3936177703125 0.9631877125000001 0.4457284671875 0.9714751875 0.44199924843750005 0.971361646875 0.435916421875 0.774428978125 0.3667245625 0.6744191749999999 0.5261894640625
0 0.65525541875 0.4845148109375 0.661999028125 0.4918786984375 0.6764623828125 0.486421971875 0.766216603125 0.36144449375 0.7816563921874999 0.35712566562500003 0.8146248203124999 0.36232780937500003 0.9645272078125 0.4279507859375 0.9727011375 0.41813871249999995 0.7693850703125 0.3333082125 0.65525541875 0.4845148109375
0 0.7475070484375 0.322778465625 0.7640819953125 0.3153199703125 0.9457040343750001 0.38320193593749996 0.9513122359375 0.37238294843749997 0.7513259624999999 0.2936496796875 0.643266684375 0.4477316 0.6541653953125001 0.45597144375000004 0.7475070484375 0.322778465625
0 0.7329979109375 0.2746279375 0.7472796046875 0.267967715625 0.9330568093749999 0.3367255765625 0.9470660265624999 0.32826016562500004 0.7319036328124999 0.24495969999999997 0.616973403125 0.4121276 0.629529584375 0.41535707187500004 0.7329979109375 0.2746279375
0 0.797257940625 0.405989909375 0.7122919859375 0.521239871875 0.72512065 0.5262745609375 0.797528028125 0.435624721875 0.8027956406250001 0.42787990000000004 0.8315182203125 0.431604390625 0.9889814687499999 0.48868424218750006 0.9951573437500001 0.4869567390625 0.9954071078125001 0.48328085 0.9952027421875 0.47659633125 0.797257940625 0.405989909375
0 1 0.8304274156250001 0.8854291234374999 0.7610316234375001 0.7203090734375001 0.8802133781249999 0.7185239296875 0.8854248 0.7204692421875001 0.8914973906249999 0.7267398515625 0.8921491671874999 0.73446180625 0.8887857140625 0.8603191499999999 0.79231843125 0.8793192796874999 0.785298378125 0.8946183015625 0.7844268046875 0.9102657890625 0.7858638609375 0.9229959140625 0.7918265546875001 1 0.843409871875 1 0.8304274156250001
0 1 0.7961804984375 0.8706006281249999 0.7257220578125 0.7439342234375 0.8337101703125 0.7483740984375 0.8450501203125 0.761719090625 0.8370642453125001 0.85354308125 0.758570625 0.879155315625 0.7475077125 0.8968632765625 0.75637679375 1 0.8127062703125001 1 0.7961804984375
0 1 0.7695018296875 0.86786305625 0.6967946234375 0.740135846875 0.8085455828124999 0.7460385078125 0.811501984375 0.7559446484375 0.8168826703125 0.854312796875 0.7275208140625 0.8704552031249999 0.7199928859375 0.895246290625 0.72758948125 1 0.7838074734375 1 0.7695018296875
0 1 0.736859215625 0.8636280187500001 0.67048738125 0.7333604984375001 0.787757971875 0.7417781890625 0.7953271125 0.7514534140625 0.7931523484375 0.8551851718749999 0.697151115625 0.87094261875 0.693097859375 0.8842364578125 0.696822109375 1 0.752433590625 1 0.736859215625
0 1 0.7140636437500001 0.8623175218749999 0.6437241953124999 0.7287408546874999 0.7571524171874999 0.740366515625 0.767900025 0.849385053125 0.670774384375 0.8690176562499999 0.6622701765625 0.8955025937500001 0.66903856875 1 0.7286530390625 1 0.7140636437500001
0 1 0.6908589640625 0.8576950625 0.6130999874999999 0.7290487031249999 0.735092253125 0.7454477765624999 0.7413148953124999 0.8468955703125 0.6482562656249999 0.8748175249999999 0.6404459 1 0.702970665625 1 0.6908589640625
0 1 0.6485082640625001 0.8646788125 0.5792597500000001 0.8215701 0.6139780312500001 0.7458183593750001 0.688005715625 0.7353679453125 0.7005539421875 0.7365729125 0.7051293234375 0.7390696609375 0.7080399859375001 0.7461386921875001 0.710573740625 0.8469135906249999 0.61149935 0.8610076453125 0.6060523953125 0.8815031328125 0.605531584375 0.8936524796875001 0.6076465578125 1 0.6656783796875 1 0.6485082640625001
0 1 0.619444721875 0.8530216234375001 0.5463290296875 0.847157559375 0.54837065625 0.7410272296875 0.6630793140625 0.7348727734375 0.6631970796875 0.7228401875 0.67548616875 0.7275432953125 0.67938363125 0.733204390625 0.6828125671875 0.738676578125 0.6815823640625001 0.8357937734374999 0.5855364 0.8424849968749999 0.5787518828125 0.8599176265624999 0.5749775140625 0.876073146875 0.57637269375 0.89077731875 0.5817831015625 1 0.6356285671874999 1 0.619444721875
0 1 0.590490646875 0.8439339296874999 0.5201985687499999 0.7363088484375 0.6420425062499999 0.7281956187499999 0.6598519015625001 0.7313165546875 0.6634902265625 0.7377033203125001 0.664911546875 0.8272141109375 0.559364059375 0.8394356015625 0.5517341078125 0.8523393578125 0.54521659375 0.8609178140625 0.5441198921875 0.8734590359375 0.545423446875 1 0.60660860625 1 0.590490646875
0 1 0.553941796875 0.8418999984375001 0.47946251718750005 0.81790696875 0.49429576875 0.72331646875 0.6138965609375 0.7226201359375 0.6229138203125 0.731169853125 0.62844199375 0.8255573828125 0.5143117640625 0.8323647624999999 0.5082967890625001 0.843192984375 0.5050668375 0.8570406593750001 0.5082104937499999 0.867390190625 0.51203206875 1 0.5713422890625 1 0.553941796875
0 1 0.8595661328125 0.8874771234375001 0.7916379734375 0.879348621875 0.792308025 0.712748490625 0.9221298859375 0.694431225 0.9438968937500001 0.7068275515625 0.9510557796875 0.85563251875 0.8328293562500001 0.8821803734375001 0.821291534375 0.9067547843750001 0.8239405218750001 1 0.8806248984374999 1 0.8595661328125
0 0.2274804484375 0.3855840640625 0.2472948765625 0.4112198578125 0.256613675 0.411620365625 0.266686884375 0.4033883828125 0.16012328125 0.23920839374999997 0.12605644062500002 0.24863910625000002 0.003519253125 0.3024439234375 0.0037131734375000004 0.3191093109375 0.1280457625 0.26522616875 0.14781557812499999 0.2667129703125 0.15896353125 0.2724165234375 0.2274804484375 0.3855840640625
0 0.1720690546875 0.23315940781250002 0.20375650625000002 0.2488566203125 0.272114459375 0.378009190625 0.2812883640625 0.3842650296875 0.2884442125 0.3805586828125 0.296136828125 0.3701855859375 0.20449504062499999 0.209450265625 0.155187259375 0.220137325 0.050548668750000005 0.2595380953125 0.0032335328125 0.277889178125 0.0034072187499999997 0.29281564531250004 0.004275609375 0.29373810312500004 0.0159603328125 0.2927749046875 0.13575244687500002 0.24472337031250002 0.1720690546875 0.23315940781250002
0 0.2342779796875 0.485140434375 0.25002755312499997 0.4974767328125 0.2572995578125 0.49453992968750005 0.262060140625 0.48518764374999995 0.11581321874999999 0.351158421875 0.0896572375 0.3618848203125 0.004940353125 0.4245729046875 0.005149475 0.442544740625 0.09668346562499999 0.38117315 0.1073955328125 0.37717365625 0.1234495640625 0.38130411406250003 0.2342779796875 0.485140434375
0 0.13707204374999998 0.44737245000000003 0.1517840453125 0.45656654375 0.26198375 0.5411440640625 0.26979778906249996 0.540499934375 0.2737456421875 0.5335519718749999 0.25126612812500004 0.5142759765625 0.12396898593750001 0.41849349062499996 0.113628465625 0.4161922953125 0.07576978281249999 0.4467492796875 0.0058484171875 0.50261171875 0.0060973171875000004 0.524002171875 0.0975316953125 0.4474782640625 0.113700209375 0.4442533046875 0.1253566796875 0.44423851093750005 0.13707204374999998 0.44737245000000003
0 0.1188497515625 0.41557493437500004 0.13905545156250002 0.4267647859375 0.2507684984375 0.5126084625 0.2569229546875 0.5124906953125 0.2586500203125 0.5068945015625 0.21993634062499998 0.471908959375 0.10726530781250002 0.3865338109375 0.0451564609375 0.42827214687500004 0.0053344578125 0.45844222968750004 0.0055427640625 0.47634394999999996 0.074941409375 0.42114219531249997 0.0886289171875 0.41300183749999997 0.105002078125 0.41243127968750004 0.1188497515625 0.41557493437500004
0 0.2848532171875 0.6098992296875 0.14792176562499998 0.5385628234375 0.1147493578125 0.5201682671875 0.103445259375 0.5170004265625 0.09614839375 0.5210708687500001 0.04594134375 0.582920190625 0.0196451015625 0.612839415625 0.0219844984375 0.6366138343750001 0.096255278125 0.5466061125 0.11041448125 0.54386214375 0.1271941953125 0.5446864640625 0.14276387031249999 0.5512869874999999 0.262727540625 0.6205531421875 0.27398462343749996 0.6234095 0.2806821609375 0.6181270249999999 0.2848532171875 0.6098992296875
0 0.2675224828125 0.5895287859375 0.2676092984375 0.5832886828125 0.0944091796875 0.485372921875 0.0710696796875 0.5079434859374999 0.0148407734375 0.5784140609375 0.01680135625 0.6016259953125 0.0824358765625 0.5253158250000001 0.0883433484375 0.5201541484375001 0.09989724531250001 0.514916584375 0.11181427968749999 0.5154924734375 0.12362982812500001 0.5188036421875 0.2545025703125 0.59527675625 0.26151352499999997 0.5974257421875 0.2675224828125 0.5895287859375
0 0.25837671093750003 0.5630135515625 0.2636893375 0.5641338546875 0.26993060625 0.5577759859375 0.2687690484375 0.550080553125 0.11718196875 0.44882494375000004 0.105772965625 0.448207178125 0.0078573515625 0.542371159375 0.012952937500000001 0.5590917234375 0.08792092812499999 0.4866868828125 0.0916220421875 0.4805384046875 0.1095046265625 0.4763373859375 0.12243772343749999 0.47682951874999996 0.1299132984375 0.482056678125 0.1460400796875 0.49007672968750005 0.167668390625 0.503876228125 0.25837671093750003 0.5630135515625
0 0.3020225640625 0.908790365625 0.30633493437500003 0.901317940625 0.27129531562500003 0.7281555578125001 0.270555234375 0.7199758890625 0.26428831875 0.71449926875 0.17074891875 0.7173404421875 0.0362461640625 0.7273040843749999 0.037447103125 0.7418135546875 0.18904706875 0.7304405546875 0.21668182656249999 0.7300354390625 0.23026201093749998 0.7315380265625 0.239501615625 0.7337729953125 0.251225996875 0.745916690625 0.284632028125 0.904979840625 0.28791215000000003 0.9103280937499999 0.3020225640625 0.908790365625
0 0.253256290625 0.8937068968749999 0.25871491406249997 0.9265942062500001 0.2646050265625 0.932851040625 0.28164639375 0.93107170625 0.2832511875 0.9253207765625 0.23442153437500002 0.739435821875 0.22448416718750003 0.7391312546875 0.2050979265625 0.73848185 0.0403645265625 0.7513120453125001 0.041523728125 0.7688215671874999 0.14078513125 0.7580171921875001 0.1821534984375 0.756854559375 0.1986646359375 0.758115540625 0.20889532968750002 0.7636399968750001 0.22073139843749998 0.7765236390625 0.2431778625 0.85970210625 0.24550979375 0.8849810546875 0.253256290625 0.8937068968749999
0 0.6898455703125 0.9322584984375 0.5524907046875 0.8315827140625001 0.5154893890625 0.799422659375 0.4922786890625 0.7930952953125 0.472167053125 0.8007463609375 0.365329584375 0.8694853968749999 0.30357209531249996 0.9157795796875 0.30315355624999996 0.9195598437499999 0.304479709375 0.925069165625 0.3141519609375 0.9268938921875 0.456648165625 0.8289951 0.4766481140625 0.8206040874999999 0.49205647187499996 0.8178356375 0.5071162390625 0.8225874453124999 0.5244232984375 0.8323980671875001 0.6728324156250001 0.940777878125 0.6790293828125 0.94251450625 0.68525398125 0.937881059375 0.6898455703125 0.9322584984375
0 0.5145682484375 0.79987316875 0.52467315 0.8012876546875001 0.5287627203125 0.8054454546875001 0.539063365625 0.8147099046875 0.645572725 0.90107243125 0.6553566640625 0.9036371031250001 0.66229313125 0.9004432828125 0.6531087906249999 0.8854681718749999 0.567438203125 0.8224844578124999 0.5240723890625001 0.787477859375 0.49229163593749997 0.770245084375 0.370059915625 0.84512259375 0.34965553125 0.8606638890625 0.3423563671875 0.86800794375 0.3297396390625 0.8761649171875 0.32433860000000003 0.8829779312499999 0.3268510078125 0.8865165890625001 0.33575554687500003 0.8865317203125 0.4457890796875 0.8160309218749999 0.4672821359375 0.8011490359375 0.48034561875000004 0.795951846875 0.49135755000000003 0.793545803125 0.499996975 0.7950810921875 0.50891561875 0.7984662453125 0.5145682484375 0.79987316875