0 0.33185795156250003 0.3809303625 0.3337494890625 0.387931975 0.3411205328125 0.394712559375 0.4411022375 0.3210719046875 0.47021623281249997 0.320947 0.526317996875 0.3491678296875 0.5446756890625 0.3564570953125 0.55410086875 0.3468023953125 0.448717178125 0.2926971453125 0.33185795156250003 0.3809303625
0 0.4537961484375 0.32224391875 0.3395438875 0.4130567015625 0.3431519 0.4210385609375 0.350853015625 0.42465737812500004 0.44285881875 0.3524611578125 0.457590065625 0.3511347359375 0.47255165625 0.3577311671875 0.5274160625000001 0.40145128906250005 0.5387143531249999 0.3981643765625 0.5422562484375 0.3893571609375 0.4537961484375 0.32224391875
0 0.3249188640625 0.46158120468749997 0.3239102234375 0.4704326734375 0.3371092671875 0.474464290625 0.43026191718750006 0.3981703109375 0.449288965625 0.39945295937499997 0.56782888125 0.48514660625 0.5791732406250001 0.4834442640625 0.583146559375 0.4749613375 0.43607745781249996 0.3659630796875 0.3249188640625 0.46158120468749997
0 0.3460032984375 0.475569921875 0.347068846875 0.48319061249999995 0.354449103125 0.49028810937499995 0.44940440312499996 0.44696795624999996 0.47179069531250006 0.4476757796875 0.5278404265625001 0.5031364765624999 0.539194003125 0.5017510484375001 0.5452967937500001 0.49393883125000004 0.4678862140625 0.41498199375 0.3460032984375 0.475569921875
0 0.3282233578125 0.5462120328125 0.4633329609375 0.4906064625 0.47771570781249995 0.49180797812500004 0.52476084375 0.542360075 0.540235159375 0.5375623484375 0.469745771875 0.464427975 0.32190702656250003 0.5321645515625 0.3195672609375 0.5387754953125 0.3282233578125 0.5462120328125
0 0.335247525 0.5700912296875 0.3358724390625 0.5770707171875 0.343188196875 0.5819498140625 0.45202111250000004 0.5369715734375 0.4728475625 0.5420866921874999 0.51511940625 0.5881208578125 0.52521556875 0.5870302171875 0.5320614265625 0.57574669375 0.46606132968749997 0.511876590625 0.335247525 0.5700912296875
0 0.4524557859375 0.5664372140625 0.33545510312500004 0.6207753671875 0.3324183390625 0.6324421859375 0.3397341 0.637321284375 0.4363229546875 0.592129146875 0.4587461015625 0.5941046265625001 0.48644929687499994 0.61802831875 0.5522651187500001 0.6755601390625 0.5556227390624999 0.660414640625 0.50018708125 0.5970458421875 0.4524557859375 0.5664372140625
0 0.341728615625 0.6623796296875 0.43624327812499997 0.6184182687499999 0.45528875312499995 0.620334746875 0.5076383328125 0.6646444390624999 0.5184959874999999 0.6607163234375 0.5216709578125001 0.65380321875 0.451953903125 0.5927189609375 0.33338416249999997 0.6511474953125 0.341728615625 0.6623796296875
0 0.42606744374999994 0.645798034375 0.44766459999999997 0.648392590625 0.5355290515625 0.7240477640625 0.5457617953125 0.713140159375 0.44097971718749995 0.62166854375 0.3211617765625 0.6807087796875 0.325660278125 0.6902899609375 0.42606744374999994 0.645798034375
0 0.3366919046875 0.764919675 0.333461653125 0.7699312953125 0.342586028125 0.77895978125 0.44815942656249996 0.723471740625 0.48452793281249995 0.7551488843749999 0.49515686875 0.757868590625 0.5033799203125 0.7504101640624999 0.43948327656249997 0.7008307 0.42432223281250003 0.7164035078125 0.3366919046875 0.764919675
0 0.6748227984375 0.73978475625 0.553352878125 0.8000631453124999 0.553398946875 0.8016477156249999 0.5544092140625 0.807366921875 0.5641660890625 0.809121134375 0.6662620875 0.764658709375 0.6836463687500001 0.767496425 0.730304525 0.8047381250000001 0.7400245453125 0.8052246796875 0.7503402140625 0.7971693046875 0.6748227984375 0.73978475625
0 0.5627992015625 0.7330764890625 0.562185128125 0.7409845921875 0.5719788593749999 0.744006459375 0.684051240625 0.6943335109375 0.7078055125 0.6985495187499999 0.8024068812499999 0.773688875 0.8111627046875001 0.77004079375 0.8143100343749999 0.7621769453125 0.6967971859375 0.6682656578125 0.5627992015625 0.7330764890625
0 0.5569912515625 0.7510299609375 0.5581120828125 0.7605521359375 0.5687410171875 0.7632718406250001 0.6745631890625 0.7163404843750001 0.7003916484375 0.7193257140625 0.7497489078124999 0.7623161234375 0.76331488125 0.76445363125 0.7703173718749999 0.7585576484375001 0.6870067046874999 0.694385140625 0.5569912515625 0.7510299609375
0 0.5558438703124999 0.66802058125 0.553183246875 0.6781102046874999 0.5609949265624999 0.685531990625 0.67197411875 0.6272876093749999 0.6990968468750001 0.6312457078125 0.796773459375 0.7105565765625 0.8059514921875 0.7069158718749999 0.8060880750000001 0.697098909375 0.6842333609375 0.5989939828125 0.5558438703124999 0.66802058125
0 0.691074875 0.6311055718749999 0.56460294375 0.69351385 0.5656961328125 0.7020852843750001 0.5801157359375 0.7045544546875 0.6782920765625 0.655905765625 0.69264718125 0.6561565375 0.74272908125 0.695041815625 0.7560018359375 0.7016087453125001 0.7715314328125 0.698712503125 0.7709525890625 0.6933175859375 0.691074875 0.6311055718749999
0 0.5608209578125 0.6069741609375 0.5611065843749999 0.6167985 0.5701111796875 0.6217071015625 0.68446804375 0.5635217234375001 0.7103425718749999 0.5680915234375 0.7631788562499999 0.6146269953125 0.774825646875 0.60881214375 0.7787805375 0.599695390625 0.6988475421875 0.5355818890624999 0.5608209578125 0.6069741609375
0 0.61859478125 0.40241060468749995 0.6175677125 0.410628246875 0.6277836531250001 0.4136574890625 0.779250465625 0.3691072765625 0.7953957593750001 0.3728736078125 0.8147485390625 0.4143896015625 0.822807365625 0.41579739687500006 0.8369874093749999 0.4100268015625 0.8012020859375 0.3403494625 0.61859478125 0.40241060468749995
0 0.7504513640625 0.3945779390625 0.58284088125 0.449932496875 0.5780047171875 0.45776684375 0.583714565625 0.4654686671875 0.7259112062499999 0.4213900171875 0.7488947687499999 0.428126584375 0.814807603125 0.5325395734375 0.82654653125 0.529893865625 0.8318325453125001 0.5230176375 0.7611263687500001 0.398882215625 0.7504513640625 0.3945779390625
0 0.7483587468749999 0.3951748890625 0.7725167984375 0.3987644453125 0.8047401750000001 0.4620444953125 0.8182232218750001 0.461329775 0.8251243609375001 0.45194773593750004 0.7800948859375 0.369122028125 0.5993222109375 0.42171262656249997 0.6017833796875001 0.43379224218749995 0.7483587468749999 0.3951748890625
0 0.6737664890625 0.48573024374999996 0.5547192562500001 0.54224991875 0.5549403875000001 0.5498558578125 0.5643119109375 0.55287035 0.69928330625 0.49251106875 0.708562690625 0.4923564171875 0.753019290625 0.5409627734375 0.7664839109375 0.539614225 0.7726788390625 0.534971146875 0.7075876546875 0.47333419374999997 0.6737664890625 0.48573024374999996
0 0.7754416734375 0.510795725 0.786568921875 0.5043551328125 0.7852606078125001 0.4958395078125 0.7318917859375 0.4479315546875 0.7162492453125 0.4450043 0.6922632 0.44697387343750006 0.669616346875 0.458521209375 0.6432080359375 0.4623062625 0.6231210453125 0.464609346875 0.586254403125 0.47351968125 0.5804644 0.48111510781250005 0.5756353109375001 0.48527713281249996 0.565699215625 0.4840419609375 0.5705065031250001 0.4912917171875 0.6229693671875001 0.48371543125 0.7026997328125 0.453260371875 0.7262175828124999 0.45950998906249996 0.7668742875000001 0.5079920687499999 0.7754416734375 0.510795725
0 0.0140062734375 0.7842575890625 0.014648003125 0.8063303515625 0.0487826859375 0.7856673453125 0.0740285109375 0.7901195609375 0.1950338609375 0.8716550249999999 0.1989027890625 0.8576834421875 0.05080260156250001 0.763239959375 0.0140062734375 0.7842575890625
0 0.011717325 0.6871467703125 0.0118127234375 0.70880886875 0.047656403125 0.6917857921875 0.07445954375 0.6946607359375 0.1883529875 0.7889077703125 0.1928615875 0.7785574343749999 0.0671451703125 0.6636467859375 0.011717325 0.6871467703125
0 0.056916571875 0.6610613843750001 0.0778617625 0.664636234375 0.1430734484375 0.7203276359374999 0.1600076359375 0.714606678125 0.07001272187499999 0.63361294375 0.011540248437500001 0.662675409375 0.0111009859375 0.68432816875 0.056916571875 0.6610613843750001
0 0.0693963859375 0.6307943421875 0.094212559375 0.6388491265625 0.155389909375 0.684442075 0.17062676875 0.675482509375 0.0722756046875 0.6011618234375 0.01196784375 0.640621325 0.010900575 0.6590541625 0.0693963859375 0.6307943421875
0 0.008877928125 0.5527222546874999 0.007869 0.5731617046874999 0.025790839062499998 0.5646501671874999 0.047793685937500004 0.5678423734375 0.10708907812499999 0.6222270640625001 0.125512634375 0.6309724125 0.134240196875 0.618690184375 0.062750515625 0.5492510578124999 0.0410723125 0.5388443781250001 0.008877928125 0.5527222546874999
0 0.1486678625 0.5451363031249999 0.06372788124999999 0.45420289687500004 0.0065793671875 0.47366163125 0.005752721875 0.49438777968750003 0.0057814609375 0.4968575265625 0.0405081421875 0.4826778421875 0.070182953125 0.49242198125 0.13189702187500002 0.556475784375 0.1486678625 0.5451363031249999