0 0.2161720109375 0.6624548828125 0.2321477484375 0.6744542421874999 0.27076366875 0.49128771718750003 0.28726247968749996 0.4783727125 0.3068262546875 0.47811329062499996 0.47038085937499996 0.547071903125 0.4733024265625 0.5267192015625 0.258259696875 0.42988396093750003 0.215579146875 0.6362714281249999 0.2161720109375 0.6624548828125
0 0.46926147656249995 0.59846794375 0.2749294765625 0.5253525140625 0.26650957656249996 0.5269477671875 0.2303037609375 0.6991835515625 0.22888523125 0.73309985625 0.2308152640625 0.737779 0.2468374859375 0.735826159375 0.2773628859375 0.5794717890625 0.28298130781249997 0.56618750625 0.29958474062499996 0.5578931109374999 0.314401909375 0.5614056390625 0.4624651234375 0.6130802656250001 0.46926923125000003 0.6041454796875 0.46926147656249995 0.59846794375
0 0.4983569 0.6835919234375 0.5123758578125 0.6785272546875001 0.5105314546875 0.6717613703125 0.331283965625 0.5819550875 0.31038343749999997 0.6352140125 0.257318415625 0.7724377609374999 0.25998039375 0.7779659765625 0.2673192296875 0.776641834375 0.27364675 0.7786692125 0.3272038703125 0.6418383703125 0.337832384375 0.6257486921875001 0.35230856250000003 0.619536725 0.36456837656249996 0.6221416484375 0.38210951875 0.6285852656250001 0.4983569 0.6835919234375
0 0.6738729140624999 0.704631290625 0.745846853125 0.543561796875 0.743676971875 0.5384264875 0.7355205578125 0.5409882968749999 0.670071734375 0.680801378125 0.6578545499999999 0.68541419375 0.5282973125 0.650783865625 0.5246201609375001 0.66977710625 0.6738729140624999 0.704631290625
0 0.939287590625 0.5399696046875 0.9407483750000001 0.5297932546874999 0.8283215015625001 0.4407842296875 0.7323316890625 0.6295617921875001 0.735292028125 0.637596765625 0.7462692843750001 0.6369091171875 0.8051232453124999 0.515272040625 0.8162980953125001 0.491300603125 0.8264422640625 0.48049555312500003 0.8390546765625 0.4773325703125 0.8464632609375 0.479088834375 0.9275276281249999 0.5434351234375 0.939287590625 0.5399696046875
0 0.9034651468750001 0.44104315937500005 0.9059798750000001 0.434733028125 0.7659025625 0.351625640625 0.68367211875 0.5612194515625 0.6883644828125 0.5657221625 0.6990782546875 0.5640679609375 0.7546231296875 0.41899387812500005 0.76387221875 0.40066855468749996 0.774675103125 0.392279890625 0.7827346484375 0.39077500625 0.792340234375 0.39352925 0.8921701640625 0.4490389171875 0.9034651468750001 0.44104315937500005
0 0.87475296875 0.38938363125 0.8741136203125001 0.377152378125 0.729960028125 0.28474092500000003 0.6716253265625001 0.4506509875 0.6524994515625 0.5075953906249999 0.6553900421875001 0.5125499578125 0.6625273875000001 0.5076621328125 0.668362809375 0.5092966046875 0.7062270859375 0.39963550312499996 0.72868526875 0.33514330000000003 0.749182853125 0.32277441875 0.7595440250000001 0.326888121875 0.8693554046875 0.39641673125 0.87475296875 0.38938363125
0 0.8508222703125 0.33549235624999996 0.845726921875 0.32386227500000003 0.698260390625 0.22918375625 0.6366980046874999 0.4072622265625 0.6190677890625 0.45557048125 0.6195676421874999 0.4616409234375 0.6250775828124999 0.46490596718750005 0.6354232453125 0.4576646015625 0.693819940625 0.289157409375 0.7030419109375 0.2749694171875 0.7149956078125 0.2693900484375 0.7231249015625 0.27096557187500003 0.8403177453125 0.34638777656249997 0.8508222703125 0.33549235624999996
0 0.8251750546875 0.2964884109375 0.8288328406250001 0.2873100375 0.8277440234375 0.28190361406250003 0.665673425 0.17178384687499998 0.62787114375 0.2788478203125 0.5877866421875 0.41849574843750004 0.5911344578125 0.4223030203125 0.6011546390625 0.4166922265625 0.6048628093749999 0.4204091265625 0.6650651328125 0.23028014375 0.674128240625 0.21974620625000002 0.689394878125 0.216433903125 0.710353584375 0.22976519843749998 0.8162010625 0.3002878875 0.8251750546875 0.2964884109375
0 0.7137866171875 0.199990534375 0.777189709375 0.24191752656249998 0.7855049875 0.23570166406249998 0.78569096875 0.22791027656249999 0.7796463 0.21703458750000001 0.6199044484375 0.10839607343749999 0.543660575 0.358310175 0.548263825 0.3695473484375 0.557210696875 0.36988520468749997 0.5637861953125001 0.3615240671875 0.5678043359375 0.352255321875 0.6166496859375 0.17271922343749999 0.627409940625 0.1571128234375 0.6427385734375 0.1512033921875 0.6525107765625 0.155981115625 0.7137866171875 0.199990534375
0 0.1913535796875 0.1265467640625 0.1918999171875 0.11866500625000001 0.133805275 0.07643937656250001 0.12119286250000001 0.079602359375 0.10236534687500001 0.13905351875 0.10299694374999999 0.1456072390625 0.10761955781250002 0.1470295453125 0.1288029390625 0.0849223078125 0.13683536406250002 0.08755475625 0.1913535796875 0.1265467640625
0 0.5006505265625 0.3954285125 0.48456631093749997 0.39997848281250004 0.3236930515625 0.3267332203125 0.3174081609375 0.331923578125 0.3167378328125 0.3449995953125 0.3327406890625 0.352861621875 0.5104343828125 0.43273124375 0.5812342046875 0.203802440625 0.57706105625 0.1955553015625 0.5687729 0.19763383437499998 0.5101282265625 0.376529540625 0.5006505265625 0.3954285125
0 0.4723764109375 0.5925236078125 0.62892926875 0.6456833859375 0.7046849843749999 0.470241259375 0.7025770953125 0.46250882187500003 0.6937270921875001 0.46111404062499994 0.629797190625 0.60932358125 0.6183084703125 0.6194331890625 0.6011703093749999 0.620116940625 0.485201925 0.57743190625 0.47307385625 0.575310259375 0.4723764109375 0.5925236078125
0 0.574732596875 0.5301959187499999 0.47210508906250004 0.489844696875 0.4580783765625 0.48923183281249993 0.448682034375 0.495718809375 0.45006921406249994 0.5036319890625001 0.612008028125 0.5652510687500001 0.619339109375 0.5582493921875 0.695869771875 0.3743518609375 0.6941144859375 0.360851515625 0.6886742906250001 0.36066687656249996 0.6833735921875 0.36664305 0.6143793625 0.5259326515625 0.604692415625 0.5355904046875 0.589487771875 0.536305578125 0.574732596875 0.5301959187499999
0 0.6072496921874999 0.44046319062499995 0.5864460296875 0.492665190625 0.577382925 0.5031991265625 0.5749805734375 0.519807403125 0.5704897 0.518868375 0.560113021875 0.5033996015625 0.44843401875 0.4580899140625 0.41827270937499994 0.4491317453125 0.41299912968749997 0.4509705859375 0.4107207703125 0.462384603125 0.416432203125 0.4692133328125 0.586957534375 0.531260640625 0.6203077140625 0.45164531406249997 0.6689593671875 0.322240478125 0.6674482015625001 0.31952155625 0.6542313140625 0.3119934875 0.65173209375 0.3296586890625 0.6072496921874999 0.44046319062499995