0 0 0.3947531078125 0.06701909843750001 0.33184487812499996 0.10543627343749999 0.3422929734375 0.28684830156249996 0.4866558890625 0.3075441375 0.47700970624999994 0.308333246875 0.45926487812500005 0.170225359375 0.3454722515625 0.0682582859375 0.2747427765625 0.0056194703125 0.3301808765625 0 0.3610262734375 0 0.3947531078125
0 0 0.5160536671875 0.1013340796875 0.4754704046875 0.12684095625 0.4763031265625 0.14287258281249998 0.48555219374999997 0.252018478125 0.620830675 0.2671444875 0.6115772734375 0.1858579765625 0.5078120390625 0.12260653125000001 0.44253909687500004 0 0.49133252031249997 0 0.5160536671875
0 0 0.48499342656250005 0.08542375156250001 0.43872876875 0.121559325 0.43822719687499995 0.252605125 0.57737040625 0.264872921875 0.5804524625 0.2705540109375 0.572742259375 0.1135610703125 0.39829615937499996 0 0.457740465625 0 0.48499342656250005
0 0 0.44597823437499995 0.0811437296875 0.38844830468749997 0.11606520000000001 0.39461097343749996 0.2573400140625 0.5245537296875 0.27229912968750003 0.5262764640625 0.274403575 0.514725115625 0.0963657296875 0.34848789999999996 0 0.4134695703125 0 0.44597823437499995
0 0 0.606042609375 0.0809927796875 0.583770903125 0.1013042078125 0.5896481375 0.219313390625 0.7567561203125 0.25045073906250004 0.743449778125 0.1145936765625 0.54017536875 0 0.5721254734375 0 0.606042609375
0 0 0.5549068359375 0.07491178125 0.529962653125 0.10006958749999999 0.529358078125 0.1261077015625 0.5440415375 0.2204563625 0.6767087218750001 0.23331604687500002 0.6798952328125 0.24142032656249998 0.668944121875 0.11270651875 0.49352714375 0 0.5290623140624999 0 0.5549068359375
0 0 0.7269466921875 0.028780653125 0.7194638609374999 0.06302427656250001 0.7360539328125 0.16608939843749998 0.8711764609375001 0.186780215625 0.87161785 0.1938625984375 0.859569271875 0.0587998875 0.6821147562500001 0.031785475 0.6828502578125 0 0.6934276609375 0 0.7269466921875
0 0 0.6847751890625 0.0371984359375 0.6732584687500001 0.06794635624999999 0.68556311875 0.17894384218749998 0.8307982484374999 0.20410164687500001 0.8301936734375 0.2108602671875 0.8199222234375 0.08435213750000001 0.64581161875 0.05042725625 0.6375319890625 0 0.6524346125 0 0.6847751890625
0 0 0.648126284375 0.052850446875 0.6342910828125 0.0873368921875 0.6495483078125 0.19432270625 0.8000368531250001 0.22336062656250003 0.7881942859375 0.087554178125 0.591348734375 0 0.6142308609375 0 0.648126284375
0 0.46962403124999996 0.1071182015625 0.363878525 0.1677890265625 0.36578073125 0.184174534375 0.3806032734375 0.1900002625 0.5522304421875 0.099684753125 0.5770088546875 0.1045160203125 0.6965862296875 0.2563094921875 0.707751184375 0.2587383640625 0.7251941375000001 0.24347390781249997 0.57628016875 0.05486226875 0.46962403124999996 0.1071182015625
0 0.7415347015625 0.3348608546875 0.7483995703125 0.3273595546875 0.5688792687500001 0.11225270000000001 0.5573652421874999 0.1083865296875 0.48200833281250005 0.14644755468749998 0.3190419890625 0.24287712187500002 0.31801507500000004 0.2518672265625 0.33065222968749997 0.2696885859375 0.34601604531249996 0.2691899078125 0.529784471875 0.16588430625 0.5548613375 0.1657240125 0.5648121921875 0.17481712031250002 0.7111005078125 0.3409542234375 0.723206421875 0.3449248453125 0.7415347015625 0.3348608546875
0 0.7119605265625 0.3429402578125 0.6135951796875 0.2256140609375 0.5536775578124999 0.1655151078125 0.48868122031250005 0.20036025624999998 0.361673296875 0.27378724375 0.344205034375 0.2858372671875 0.3512217515625 0.297622546875 0.365265215625 0.3010179609375 0.5115980078125 0.215410021875 0.540231225 0.20578886718749997 0.5635020984375 0.21218836093750001 0.5795843421875 0.22786628593749997 0.695246034375 0.3542061703125 0.7098307734375 0.351277175 0.7119605265625 0.3429402578125
0 0.69375399375 0.432816265625 0.7142779171875 0.44423379531249996 0.732631503125 0.4373842328125 0.7403867140625 0.424995825 0.5513608421875 0.22517845468750003 0.5422953140625 0.221285809375 0.49379595312499996 0.2494123234375 0.405463075 0.3016918375 0.31448949531250003 0.361759534375 0.315693565625 0.375270440625 0.33107767187500003 0.3880737671875 0.3437248609375 0.3857199796875 0.4322752515625 0.3288931890625 0.51145664375 0.283252884375 0.5301592984375 0.2778406234375 0.5563086765625 0.2852066609375 0.58373805 0.31572689375 0.69375399375 0.432816265625
0 0.6467266078125 0.42268297656250003 0.6937895609375 0.4695078453125 0.7133269265625 0.4628671890625 0.71376195 0.45377263437500004 0.647176684375 0.3833257 0.5581349609374999 0.2919488765625 0.533725909375 0.3018569125 0.4303226515625 0.359731115625 0.37649127187500003 0.39700513437499996 0.3844489453125 0.410332165625 0.3973086296875 0.413518675 0.4429294828125 0.3844256203125 0.48857564687500005 0.3585469921875 0.526658803125 0.33729506875 0.5485080921875001 0.33473093125000003 0.5723961625 0.3444493078125 0.5940179078125001 0.36660759375 0.6467266078125 0.42268297656250003
0 0.6943618328125 0.6172671796875 0.53585131875 0.46456445312500005 0.5021289015625 0.48200026406249996 0.43799258124999996 0.5188314468749999 0.3515163109375 0.570980034375 0.35850771875 0.5795508828125 0.373304953125 0.582162184375 0.4990481578125 0.508970575 0.5228096875 0.5026168015625 0.5481799890625 0.5075525187500001 0.5822010859375 0.5387774421875 0.671703140625 0.6242741421875 0.6855594171875 0.6253436890625 0.6943618328125 0.6172671796875
0 0.692090265625 0.5861423703125 0.54450690625 0.42711378906249997 0.536974225 0.424867346875 0.4300196328125 0.48211483906249997 0.3478787953125 0.52723288125 0.3498922671875 0.5363009640625 0.3662223484375 0.5405584671875 0.5107744546874999 0.46472474531249996 0.5312780859374999 0.46284027187500004 0.5503501015625 0.4721673125 0.5748503515625 0.4952921453125 0.6694315734375 0.59314933125 0.6867329390625 0.59207544375 0.692090265625 0.5861423703125
0 0.695742609375 0.54597450625 0.5516296453125 0.388016921875 0.5436669546874999 0.3847774625 0.47977345312499997 0.4202757984375 0.3482732375 0.49153432031250005 0.3559374734375 0.4997653390625 0.36922716875 0.5039448671875 0.5178162546875 0.42607216093750006 0.5370551640625 0.424423065625 0.550855809375 0.42915132500000003 0.5670999328125 0.44394068437499995 0.6720063875 0.5555427125 0.6886349203125001 0.55480865625 0.695742609375 0.54597450625
0 0.56672533125 0.38563666093750004 0.598242296875 0.4205467703125 0.6759318734375 0.507168859375 0.6904559625 0.5179861515625 0.7026731421875 0.514639346875 0.7039985109375 0.5006576843749999 0.6767310171875 0.46924888437499995 0.5875577390625 0.371887484375 0.563811259375 0.3479785390625 0.553966653125 0.3416555765625 0.48399237812499996 0.37699795625 0.42184923750000003 0.4095952171875 0.3653568625 0.441355415625 0.36602969375 0.4410155859375 0.3618561421875 0.44715756406249996 0.36082922968750003 0.45614766875 0.3718576140625 0.462679534375 0.379445925 0.4612672640625 0.48782711718750005 0.402895828125 0.5277668828125 0.3815129765625 0.546332965625 0.3802037109375 0.56672533125 0.38563666093750004
0 0.7159281703125 0.6967364734375 0.7205064203125 0.6883730828125 0.535583415625 0.5163351640625 0.323525821875 0.640786796875 0.3210470015625 0.6476864124999999 0.33067409531249997 0.658556653125 0.3434781484375 0.6654018749999999 0.5105320828125001 0.573362184375 0.52686718125 0.5675321140625 0.5432782031250001 0.571345334375 0.5745573640625 0.5975007203125 0.6918681875 0.708081809375 0.7159281703125 0.6967364734375
0 0.6706465765625 0.801094271875 0.6844219125000001 0.802608103125 0.6970994265625 0.793381175 0.701004846875 0.7853576125 0.5223751125 0.6190159453125 0.3173745921875 0.728204565625 0.315082959375 0.7374300484375 0.32164435625 0.7450078812500001 0.3328599296875 0.7538656109375 0.340529184375 0.7520090578125 0.4976222328125 0.671051403125 0.5089237609375 0.669377278125 0.5247985265625 0.669427334375 0.5390544859374999 0.67836304375 0.6706465765625 0.801094271875
0 0.70643285625 0.7455031062499999 0.7101510921874999 0.73515368125 0.5258705906250001 0.5696490765625 0.45554724843749994 0.60355415625 0.320490678125 0.6842735390625 0.317688096875 0.6929502875 0.3279070765625 0.703924978125 0.33538412812499996 0.7098301328125001 0.48838958281249994 0.6244826015625 0.5000705062499999 0.617372634375 0.5243126593749999 0.6184407359375 0.543652803125 0.6296493609375 0.6806528390625 0.7528763734374999 0.70643285625 0.7455031062499999
0 0.6544936515625001 0.819337778125 0.6572962328124999 0.8106610296874999 0.5181258625 0.669166928125 0.338536003125 0.7562429796875 0.3328549140625 0.7639531859375001 0.33626967812499997 0.7686828921875 0.34573990625 0.7703541234375 0.499812859375 0.7026204953125 0.52289654375 0.706694121875 0.531557371875 0.7128081796875 0.6389679546875 0.8207250203124999 0.6455040453125 0.8250884234375 0.6544936515625001 0.819337778125
0 0.62195546875 1 0.483544325 0.899225884375 0.31492721874999996 0.9964925156250001 0.33371324062499996 1 0.3672210125 1 0.4752631171875 0.9413282781250001 0.49977340000000003 0.9442779625 0.5760419234375 1 0.62195546875 1
0 0.3495650609375 0.9237317296875001 0.3322030484375 0.938551903125 0.33454028281250003 0.945842853125 0.34626680468750004 0.95524931875 0.47300158281250004 0.8900283218749999 0.5041288984375 0.8968971265624999 0.6125157796875 0.9893950015625 0.6298980828125 0.9878768328125 0.6311678203125 0.9775538828125001 0.48254249531250004 0.8577781234374999 0.3495650609375 0.9237317296875001
0 0.6275708828125001 0.9604107375 0.6319063140625001 0.9533801937499999 0.5039465 0.8308313953124999 0.48309379999999996 0.83127856875 0.33752481093750003 0.8959272484374999 0.3326784328125 0.9024090593749999 0.33552661562499997 0.9102487437500001 0.3476578390625 0.9174337953125 0.473259453125 0.85843275625 0.48827420000000005 0.8564967796875 0.5068099578124999 0.8620606562500001 0.5241316125 0.8742887703125 0.6150855765625 0.9618759578124999 0.6275708828125001 0.9604107375
0 0.5760351359375 1 0.4996924609375 0.9447222453125 0.4786525734375 0.94284355625 0.37562201875 1 0.428836415625 1 0.47772187187500004 0.9747789515624999 0.5089048203125001 0.9779890437500001 0.5383130171875 1 0.5760351359375 1
0 0.7726770671875001 0.3114669390625 0.7963223171875 0.3225181640625 0.9380966984375 0.15127103125000002 0.9637704703125 0.141127615625 0.9904864312500001 0.145383675 0.9953861343750001 0.14815313125000001 0.9971200031249999 0.10560096562500002 0.9842941671875 0.09889285 0.9304322359375 0.08938771718750001 0.7639959484375 0.2920508796875 0.7726770671875001 0.3114669390625
0 0.7792487218749999 0.35252192187500003 0.79121305 0.37068311249999997 0.8095059875 0.3775798375 0.851261778125 0.3294620546875 0.956389859375 0.21182004999999998 0.9816033 0.20755676093750003 0.9928168671875 0.21120745625 0.99472018125 0.1644968015625 0.9716218968750001 0.1516845 0.9583322015625001 0.14750497499999998 0.849516209375 0.268623259375 0.7792487218749999 0.35252192187500003
0 0.8152883093750001 0.382727353125 0.8242982046874999 0.3902787109375 0.8367835140625 0.388813490625 0.9403181 0.28327156875 0.9572247968750001 0.26424395 0.9825494984375001 0.2526632359375 0.9911123015625 0.253040509375 0.9925325203125 0.2181858546875 0.97748538125 0.21004002656249998 0.9134755999999999 0.2629433609375 0.8142967328124999 0.3747567421875 0.8152883093750001 0.382727353125
0 0.8053173031249999 1 0.8479003281249999 0.9749887421875 0.8702858734375001 0.976187771875 0.899576871875 0.99648950625 0.9067249187499999 0.9606070687500001 0.8544615 0.92891428125 0.7348867515624999 1 0.8053173031249999 1
0 0.79136714375 0.9264926421874999 0.7034086453125 0.9834238843750001 0.698026009375 0.986142528125 0.7032417484375 0.994400021875 0.7178771 0.9978998890625 0.8566418718750001 0.9270062234375 0.8845669171875 0.9346856171875 0.907185253125 0.9547269421875001 0.912271246875 0.9317790328125 0.8653227640625 0.892769990625 0.79136714375 0.9264926421874999
0 0.8998426265624999 1 0.9002920953125001 0.9975328546875 0.8689402140625001 0.976867434375 0.84528995 0.9759037828125001 0.8044256515624999 1 0.8998426265624999 1