0 0.27914106250000004 0.67300966875 0.2914773953125 0.6664319703125 0.214992134375 0.5030858 0.08926439375 0.5912567921874999 0.094096075 0.608328990625 0.1960764484375 0.5436483140624999 0.21170249531250002 0.5414556796875 0.27914106250000004 0.67300966875
0 0.2807859578125 0.630254621875 0.2881877578125 0.6214843906249999 0.2890101296875 0.608328990625 0.21910429531250003 0.4570419046875 0.0880303234375 0.545184834375 0.0916288078125 0.5568037125 0.19196436249999999 0.4943155671875 0.2051230671875 0.49212293437500004 0.2807859578125 0.630254621875
0 0.294767109375 0.605040140625 0.302168909375 0.596269909375 0.2281509140625 0.4175757078125 0.22321638125 0.40990169062500004 0.12875464375 0.4744314703125 0.1352172328125 0.48773786875 0.2100576 0.4460790375 0.216637028125 0.44936788749999995 0.294767109375 0.605040140625
0 0.23061817968749998 0.4142868578125 0.2997016421875 0.5622850953125 0.305458621875 0.5568037125 0.30874826093749996 0.5502260125 0.23226300000000002 0.3649541125 0.13603960625 0.43730880625 0.13768450000000002 0.44936788749999995 0.2034782484375 0.40770915781249994 0.21992666718749998 0.40661284062499997 0.23061817968749998 0.4142868578125
0 0.2174594 0.3583764125 0.23390789375 0.3561838296875 0.2478890453125 0.372628078125 0.29887919531249996 0.498700634375 0.30628099531249997 0.5030858 0.31121552812500003 0.48773786875 0.249533865625 0.315621365625 0.10900951875 0.39380554375 0.1072548546875 0.408805425 0.11383420625 0.41538312343749995 0.11876874062500001 0.416479390625 0.2174594 0.3583764125
0 0.24871149374999998 0.3112362 0.261047825 0.3276804484375 0.30957070781249996 0.4625232875 0.3161500609375 0.4647159203125 0.32108459375 0.448271621875 0.2659823578125 0.27615516875 0.260225378125 0.275058853125 0.16084047031249998 0.3329247421875 0.1598898984375 0.3528949796875 0.165646803125 0.359472678125 0.2388424265625 0.312332515625 0.24871149374999998 0.3112362
0 0.31697250781249997 0.4252496734375 0.32848639375 0.4285385234375 0.3342433734375 0.4208645578125 0.2799635109375 0.2366889734375 0.1335723390625 0.30136965 0.13603960625 0.318910215625 0.260225378125 0.2695774703125 0.26762717812500003 0.275058853125 0.31697250781249997 0.4252496734375
0 0.329308840625 0.39126490937499997 0.3424676203125 0.38687974375 0.3449348875 0.3748206609375 0.2980568234375 0.1840673765625 0.142329415625 0.2440716796875 0.14673111875 0.261903453125 0.27585142500000004 0.2202447234375 0.2890101296875 0.23559265625 0.329308840625 0.39126490937499997
0 0.355626325 0.3572800953125 0.32026222187500003 0.1577565796875 0.21910429531250003 0.18297106093749999 0.22650609375 0.200511625 0.30792588906249996 0.180778528125 0.3424676203125 0.3605689453125 0.355626325 0.3572800953125
0 0.37207481875 0.31781389843749996 0.3877007890625 0.31342878281250003 0.3358881921875 0.0996535515625 0.3336103140625 0.10091952500000001 0.2561132921875 0.1632379625 0.260225378125 0.170911978125 0.31861732656249997 0.145697446875 0.37207481875 0.31781389843749996
0 0.4556123875 0.4248381 0.50833813125 0.5509872437500001 0.520505609375 0.54377866875 0.5198296796874999 0.5338669828125 0.456780209375 0.3885956640625 0.332585671875 0.47529775 0.3400213328125 0.49422011250000003 0.44344490781249996 0.4248381 0.4556123875 0.4248381
0 0.47589151875 0.39330085625 0.5279413328125 0.5194499984375 0.5401088125 0.5113404140625 0.47097919375 0.3448685078125 0.355568709375 0.41312431250000003 0.3582725515625 0.4248381421875 0.46237211875 0.37888383124999997 0.47589151875 0.39330085625
0 0.46169612656250003 0.335632675 0.46913185 0.33833586875 0.48400317187499997 0.35635718125000004 0.5279413328125 0.46989135937500004 0.5340250734375 0.46808921562499994 0.54281265625 0.46448497031249997 0.47605221093749994 0.30204071250000003 0.350836890625 0.3923997640625 0.3535407953125 0.40771788124999997 0.3636803625 0.4068168296875 0.46169612656250003 0.335632675
0 0.46372403906250004 0.28697516875 0.47386360625 0.2851730671875 0.48738306875 0.2941837015625 0.5380809 0.41582746562499995 0.54484056875 0.4149264140625 0.5509243078125 0.40952002500000007 0.48619536874999997 0.24388660468749998 0.362328378125 0.3428412078125 0.3650322828125 0.3554561296875 0.3663842046875 0.3572582328125 0.46372403906250004 0.28697516875
0 0.486031084375 0.22480169062500002 0.54686848125 0.3770816875 0.5570080484375 0.37347739999999996 0.5637677796875 0.3635657140625 0.4963385265625 0.1897897609375 0.410322365625 0.2590421703125 0.4143781921875 0.27345919531249996 0.48197525937499996 0.226603834375 0.486031084375 0.22480169062500002
0 0.4927908171875 0.1788473796875 0.5015784609375 0.1770452765625 0.5570080484375 0.335632675 0.5644437718749999 0.335632675 0.5671476140625 0.3311273765625 0.5085103171875 0.14651228593750001 0.4143781921875 0.213087859375 0.4143781921875 0.226603834375 0.4251936890625 0.227504884375 0.4927908171875 0.1788473796875
0 0.394099059375 0.594238359375 0.4062665390625 0.5888319703125 0.423165775 0.606853240625 0.4833272421875 0.7005639640625 0.4934668078125 0.6879490828125 0.411135996875 0.550886196875 0.3041948859375 0.6654224328125 0.3008150515625 0.6726310062499999 0.3123065390625 0.6807405906249999 0.394099059375 0.594238359375
0 0.4251936890625 0.551888253125 0.43736116718750007 0.5735138109375 0.4914388953125 0.6663235249999999 0.4995505484375 0.65370864375 0.4224898453125 0.5068350359375 0.3089267046875 0.614962825 0.3136584609375 0.6266766953125 0.4109982953125 0.54377866875 0.4251936890625 0.551888253125
0 0.43127742812500003 0.4987254515625 0.5049582953125 0.6519064578125 0.5123939562500001 0.6446979671874999 0.43446526093750004 0.4724457734375 0.3217701140625 0.523054203125 0.3204181921875 0.534768075 0.421813853125 0.49602225625 0.43127742812500003 0.4987254515625
0 0.6509680484375 0.366268909375 0.6597556921875001 0.364466765625 0.7219450734375 0.48971477500000005 0.7314085859375 0.47529775 0.6616720078125 0.3277367140625 0.5522762921875 0.44105726875 0.552952221875 0.452771140625 0.55836003125 0.4572764375 0.6509680484375 0.366268909375
0 0.6725991015624999 0.3203145984375 0.7354644125 0.438354075 0.74425211875 0.4230359984375 0.6667435875 0.281754396875 0.5556561265625 0.3987072453125 0.561739865625 0.41222321875 0.6516440390625 0.3203145984375 0.6725991015624999 0.3203145984375
0 0.7327605687500001 0.4005093484375 0.7469559609374999 0.386993375 0.6712471796874999 0.23291127500000003 0.5921585640625 0.32121564999999996 0.6050020359375 0.332028428125 0.6644874484375001 0.27616239062500003 0.7327605687500001 0.4005093484375
0 0.7469559609374999 0.3545550375 0.7516877171874999 0.348247596875 0.681386746875 0.1914623015625 0.60432604375 0.2743602875 0.61378961875 0.2851730671875 0.6759789984375 0.22209849531249998 0.7469559609374999 0.3545550375
0 0.646912221875 0.452771140625 0.708425609375 0.56990960625 0.7205930890625 0.5563936328125 0.6462362296874999 0.416728515625 0.536728915625 0.52485630625 0.54484056875 0.5374712703125 0.62933699375 0.4599796328125 0.646912221875 0.452771140625
0 0.6888224078125 0.7294087499999999 0.69828604375 0.7203981140625 0.6976100515625 0.7104863875 0.6200095203125 0.58207685 0.5130699484375 0.7023661484375 0.5198296796874999 0.7113874375 0.605677965625 0.6239841546875 0.619197428125 0.6194788171875001 0.62933699375 0.6338958828125 0.6888224078125 0.7294087499999999
0 0.6246734078125 0.5402580828125 0.6356474000000001 0.5425091578125001 0.6440889328125 0.5481368468750001 0.699240278125 0.6565636421875001 0.7068376578125 0.6670686609375001 0.715841959375 0.6621913296875 0.717530265625 0.6539373875 0.6438075484375 0.50461605625 0.6224223328125 0.5181225078125 0.5090244125 0.55901704375 0.5146521 0.5755249296875 0.6148249531250001 0.5406332625 0.6246734078125 0.5402580828125
0 0.61581753125 0.5798212921875 0.6333928203125 0.5852276828125 0.6894984 0.688850175 0.7003139578125 0.677136303125 0.6292139015625 0.5427716703125001 0.52185759375 0.6446979671874999 0.515773853125 0.654609653125 0.52658935 0.664521421875 0.61581753125 0.5798212921875
0 0.795625878125 0.62668735 0.7976537921875 0.62488520625 0.8104972015625 0.630291596875 0.8720106515625 0.7095853359375 0.880798234375 0.6978714640625 0.7996189609375 0.5940013828125 0.7104535234375 0.7113874375 0.7111294531250001 0.723101309375 0.7178891843749999 0.72760660625 0.795625878125 0.62668735
0 0.8104972015625 0.5807330390625001 0.87471449375 0.6744438046875 0.882826146875 0.6645320765625 0.8148336984375 0.54666664375 0.7118054453125 0.665433128125 0.7232969328125 0.6762459062499999 0.8010336890625 0.5834362343749999 0.8104972015625 0.5807330390625001
0 0.83467868125 0.45995061249999997 0.9022321812499999 0.5545014312500001 0.9106763984375 0.5454966 0.8390163749999999 0.4243301265625 0.7329261687499999 0.5488734140625 0.7392593125 0.5561898640625 0.7451702328125 0.557878271875 0.83467868125 0.45995061249999997
0 0.8338342359375 0.37553024062499996 0.8490337796875 0.38791188593750003 0.9064542890625 0.454885390625 0.9140540609375 0.4441921515625 0.8314139109375001 0.3415477390625 0.7455924546875 0.472895078125 0.750236746875 0.48696513281250003 0.82201239375 0.376093034375 0.8338342359375 0.37553024062499996
0 0.82370120625 0.3338828609375 0.832145384375 0.33557126875 0.85410029375 0.3462645203125 0.9068764734375 0.4076099828125 0.917853946875 0.40029355781250003 0.8259229296875 0.29621487812499997 0.7430591984375 0.44137813125 0.7472812671875 0.4503829875 0.8152570296875 0.340636503125 0.82370120625 0.3338828609375
0 0.81209068125 0.2772033765625 0.8230681171875001 0.27438938125 0.8357344031249999 0.2862082328125 0.9011769078125 0.3678146109375 0.912576565625 0.35093050937500003 0.818001603125 0.236681596875 0.76226994375 0.3351720484375 0.7660698296875 0.3469909015625 0.7728251953124999 0.3469909015625 0.81209068125 0.2772033765625
0 0.826868003125 0.22429995156250002 0.83700103125 0.23161637499999999 0.8488229125 0.24681204218750002 0.9020213140625 0.3267300125 0.9108877140624999 0.323915990625 0.915109821875 0.31941356249999997 0.82813463125 0.1849037859375 0.8288797562499999 0.1886537375 0.7626921656250001 0.2873338203125 0.7719807890625 0.29915267343749996 0.8154683453124999 0.2338676015625 0.826868003125 0.22429995156250002
0 0.136740375 0.8267786640624999 0.14448481562499998 0.8311253093750001 0.2031797203125 0.945225184375 0.215000246875 0.93598854375 0.145769865625 0.7986422359375001 0.073154209375 0.8441652953125001 0.07519223281250001 0.8517719609375 0.08089866875 0.85666195625 0.136740375 0.8267786640624999
0 0.28429283125000004 0.8642686218750001 0.294075315625 0.8599219515625001 0.30222737187500004 0.8664419453125 0.37600361875 0.9560918718750001 0.382932865625 0.9441385359375 0.2950056 0.8320775656249999 0.2357880265625 0.8941519140624999 0.23945645781249997 0.9039319046875001 0.2427172734375 0.9055619015625 0.28429283125000004 0.8642686218750001
0 0.5955467546875 0.916563353125 0.6816239203125 0.9739334953125001 0.6887230828125 0.9591473828125 0.583566940625 0.885808228125 0.5813484296875 0.8863996640625 0.5423031375 0.9632874875 0.5542829515625 0.9857624015625 0.5844543203125 0.9224777921875 0.5955467546875 0.916563353125
0 0.27551997500000003 0.9554748843749999 0.28219346875 0.9571697406249999 0.28568910937499997 0.9635254484375 0.2929981734375 0.9660677328125 0.315878725 0.9991174171875 0.33717035 0.99954113125 0.2806045421875 0.9211540578124999 0.1928957609375 0.9986937046875 0.2145051703125 1 0.26407970000000003 0.9584408812499999 0.27551997500000003 0.9554748843749999
0 0.4296459125 0.9207303437500001 0.4747714453125 0.89488379375 0.483987221875 0.8919177968750001 0.4912962875 0.8953075078125 0.4963808546875 0.9003920750000001 0.530383896875 0.9991174171875 0.5481798812500001 0.9999648453125 0.497651996875 0.8631052499999999 0.42297241874999997 0.9092900671875 0.4226546328125 0.9135272062500001 0.423290203125 0.918188059375 0.4296459125 0.9207303437500001
0 0.41725228124999997 0.9431871812500001 0.46364895468749995 0.9131034921875001 0.469686878125 0.9105612093750001 0.475407015625 0.9109849234375 0.48144493906249997 0.9156457765624999 0.51830805 0.9986937046875 0.5316550375 0.9969988484375 0.4890717890625 0.89488379375 0.48017379687500006 0.892765225 0.4299636984375 0.9211540578124999 0.42678584375 0.9194592015625 0.40962542968750004 0.9300520499999999 0.40962542968750004 0.9351366156250001 0.41216771406249997 0.9381026140625 0.41725228124999997 0.9431871812500001
0 0.9439564671875 1 0.9069309249999999 0.9068010109375001 0.840674690625 0.9535701171875001 0.8402849484375 0.9634435953124999 0.8473003140625 0.9660418796875 0.893679678125 0.9338231609375001 0.8987463312499999 0.9338231609375001 0.9049822125 0.937980415625 0.9256385671875 1 0.9439564671875 1
0 0.109004375 0.9130223921875 0.121390721875 0.923041146875 0.15141821875 0.9986826734375001 0.1671826609375 0.9976807921875 0.1371551640625 0.9145252046874999 0.11538520781249999 0.88647270625 0.0446815984375 0.91716201875 0.0433191875 0.9375683140625 0.0977440578125 0.9145252046874999 0.109004375 0.9130223921875
0 0.09361525312499999 0.94458144375 0.1056262796875 0.9530973859375 0.12364278437500001 0.99818174375 0.1382811953125 0.9986826734375001 0.10862901875 0.9165289453125001 0.0463219265625 0.9410748906249999 0.0448205734375 0.9626151875 0.08160426093749999 0.94458144375 0.09361525312499999 0.94458144375
0 0.08573303125000001 0.9791461187499999 0.09361525312499999 0.9826526718749999 0.10262350625000001 0.9996845562500001 0.11913865781249999 0.9986826734375001 0.11388382187499999 0.985157365625 0.10450024843750001 0.95860768125 0.092489221875 0.951093621875 0.042991957812499995 0.971230521875 0.04557125 0.9876620609375 0.07146997656250001 0.9796470484375 0.08573303125000001 0.9791461187499999