0 0.3657989140625 0.3162649234375 0.386163815625 0.319078934375 0.5490831125 0.44088583750000004 0.5592655843750001 0.431639778125 0.3657989140625 0.28209465625 0.1535751046875 0.45857396875 0.15893429375 0.4682220375 0.3475776796875 0.318274921875 0.3657989140625 0.3162649234375
0 0.36220007656250003 0.4331435375 0.37532994531249997 0.42647165156250005 0.3871892125 0.42392998437499996 0.5595717859375 0.5367166109375 0.569313278125 0.5360811953125 0.5735486875 0.5278207593750001 0.379565390625 0.3947007765625 0.164768665625 0.57210579375 0.1635577828125 0.5754770828125 0.17372284375 0.579925015625 0.36220007656250003 0.4331435375
0 0.3588319640625 0.384605415625 0.3684784875 0.37696736249999996 0.3877715765625 0.37656536875 0.566232534375 0.497166259375 0.5769509125 0.48832217812499995 0.38080462656249997 0.3431991046875 0.1614752453125 0.5199466515625 0.15839834375 0.525498396875 0.169116721875 0.531126434375 0.3588319640625 0.384605415625
0 0.383434790625 0.4773389078125 0.3965646609375 0.4770212015625 0.5693707328125 0.59203179375 0.580382896875 0.58345365625 0.38470539375 0.4484274109375 0.172770728125 0.62054685 0.18098056875 0.6266620734374999 0.37496390156250003 0.48337537187499996 0.383434790625 0.4773389078125
0 0.36945781875 0.51324000625 0.383858325 0.51324000625 0.5422639265625 0.60887035625 0.551581884375 0.6098234859375 0.5549702265625001 0.6009276328125 0.3732696953125 0.48941185000000004 0.1744854546875 0.6471251296875 0.1847924796875 0.6527141765625 0.3592927578125 0.516734809375 0.36945781875 0.51324000625
0 0.1899613828125 0.72381624375 0.357261390625 0.5983212734375 0.369967725 0.5951441703125 0.385215334375 0.5935556265625 0.531761703125 0.6723474140625 0.5457386750000001 0.6666286515625 0.37250899843749996 0.568774340625 0.1848788515625 0.71269643125 0.1793727703125 0.7152381046875 0.18106695781249998 0.71968605 0.1899613828125 0.72381624375
0 0.377591546875 0.561784746875 0.3886036765625 0.561467046875 0.555056634375 0.6497901015624999 0.558444975 0.6456598703124999 0.5575979078125 0.640258834375 0.377167978125 0.539227425 0.1864885484375 0.6947088234375001 0.19250265625000001 0.699988075 0.37250899843749996 0.5643264218749999 0.377591546875 0.561784746875
0 0.36764034375 0.6464249 0.38500565781249996 0.6451540640625 0.535363903125 0.7261698046875 0.545528928125 0.7191802109375 0.3684874109375 0.621643609375 0.171056 0.7748723421875 0.181280815625 0.7814511390625001 0.35154563125 0.6489665687499999 0.36764034375 0.6464249
0 0.5833873484375001 0.5020196218749999 0.5765802250000001 0.49848458281249997 0.5640132437500001 0.4996629296875 0.38598093125 0.37829367343750003 0.381774053125 0.3871842171875 0.5708203671875001 0.5208730921875 0.7650849859375 0.37161639218750003 0.7567070265625 0.3676885921875 0.5833873484375001 0.5020196218749999
0 0.756183371875 0.3158415296875 0.57343846875 0.450958134375 0.5572061625 0.450958134375 0.3838864421875 0.32134045625 0.3781265625 0.3264466109375 0.3768276109375 0.3352465765625 0.5718675906249999 0.47884555312500005 0.7666558625000001 0.3256610453125 0.7661322515625 0.317019871875 0.756183371875 0.3158415296875
0 0.569534125 0.7053534453125 0.5580143671875 0.7065317906249999 0.4024979375 0.6185489046875 0.3941199359375 0.6299395453125001 0.5642978796875 0.7245997203125001 0.74442468125 0.58987589375 0.730810434375 0.5831986390624999 0.569534125 0.7053534453125
0 0.752802640625 0.6040160140624999 0.7664168874999999 0.6036232265625 0.8643346781250001 0.68178660625 0.8737598609375 0.6770732390624999 0.755420784375 0.5855553296875 0.5824582703125001 0.7200090984374999 0.586813740625 0.7261708687499999 0.7433774140625 0.609514940625 0.752802640625 0.6040160140624999
0 0.7376175578125 0.5745574453125 0.755420784375 0.575343003125 0.8590983890624999 0.6515424796875 0.868000046875 0.646436340625 0.7428538031249999 0.54941948125 0.5721522265625001 0.688463878125 0.57895939375 0.6955339546875 0.72923955625 0.5800563875 0.7376175578125 0.5745574453125
0 0.5850907296875001 0.40217540312500005 0.5674376921875 0.403278896875 0.55861119375 0.40143974687500006 0.3850231109375 0.26276789375 0.379138771875 0.27012448437500003 0.37340422812499996 0.27920875 0.5723413515625 0.428659159375 0.7748607203125 0.27527410625000004 0.7694667500000001 0.26571052812499996 0.5850907296875001 0.40217540312500005
0 0.7719185796875 0.3120571046875 0.8832306984375 0.425716515625 0.8940187187499999 0.42167041093749996 0.7694667500000001 0.28446986406249997 0.5719281625 0.43554634999999997 0.57528353125 0.44631497031249995 0.7586788125 0.3102179390625 0.7719185796875 0.3120571046875
0 0.7490659328125 0.4613635125 0.7608346109374999 0.45621389843750004 0.7794683484375 0.45658171875000003 0.8888190265624999 0.55074616875 0.8996070062499999 0.5467000328125 0.7676996703125 0.42531619374999996 0.5838395984375 0.5784835828125 0.583814 0.5809082250000001 0.5872465296875 0.5860578375000001 0.7490659328125 0.4613635125
0 0.7868237984374999 0.4153847875 0.8981359156250001 0.5150666640625 0.9099045953125 0.50991705 0.78339126875 0.38375141875 0.5884718234374999 0.539771415625 0.5926405390625 0.5478035265625001 0.7652478796875 0.4153847875 0.7868237984374999 0.4153847875
0 0.7724089296875001 0.362449778125 0.7881004890625001 0.36723157031250003 0.8915668078125 0.4716952484375 0.9038258765625 0.4658099921875 0.7738800203125 0.3337590515625 0.583619640625 0.4897188953125 0.5850907296875001 0.49854683906249997 0.7591691625 0.365024584375 0.7724089296875001 0.362449778125
0 0.8461308656250001 0.6075898343749999 0.854412653125 0.6041109296875 0.8547439156250001 0.5981471078125 0.7321736875 0.5043474078125 0.5612379203125 0.6388692296875 0.559581578125 0.6463240124999999 0.5542812374999999 0.652287834375 0.54765581875 0.6542757781249999 0.549995275 0.6627222749999999 0.7238919265625 0.5280721796875001 0.7344925812499999 0.5268297125 0.7414492640625 0.527326703125 0.8461308656250001 0.6075898343749999
0 0.7338647234375 0.4915255671875 0.7520081125 0.49410035937499996 0.8589069609375001 0.5801725828125 0.86822385 0.5750229390625 0.7431815734375 0.47055926093749995 0.5626637125 0.6092547921875 0.5695935109375 0.6147485640625 0.712779196875 0.5029282875 0.7338647234375 0.4915255671875
0 0.9206182453125 0.949426196875 0.913626546875 0.9533596671875 0.9048868859375 0.9527041046875 0.7729180828125 0.92189189375 0.7768509406249999 0.9287754765624999 0.926299028125 0.96483228125 0.961694675 0.8835405656249999 0.9516440265625 0.8835405656249999 0.9206182453125 0.949426196875