0 0.559165046875 0.5506813796875 0.5709497234375001 0.530447853125 0.36816645625 0.146980884375 0.1420974734375 0.36459149375 0.0971273125 0.4090749921875 0.0948848859375 0.43281818593750004 0.10214777187499999 0.4537173390625 0.12239966093750002 0.45680720937499997 0.3236164703125 0.263737784375 0.3485148171875 0.2471387328125 0.3723750640625 0.256707115625 0.5299846125000001 0.547279496875 0.5455254 0.5589393046875 0.559165046875 0.5506813796875
0 0.53183074375 0.6600993749999999 0.552543965625 0.6401778625000001 0.5548187125 0.6219941625 0.3539966109375 0.268769696875 0.0912169 0.51844760625 0.0866027640625 0.543696021875 0.09084329375 0.5565490390625001 0.09982263125 0.5655973984375 0.112336446875 0.56841685625 0.3076516828125 0.38387576874999996 0.33074123593750004 0.3632432484375 0.354587628125 0.3704289890625 0.3701607375 0.3876482921875 0.510822009375 0.629191240625 0.53183074375 0.6600993749999999
0 0.5363991015625 0.7293415296875 0.54463083125 0.7121600531250001 0.35887895 0.392018353125 0.3432966046875 0.373210625 0.221993446875 0.492843703125 0.1444515078125 0.564774828125 0.0859063421875 0.628635234375 0.0871983984375 0.646149528125 0.0997583859375 0.6569111171875 0.11347190781250001 0.6613606046875 0.3146979515625 0.46987960624999997 0.3313507203125 0.46807939374999996 0.351021225 0.4735311015625 0.3630090640625 0.48824295781249993 0.5149982984375 0.733357978125 0.5363991015625 0.7293415296875
0 0.5242823765625 0.794824409375 0.5349089015625 0.780108775 0.3421019140625 0.47480751562499995 0.33076471875 0.4696470171875 0.226026596875 0.5723898296875001 0.09233429062500001 0.7106472046875 0.0942123453125 0.7265938734375 0.103200915625 0.7372306578125001 0.1175327625 0.7456720109375 0.3068910171875 0.5601287 0.323539165625 0.5575342734375 0.34497690937500003 0.5598715328125 0.367171496875 0.5900270546875 0.5070528421875 0.7997806765625 0.5242823765625 0.794824409375
0 0.41563287187500003 1 0.266074453125 0.8072405734375 0.0713960078125 0.9989503828125 0.071402109375 1 0.1143756296875 1 0.250986159375 0.8734136609375 0.264044421875 0.8675175749999999 0.3734213515625 1 0.41563287187500003 1
0 0.36829497031249997 1 0.259905471875 0.8721372484375 0.1299661640625 1 0.1838467265625 1 0.256108203125 0.9355286984375001 0.27638779375 0.9433838484375 0.32022042812499996 1 0.36829497031249997 1
0 0.30742529375 1 0.2591074703125 0.9396037703125 0.196394115625 1 0.2430526515625 1 0.2487164265625 0.9948242781250001 0.2677732265625 0.9970783359375 0.2701722921875 1 0.30742529375 1
0 0.7420763109374999 1 0.643615928125 0.8482258078125 0.590321690625 0.894006521875 0.5753946078125 0.8855443656249999 0.45641262187500004 1 0.496877653125 1 0.6082203374999999 0.9017784656250001 0.6271986421875 0.8905308968750001 0.6427071109375 0.8966312140625 0.7083036328125 1 0.7420763109374999 1
0 0.6942777828125 1 0.62368263125 0.8999366515625 0.5099694765625 1 0.5577766937499999 1 0.5960989921875 0.9664671328125 0.6156771515624999 0.9560345765625 0.629976678125 0.9589164390624999 0.6566302203125 1 0.6942777828125 1
0 0.7178353859375 0.7166246890625 0.56740258125 0.8415922281249999 0.56334674375 0.8605077390625 0.5718093375 0.883036921875 0.593297871875 0.894110525 0.8076468203125 0.7078524265625 0.8308010140625001 0.698338890625 0.8534569359375 0.7054830296875 0.90882816875 0.8122328578125 0.980446240625 0.9497244140625 0.9896006390625001 0.9461267343750001 0.9902097390625 0.89378074375 0.8606732515625 0.616007346875 0.8522937703125001 0.6077740031250001 0.8173456640625 0.6359326390625 0.7178353859375 0.7166246890625
0 0.582882471875 0.7653852578125 0.59180888125 0.780439159375 0.6089719984374999 0.786935721875 0.6292917890624999 0.766269959375 0.8409749874999999 0.5938153796875 0.862528446875 0.5953056765625 0.8791775984375001 0.6084181625 0.925613 0.708812046875 0.990640378125 0.8567716703125001 0.991740040625 0.7622669171875 0.87744245 0.5000040796875 0.792732309375 0.5626455781249999 0.5827753171875 0.7469540546875 0.582882471875 0.7653852578125
0 0.5959931187499999 0.6449592984375 0.5943869234375 0.6537483468749999 0.5989229921875 0.6738085171875 0.617799459375 0.6899472296875 0.6788274046875 0.6397459109375 0.8619198156250001 0.490616453125 0.8823639046875 0.49133088281250004 0.900662109375 0.5030268 0.926944515625 0.5577534281250001 0.9920297937500001 0.7373656328125 0.9934084640625 0.6188829546875 0.9027733328125 0.3910616375 0.823588621875 0.45389622812499997 0.710339125 0.5487098234375 0.5959931187499999 0.6449592984375
0 0.8577173281249999 0.33789024843750004 0.7208156421874999 0.45030476249999996 0.6130572875 0.5394134640625 0.61535746875 0.5549729078125 0.6259672234375 0.574508228125 0.6365083984375 0.5822475796875 0.8597349937500001 0.3998770140625 0.8894480109374999 0.379539503125 0.913198784375 0.3788952921875 0.9320623921875001 0.3928222609375 0.9939929390625 0.5686533687499999 0.994232746875 0.5480443421875 0.9935956640624999 0.43846137812499997 0.9419392171875 0.2862881625 0.925315784375 0.277599165625 0.8577173281249999 0.33789024843750004