0 0.2547668578125 0.7276802484375 0.2541465375 0.736286540625 0.2532919609375 0.7513231640625 0.2669672828125 0.7543419296875 0.3993631703125 0.5616045671875 0.41239810937500004 0.5579641359374999 0.5242663359375 0.669376309375 0.5446876781250001 0.65555279375 0.4066149140625 0.5130485375 0.2547668578125 0.7276802484375
0 0.2469937609375 0.627301825 0.2453757328125 0.6363791125 0.25640121250000003 0.6444651234375 0.3806893453125 0.458034421875 0.398635309375 0.457616725 0.512331153125 0.5778851656249999 0.5182226 0.5760795328125 0.52535360625 0.5603406375 0.38460231875 0.4095560921875 0.2469937609375 0.627301825
0 0.529460003125 0.6342163859375 0.6619044734374999 0.4398093828125 0.6501738687499999 0.427290396875 0.5339485484375001 0.594623465625 0.52587325 0.599816990625 0.40338439375 0.46640499375 0.3950499234375 0.48050336875 0.3948232078125 0.48829509375 0.3960590609375 0.48882250312500003 0.529460003125 0.6342163859375
0 0.5063868296875 0.500657815625 0.5172415531250001 0.4859445953125 0.376587465625 0.331820725 0.245614346875 0.5473281328125 0.2571992375 0.5648561265625001 0.38121577812499996 0.3734261640625 0.5063868296875 0.500657815625
0 0.24469359375000002 0.5073049546874999 0.2536809328125 0.5137698515625 0.3830295078125 0.31109231875 0.3984227953125 0.31240256718750004 0.5307660546874999 0.4511469328125 0.5408832343750001 0.433113840625 0.3898800734375 0.2619894203125 0.2459493125 0.49281515468750003 0.24469359375000002 0.5073049546874999
0 0.3035368375 0.39136324375 0.39000962499999997 0.25753701875 0.48499331406249996 0.3615557375 0.492748471875 0.35303260000000003 0.388651634375 0.23254072812499998 0.30313933125000003 0.376355759375 0.2945008796875 0.3865679859375 0.3035368375 0.39136324375
0 0.5945040625 0.33898451875 0.5004272734375 0.2037988875 0.49694494687499996 0.21924677343750001 0.5932932171874999 0.36626531406249996 0.6988544 0.22142744374999998 0.689915678125 0.213292871875 0.5945040625 0.33898451875
0 0.500078840625 0.09260530624999999 0.5180086109375 0.0927441703125 0.5987066796875 0.2577184890625 0.608949771875 0.2496936296875 0.5112288 0.0534135125 0.3708620875 0.219083796875 0.37541684375 0.23455068125 0.500078840625 0.09260530624999999
0 0.486274275 0 0.35399234218750003 0.1538477515625 0.357376021875 0.166561015625 0.4785049203125 0.0313719984375 0.49025542499999997 0.028873787499999998 0.5046483890625 0.0502296234375 0.5171202453125 0.051607868749999994 0.4901340375 0 0.486274275 0
0 0.6023759890625 0 0.6732883937499999 0.1742248078125 0.7261804890625 0.1051403671875 0.715973559375 0.0975914640625 0.6899286546875001 0.1326805453125 0.676427759375 0.138000375 0.6696243078124999 0.12814756249999998 0.61314773125 0 0.6023759890625 0
0 0.9347904046875 0.5906385078125 0.9490800765625 0.5939601140625 0.980519821875 0.6462150421875 0.981317821875 0.6187895609375 0.9441339640624999 0.552051371875 0.818320690625 0.732210953125 0.8217954703125001 0.7540555890625 0.9347904046875 0.5906385078125
0 0.7274713296875001 0.45995746718749997 0.7636210953125 0.4723399234375 0.7212386656249999 0.41081361562499996 0.5835688984375 0.6033594578125 0.5895820546875 0.6290661109375 0.7195800171875 0.45232703750000003 0.7274713296875001 0.45995746718749997
0 0.6809244921875 0.40213459062499995 0.7087843781250001 0.40509266093749996 0.6610944171875001 0.340083384375 0.5395263328125 0.5288666125 0.54725611875 0.55010705 0.662264534375 0.377323378125 0.6809244921875 0.40213459062499995
0 0.0798258765625 0.6124228875 0.0642829609375 0.6355749281249999 0.0803493578125 0.6143420828124999 0.0981913171875 0.6250000453125 0.10035817968750001 0.6235332640625 0.0798258765625 0.6124228875
0 0.077698221875 0.6059057140624999 0.064315721875 0.6299476375 0.07808758593750001 0.60911561875 0.0953610859375 0.6194005406249999 0.0971527125 0.6175562140624999 0.077698221875 0.6059057140624999
0 0.075637196875 0.6004170640625001 0.064579134375 0.6253961015625 0.0764946578125 0.6041311031250001 0.0952586796875 0.6129649890625 0.0966563328125 0.6113873562500001 0.075637196875 0.6004170640625001
0 0.073504415625 0.5938364093749999 0.06071411249999999 0.6233483468750001 0.0745497015625 0.5982463828125 0.095181675 0.608460671875 0.097433478125 0.6050173187500001 0.073504415625 0.5938364093749999