0 0.523574790625 0.3589270953125 0.5508630875 0.3500221609375 0.5506166109375 0.33155228281250004 0.2837441390625 0.16844126406249998 0.0842820921875 0.372494409375 0.0852261796875 0.379821753125 0.09554513125 0.38822424375 0.12363636250000001 0.38849876562499996 0.16088453593750002 0.35258647656250003 0.28364876875 0.237786571875 0.2947578 0.2317434484375 0.31419119375000004 0.234779296875 0.5089439312499999 0.3560127484375 0.523574790625 0.3589270953125
0 0.521540021875 0.421753821875 0.5240464625000001 0.4112769328125 0.27303041875 0.2494393546875 0.0835589359375 0.43902315625000005 0.0849969890625 0.44763715781249996 0.09722120468749999 0.45434325 0.11923961406250001 0.45562721406250006 0.22848828124999998 0.35066218125000004 0.2687675484375 0.3180977125 0.2863168453125 0.3074198734375 0.3220972921875 0.3173388328125 0.49810697499999995 0.4277759125 0.521540021875 0.421753821875
0 0.482567228125 0.49273250625 0.4993922171875 0.481600140625 0.2645894078125 0.3251157953125 0.07621434375 0.5020532625 0.0819256625 0.5064396 0.08803247656249999 0.5136451546874999 0.10139308124999999 0.5176904718750001 0.2473333546875 0.38610358125 0.273306865625 0.3778196171875 0.2930971765625 0.384935209375 0.31093744375 0.39323723125 0.46829328593749997 0.49389791406250005 0.482567228125 0.49273250625
0 0.48044368593750003 0.5467176312500001 0.23335088124999998 0.3984272453125 0.06420305781249999 0.5654049765625 0.0678243515625 0.57218853125 0.068538071875 0.580348053125 0.0920391671875 0.5907559499999999 0.235182 0.45066609062499996 0.25162890781249997 0.4508640828125 0.2648110515625 0.4528694921875 0.44522185625 0.558838384375 0.46765237343750005 0.5570070234375 0.48044368593750003 0.5467176312500001
0 0.1633217890625 0.695221640625 0.167397034375 0.7009582171875001 0.19063048437500002 0.7083062890625 0.3177746140625 0.6044482421875 0.330009471875 0.6034493140625 0.484890621875 0.6914717375 0.49558760468749996 0.6885439343749999 0.5073317203125 0.6819353203125 0.3087684 0.5640946640625 0.1633217890625 0.695221640625
0 0.3058900859375 0.5155365984375 0.1573197828125 0.6582890546875 0.165767784375 0.6666792921875 0.185791659375 0.6686397015625001 0.2894922125 0.5785087734375 0.31130874999999997 0.5618327953125 0.3333378 0.5554117187500001 0.489890646875 0.646892909375 0.5054794328125001 0.6451065500000001 0.517000515625 0.6359481078125 0.3058900859375 0.5155365984375
0 0.4865225296875 0.7492591640625 0.2919928296875 0.6305755609375 0.1374499078125 0.7577286640625001 0.1394784140625 0.7652672609375 0.1393340078125 0.771442384375 0.1642497375 0.774544190625 0.2839511265625 0.6795115828125 0.3035735328125 0.676882275 0.316075978125 0.6789431578125 0.46424927499999996 0.7685404671875 0.48432833906250006 0.7633058171875 0.4865225296875 0.7492591640625
0 0.3096902734375 0.24593262968750002 0.29858118437500003 0.251975734375 0.3001976921875 0.26262959375 0.304131515625 0.26847174375 0.5454638093749999 0.42134138125 0.7799853062500001 0.2224296640625 0.7795944234375 0.21013489999999999 0.7671918328125 0.2013889109375 0.7478475437500001 0.1993730171875 0.5427193140625 0.37431318281250003 0.32007494375 0.23943501718750002 0.3096902734375 0.24593262968750002
0 0.522982471875 0.49302799999999997 0.750785478125 0.3033962421875 0.750071759375 0.29523672031250003 0.736632503125 0.2824664953125 0.7148095125 0.2828987671875 0.7078063828125 0.28944252656249997 0.5415087625 0.4309093078125 0.5242376953125001 0.4369419328125 0.5070664765624999 0.43628939375 0.31421900625 0.3133595671875 0.29845179375 0.3131060578125 0.2816374390625 0.31653331875 0.271698840625 0.3281305953125 0.522982471875 0.49302799999999997
0 1 0.3920750671875 0.8109860453125 0.2605497234375 0.8002445125 0.26296755312500003 0.57112211875 0.45679497187500007 0.57478231875 0.463707653125 0.5853348359375 0.4669549578125 0.6046790703125 0.46897087812500005 0.7820304796875 0.32865608125 0.7978083328125 0.3212045296875 0.8253090265624999 0.32255450625000004 1 0.4413813453125 1 0.3920750671875
0 0.5077840671875 0.5195116984375 0.31963935625 0.403388440625 0.291760578125 0.413368803125 0.2921960703125 0.426173534375 0.2987595453125 0.43077376718749993 0.5161446109375001 0.5681357640625 0.5294160796875 0.57116111875 0.7486398234375 0.39301565156249996 0.7379640109375 0.3805333796875 0.7212940624999999 0.377785540625 0.546895175 0.5127232 0.5251783703124999 0.5227139968750001 0.5077840671875 0.5195116984375
0 1 0.5143693390624999 0.7867800921875 0.36730275625000003 0.5641578140625 0.5457257 0.559128878125 0.5520376046875 0.5733296640625001 0.5644941171875 0.60799498125 0.561663834375 0.768799734375 0.42783608125 0.78960315625 0.4230558859375 0.9726223562499999 0.5431928765625 1 0.5399534109374999 1 0.5143693390624999
0 0.354224865625 0.649879378125 0.5365642546875 0.7571946296875 0.7085139515625001 0.6209531125 0.694970209375 0.6100906234375 0.5429986718750001 0.72517378125 0.36575739375 0.6281507828125 0.3442474078125 0.6317967203125 0.3482377421875 0.6454285421875 0.354224865625 0.649879378125
0 0.9286686453125 0.7478576734375 0.9280251312500001 0.73090264375 0.734642796875 0.6125206984375 0.5618062921875 0.755481378125 0.566001546875 0.7673894484375 0.5893976328125 0.7661090953125 0.6014642640625001 0.7600846421874999 0.707328790625 0.674592234375 0.7218963578125 0.6683635671875 0.7345777578125 0.6597692671875001 0.7513596765624999 0.6596589046875 0.9096046875000001 0.7506740078125 0.9286686453125 0.7478576734375
0 0.7096027515625 0.5566134453125 0.5340657234374999 0.6974010921875 0.533745403125 0.7057722078124999 0.5410161328124999 0.7121075515624999 0.5570190921875 0.712690709375 0.7034835312500001 0.6018366296875 0.71738155625 0.5975523625 0.8687258703125 0.6960598484375 0.89695958125 0.6924948640624999 0.9058689140625 0.6791693046875 0.7096027515625 0.5566134453125
0 0.3327933828125 0.566891296875 0.33191975625 0.5729181859375 0.528619071875 0.691734428125 0.702992846875 0.5499784437499999 0.6946925625 0.5404966453125 0.6838466484375 0.5392802078125001 0.5369844453125 0.6539167499999999 0.5182265671875 0.65299596875 0.49461952187499997 0.6500188109375 0.467409190625 0.6378770171875 0.3398766234375 0.56245938125 0.3327933828125 0.566891296875
0 0.5161543078124999 0.5919379953125 0.503362671875 0.589829440625 0.3393546234375 0.49777157968749997 0.33314497187500003 0.496176603125 0.31505646718749997 0.5029083625 0.309911728125 0.5134878953124999 0.3143886046875 0.51662565 0.5221844265625 0.6341855953125 0.6071140703125 0.56419253125 0.6000075828125 0.5630211125 0.5801327078125 0.565344465625 0.5654257 0.56269164375 0.5614052578125001 0.56477153125 0.5407712015625 0.5797686421875 0.5161543078124999 0.5919379953125
0 0.886212715625 0.605401490625 0.6930630109375 0.4897987125 0.520255409375 0.638783690625 0.5147816453125 0.6410208671875 0.5236384546874999 0.6507689328125 0.5376992171875 0.6513725640625 0.686788271875 0.53550323125 0.6998305734375 0.5351390234375 0.7113226187499999 0.5384046687499999 0.862934609375 0.6328759296875 0.8786064859374999 0.6305454140625 0.891808096875 0.6266649359375001 0.8909938109375 0.6120176796875 0.886212715625 0.605401490625