0 0.2252593703125 0.672411859375 0.22291639375 0.680759321875 0.21904479375000002 0.6953953562499999 0.231676153125 0.7014523703125 0.398900096875 0.5412015609374999 0.412259453125 0.5405473140625 0.49803229375 0.6756130328125 0.520605771875 0.6665802515625 0.4157521796875 0.494950859375 0.2252593703125 0.672411859375
0 0.2380532734375 0.57167205 0.2346488171875 0.5802592796875 0.24368837187499998 0.5907165937500001 0.40178442968750006 0.43485908437500004 0.41924695468750006 0.4384890546875 0.5049966718750001 0.5827000890625 0.5110671875 0.5822463499999999 0.5211587343749999 0.568331378125 0.4153876859375 0.3879330296875 0.2380532734375 0.57167205
0 0.5101794828124999 0.6421094953125001 0.6777884750000001 0.4802230953125 0.6689635421875 0.46523535312500003 0.5225413 0.6040755046874999 0.51367019375 0.6073783859375 0.422066596875 0.448225303125 0.411141790625 0.4602514109375 0.40934486562499994 0.4678842296875 0.41043483125 0.46868268437499994 0.5101794828124999 0.6421094953125001
0 0.514874678125 0.5052028078124999 0.5283644421875 0.493137990625 0.42336354218750005 0.30946843125 0.2529076859375 0.492494575 0.2605774765625 0.51238918125 0.4194226078125 0.35154043437500004 0.514874678125 0.5052028078124999
0 0.260118515625 0.4528179703125 0.2675126234375 0.461217565625 0.43379802500000003 0.29047783437499997 0.44843885468750005 0.29523690625 0.5485054515625001 0.461868015625 0.561953103125 0.44636316249999997 0.45037233906249996 0.24359747812500002 0.2642678609375 0.4388115390625 0.260118515625 0.4528179703125
0 0.340571003125 0.35173397500000003 0.45139915 0.239235878125 0.5223186156249999 0.36320764375 0.531553775 0.3565491328125 0.45514448124999995 0.21427970156249998 0.34322425 0.33684467812499996 0.332791809375 0.3449699609375 0.340571003125 0.35173397500000003
0 0.6329326859375 0.3656134359375 0.569200959375 0.2111103890625 0.562701525 0.2255601546875 0.626237340625 0.3922439328125 0.7577789609375001 0.27318579062500004 0.750769946875 0.26315058125 0.6329326859375 0.3656134359375
0 0.59137399375 0.10137733281250001 0.6087081640625 0.10555251562500001 0.6534540828125001 0.286418725 0.66499755625 0.280811940625 0.61010518125 0.0652392390625 0.44064225468749996 0.197002365625 0.44192167812500005 0.2132810234375 0.59137399375 0.10137733281250001
0 0.5828791953125 0.03613254375 0.5947635375 0.036315421875 0.604377603125 0.060617340625 0.6161757 0.064785490625 0.5996429609375 0.0047324125 0.4375130734375 0.12886973906250002 0.4382159375 0.14216913281250002 0.5828791953125 0.03613254375
0 0.807781746875 0.1646627453125 0.7994261 0.15491946406249998 0.7671019703125 0.183656909375 0.7529514203125001 0.185862365625 0.7483579406249999 0.17461361250000001 0.71649599375 0.02044466875 0.7071976171875 0.0219430875 0.7425780093750001 0.22087835781249998 0.807781746875 0.1646627453125
0 0.9445339390624999 0.75553223125 0.950858796875 0.7286660703125001 0.92836255625 0.6544768359375001 0.770059178125 0.8038065234375 0.76900166875 0.826131421875 0.9115030031250001 0.690425490625 0.9246679609375 0.6969195203125 0.9445339390624999 0.75553223125
0 0.73720125 0.514859640625 0.7697001046875 0.5352125625 0.741114715625 0.46499222187499994 0.568822590625 0.62386635 0.5694412765625 0.65057151875 0.7311044359375 0.5055574968750001 0.73720125 0.514859640625
0 0.7038335250000001 0.44735354374999997 0.7302127859375 0.456545428125 0.6971929578125 0.381694934375 0.541254603125 0.540485034375 0.54443974375 0.5631724328125001 0.6907870390624999 0.41868303906250004 0.7038335250000001 0.44735354374999997
0 0.0791884984375 0.5193485859375 0.059450540625000006 0.5386795249999999 0.07930688125 0.5213591203125 0.0944264953125 0.5358880312500001 0.096821715625 0.534929584375 0.0791884984375 0.5193485859375
0 0.0784475453125 0.5124424125 0.0606214734375 0.5331374984374999 0.0781747609375 0.515695584375 0.0928194265625 0.5297285875 0.09492772031249999 0.5283133078125 0.0784475453125 0.5124424125
0 0.077562896875 0.506565534375 0.061797979687500004 0.5287082875 0.07764133437500001 0.510421290625 0.0940230984375 0.5233590453125 0.09569589687499999 0.522118034375 0.077562896875 0.506565534375
0 0.07682982968749999 0.49959560468750003 0.058469842187499996 0.5258183734374999 0.0769492609375 0.504179965625 0.0948604015625 0.518899728125 0.09773802031249999 0.516011196875 0.07682982968749999 0.49959560468750003