0 0.056188303125000005 0.231216390625 0.154592778125 0.1335971734375 0.165638196875 0.131335725 0.17869184062500001 0.1317126359375 0.188733146875 0.135104809375 0.3102325734375 0.218401503125 0.3202738328125 0.219909146875 0.3283068703125 0.214255525 0.32880894843749997 0.20709425937499998 0.193251721875 0.11512868125 0.1796959984375 0.10909814843750001 0.16413200625 0.10909814843750001 0.1480659796875 0.11475177031249999 0.0371657578125 0.22167625625 0.041126389062500004 0.22857802187499998 0.0501635375 0.231216390625 0.056188303125000005 0.231216390625
0 0.054682112500000005 0.29566768125 0.1696546921875 0.2003099125 0.1801980328125 0.1988022859375 0.188733146875 0.2006868328125 0.30521191875000003 0.2881295296875 0.3142490671875 0.292652428125 0.3227841828125 0.2896371390625 0.330315140625 0.28209898906249997 0.1937537546875 0.17807234375 0.1781898078125 0.17618779843750002 0.16614027656250002 0.1769416203125 0.1566010484375 0.18033379375 0.0424392796875 0.2826984375 0.041126389062500004 0.2892602546875 0.0456449640625 0.2934062328125 0.054682112500000005 0.29566768125
0 0.072756409375 0.3540426015625 0.16413200625 0.2763995390625 0.17367123281250002 0.2688613703125 0.1842145734375 0.26622301875 0.195762025 0.2669768234375 0.2022888703125 0.269238271875 0.31575525937500004 0.353288796875 0.3202738328125 0.35253497500000003 0.330315140625 0.347635175 0.330315140625 0.341981553125 0.201786790625 0.2458699796875 0.183210415625 0.2458699796875 0.170156771875 0.2462468828125 0.0637192609375 0.33482028750000004 0.056753125 0.3448506578125 0.0602047984375 0.35065042812499997 0.06422129374999999 0.353288796875 0.072756409375 0.3540426015625
0 0.07878117500000001 0.415055890625 0.17116088437500002 0.33402065468750003 0.1796959984375 0.3283670328125 0.19224756406250001 0.3264824859375 0.2042970953125 0.3283670328125 0.32178002499999997 0.40977918906250005 0.32730275781249996 0.40940226874999996 0.3358378265625 0.404879371875 0.337846096875 0.40035647343749997 0.2042970953125 0.30575254375 0.1746753453125 0.307260171875 0.06522545156250001 0.398848846875 0.062026646875 0.40587283906250005 0.065727484375 0.41166371718750006 0.070246059375 0.415055890625 0.07878117500000001 0.415055890625
0 0.082295590625 0.4704613859375 0.170156771875 0.398095025 0.169152659375 0.393949046875 0.17869184062500001 0.38791850625 0.18823106875 0.3860339765625 0.1977702953125 0.38301870625 0.2042970953125 0.38452633281250004 0.3313192515625 0.472722834375 0.343368784375 0.46216942968749997 0.30270161562500003 0.43314748124999997 0.20881566875000002 0.3645502125 0.18170422343749998 0.3645502125 0.06730016718750001 0.4584197171875 0.06773575468750001 0.46518468437499993 0.0742626 0.4704613859375 0.082295590625 0.4704613859375
0 0.068237834375 0.527494225 0.1721650421875 0.44344371875000005 0.181202190625 0.44042844687500005 0.1912434515625 0.44231299375 0.3167594171875 0.5290018703125 0.32629859843750003 0.52862495 0.330315140625 0.5214637015625 0.32981306093749996 0.51618698125 0.1992764875 0.4223368578125 0.1686505796875 0.4212061328125 0.0537396828125 0.5126616562499999 0.052171762499999996 0.5210867984374999 0.058698607812500005 0.5271173234375001 0.068237834375 0.527494225
0 0.17417326718749998 0.5005223859375 0.1842145734375 0.497884034375 0.1937537546875 0.5008992890624999 0.3127428765625 0.5872112625 0.3197718 0.5841959906249999 0.32629859843750003 0.579296190625 0.326800678125 0.571758021875 0.1972682171875 0.480169346875 0.165638196875 0.47979244374999996 0.057192415625000007 0.5634660499999999 0.0476531875 0.5751501953125 0.052171762499999996 0.5819345421875 0.060706878124999995 0.5864574390625 0.17417326718749998 0.5005223859375
0 0.07175224999999999 0.6412288312500001 0.17869184062500001 0.559062853125 0.18471660625 0.557932128125 0.19475791250000002 0.558309046875 0.3197718 0.6423595546875001 0.32378829531250003 0.641982653125 0.3313192515625 0.6367059328125 0.330315140625 0.630675409375 0.202790903125 0.5383329109375 0.1721650421875 0.5383329109375 0.061710990624999996 0.6242679640625 0.055246403124999996 0.6307508765625001 0.058698607812500005 0.6367059328125 0.06422129374999999 0.640851928125 0.07175224999999999 0.6412288312500001
0 0.0797852875 0.6924883312500001 0.18371249375 0.6122068984375 0.193251721875 0.6103223703125 0.2012847125 0.61258381875 0.3227841828125 0.693995975 0.330315140625 0.691734525 0.3358378265625 0.69022688125 0.3358378265625 0.6841963578125 0.3102325734375 0.669496940625 0.1982723296875 0.5914769578125 0.17718565 0.591853859375 0.065793446875 0.677647553125 0.06522545156250001 0.686834709375 0.07175224999999999 0.692111428125 0.0797852875 0.6924883312500001
0 0.085810053125 0.7410636515625 0.188733146875 0.66191294375 0.1987744078125 0.6604053171875 0.2058032859375 0.66304366875 0.31575525937500004 0.7384253000000001 0.327804790625 0.7433251000000001 0.3393522890625 0.739179121875 0.338850209375 0.732394775 0.21082393906250002 0.6426906296875 0.18170422343749998 0.6423137265625 0.072756409375 0.726364234375 0.07182032968749999 0.7318894921875 0.0742626 0.7372945750000001 0.07878117500000001 0.7399329265625 0.085810053125 0.7410636515625
0 0.1023781578125 0.771593209375 0.1917455296875 0.703749746875 0.20530125312499997 0.7003575734374999 0.2178528171875 0.702619021875 0.32178002499999997 0.7757392046875 0.326800678125 0.7749853828125 0.335335746875 0.7712163078125001 0.335335746875 0.7655626859375 0.3207759125 0.764055059375 0.2042970953125 0.682642903125 0.18722695625000002 0.6833967078125001 0.08387409375 0.7624005828125 0.082295590625 0.768954859375 0.09083070625 0.773854659375 0.1023781578125 0.771593209375
0 0.0421305015625 0.8405215703125 0.147061821875 0.7681552093749999 0.15509485781250001 0.765893759375 0.16513611718750001 0.7651399546875 0.1761815375 0.7681552093749999 0.28563143125 0.848436640625 0.299187153125 0.8454213875000001 0.3021995359375 0.8390139421875 0.17417326718749998 0.7462945421875 0.154592778125 0.7462945421875 0.1410370546875 0.7493098140625001 0.0288787953125 0.8296379859374999 0.03058305 0.83675249375 0.034097465625000004 0.8382601203125001 0.0421305015625 0.8405215703125
0 0.3394655171875 0.2031863140625 0.4569484484375 0.107074740625 0.4700020921875 0.10368256718749999 0.4845619265625 0.10368256718749999 0.49610942500000005 0.1104669140625 0.610579971875 0.19904033593749998 0.6171067703124999 0.20017106093749998 0.6291563015625 0.19300979375 0.6301604609375 0.187356171875 0.492092884375 0.0814449984375 0.4579525609375 0.082198803125 0.3219359359375 0.1906001453125 0.32088914218750003 0.1964019671875 0.33243659375 0.20394015312499997 0.3394655171875 0.2031863140625
0 0.342979934375 0.27362231718749996 0.4654835171875 0.177887646875 0.47452066562499995 0.1756261984375 0.48305573593749995 0.1760031 0.6120861625 0.269853225 0.618110928125 0.2683455984375 0.624637728125 0.2634457984375 0.6271480765625 0.2570383546875 0.4925949625 0.1533886125 0.45945875156250005 0.15376553125 0.32796281718750003 0.26179268906250003 0.3284200984375 0.2675917765625 0.3329386734375 0.269853225 0.342979934375 0.27362231718749996
0 0.463470484375 0.24395738906250003 0.46849113750000004 0.23905758124999998 0.4785323984375 0.2386806703125 0.486565434375 0.24094211875 0.6130855140625 0.33253079375 0.622624740625 0.328384815625 0.6271433156249999 0.32386191875 0.6251350453125 0.318208296875 0.4940963921875 0.217950728125 0.4589519109375 0.216820003125 0.3319297984375 0.3189621015625 0.3339897 0.32677001250000004 0.3389586765625 0.3321538921875 0.34598755468750003 0.334415340625 0.463470484375 0.24395738906250003
0 0.465980834375 0.3016243328125 0.474013825 0.29973978749999997 0.48405513125 0.3027550578125 0.6080648609375 0.3966051828125 0.616599975 0.39396683125 0.6251350453125 0.3860517609375 0.6256371234375 0.380775040625 0.492088121875 0.2801405703125 0.458449878125 0.2790098453125 0.3324318328125 0.38039813906250003 0.3324829796875 0.38779219375 0.33695040625 0.3947206359375 0.3469917125 0.3958513609375 0.465980834375 0.3016243328125
0 0.346489634375 0.45326111874999997 0.46196429375000003 0.363933884375 0.478030365625 0.3624262484375 0.49007989687500003 0.3650646078125 0.60455044375 0.452507296875 0.6216205828125 0.44873822187499995 0.6251350453125 0.44157695625000004 0.49309227968749997 0.3405655828125 0.4699973296875 0.340188671875 0.45744571875 0.34207320937499996 0.33097625937499997 0.440339071875 0.32841533749999996 0.44647677343750003 0.33594629375 0.4506227515625 0.346489634375 0.45326111874999997
0 0.3515102875 0.5109280640625 0.462466371875 0.4291389875 0.46899321718750003 0.42386228593749997 0.480038590625 0.42197773906249997 0.486565434375 0.4253699125 0.5827978453125 0.4964482546875 0.5989874921875 0.5086021078125 0.606745021875 0.514425834375 0.6110772421874999 0.5135664140625 0.6150937843750001 0.512435690625 0.6236288531249999 0.5071589703125 0.6251350453125 0.50188226875 0.494598471875 0.40237852187499995 0.46096018125000005 0.4016247 0.3364483734375 0.4973593703125 0.33549642031250004 0.5041863531249999 0.3384565984375 0.5097973390625 0.346489634375 0.512435690625 0.3515102875 0.5109280640625
0 0.354020590625 0.5666646328125 0.4664828671875 0.484121753125 0.474515903125 0.4814834015625 0.48305097343750003 0.48186030312500006 0.48857370624999996 0.484121753125 0.6080648609375 0.57005680625 0.616097896875 0.56892608125 0.6221226625 0.5644031843749999 0.6221226625 0.558372659375 0.49710877499999995 0.46263798906250003 0.4629684515625 0.460376540625 0.341523303125 0.5516480500000001 0.33946075625 0.5587495625 0.34548552187500003 0.5659108109375001 0.354020590625 0.5666646328125
0 0.3515102875 0.6254164734375001 0.463470484375 0.54438121875 0.474013825 0.54061214375 0.482548940625 0.5402352406250001 0.48857370624999996 0.5436274140624999 0.6060566359374999 0.6276779218749999 0.6120814015625 0.62843174375 0.6206164703125 0.623155025 0.622624740625 0.6171245 0.495602584375 0.52063600625 0.46096018125000005 0.5202591046875 0.3422766625 0.609280109375 0.3384565984375 0.617501403125 0.3424731390625 0.620893575 0.3515102875 0.6254164734375001
0 0.46849113750000004 0.596725625 0.480038590625 0.5955949 0.48807162656249997 0.5974794375 0.60555455625 0.6822837671875 0.6135875921875 0.684545215625 0.6236288531249999 0.6773839671874999 0.622624740625 0.6717303453125 0.4940963921875 0.576749496875 0.46196429375000003 0.577503309375 0.3469917125 0.66268455 0.3430300234375 0.6697372703125 0.3469917125 0.6751225187500001 0.3560288609375 0.6792685140625 0.46849113750000004 0.596725625
0 0.357535053125 0.7333319109375 0.45945398906249996 0.6636039 0.46949525000000003 0.6553119281249999 0.4795365578125 0.6538043 0.487569546875 0.65606575 0.599529790625 0.7355933593749999 0.62111855 0.7337088125 0.622624740625 0.7314473640625 0.49359431249999997 0.633451253125 0.4639725640625 0.633451253125 0.355024703125 0.7141095953125001 0.34453674375 0.7222841484375 0.3439793296875 0.729185915625 0.3489999375 0.7325780890625 0.357535053125 0.7333319109375
0 0.365066009375 0.7778070640625 0.466984946875 0.705817621875 0.475520015625 0.701294725 0.48505924375 0.700164 0.491084009375 0.7031792546875 0.540286246875 0.7397393546875 0.5724183453125 0.7371009859375001 0.4940963921875 0.6824493125 0.4688411859375 0.6804726546875 0.34950201718749996 0.76763054375 0.3535185125 0.7747918109375 0.365066009375 0.7778070640625
0 0.6633919109375 0.23877848125 0.780874840625 0.1475667265625 0.7979449796875 0.13852093125 0.8150151640625 0.135505659375 0.829575 0.14040545937499999 0.9440455468750001 0.2335017796875 0.9545888859374999 0.23010960625000002 0.9641281140625001 0.222948340625 0.8290729656250001 0.11364499374999999 0.79141818125 0.1151526203125 0.7713356140625 0.12909821562499998 0.6443741265625 0.22563139687499997 0.649334109375 0.23124033125 0.6538526828125 0.23500940625000002 0.6633919109375 0.23877848125
0 0.6659022140624999 0.2996262421875 0.7909161015625 0.20464539375 0.8004553296875001 0.20313775 0.8175254671875001 0.20313775 0.825056425 0.2061530203125 0.93802078125 0.2954802640625 0.9525806609374999 0.2924649765625 0.9611157312499999 0.28568062968749997 0.8285708875 0.1805232625 0.798447059375 0.17976945625000001 0.7823810328125 0.1873076078125 0.6496476484375 0.2849585171875 0.6508403 0.2909573671875 0.655860953125 0.29585715 0.6659022140624999 0.2996262421875
0 0.6633919109375 0.363654784375 0.77936865 0.274704478125 0.7944305640625 0.2705584828125 0.806982128125 0.2705584828125 0.8145130859374999 0.2724430296875 0.9229588671875 0.3580011625 0.93350220625 0.36177025625 0.9440455468750001 0.3576242609375 0.949568278125 0.3512168171875 0.8200358171875 0.2486978171875 0.806982128125 0.2475670921875 0.7884057984374999 0.2475670921875 0.780874840625 0.2505823453125 0.6451274875 0.3510658796875 0.6463217265625001 0.3580011625 0.6518444125 0.3610164515625 0.6633919109375 0.363654784375
0 0.6648981015625 0.42332599374999996 0.7843892578125 0.33437566875 0.7919202140625 0.3313603984375 0.8049739031250001 0.33098349531250004 0.81652135625 0.33324494374999997 0.9229588671875 0.4161647265625 0.9340042859375 0.42031072187499996 0.9485641203125 0.41729545156250003 0.9545888859374999 0.41088802500000005 0.8175254671875001 0.3083690078125 0.78689960625 0.3072382828125 0.6473875671875 0.4092629609375 0.6488320296875 0.41578782500000006 0.6538526828125 0.42106454375 0.6648981015625 0.42332599374999996
0 0.6719269796875 0.477977684375 0.792924371875 0.391665709375 0.8004553296875001 0.3871428125 0.8125048609375 0.38563516875000003 0.8270646953125 0.387519715625 0.9470579296875 0.475339315625 0.9555930453125001 0.473831671875 0.9651322265625 0.4651627953125 0.8310811906250001 0.36302068125 0.7964387875 0.362643778125 0.6618857203124999 0.460262978125 0.656865065625 0.467801146875 0.6583712578124999 0.47232404375000003 0.6633919109375 0.476846959375 0.6719269796875 0.477977684375
0 0.6593753703125 0.5417948531250001 0.785393415625 0.45359835000000004 0.7934264046874999 0.451713803125 0.804471825 0.451713803125 0.9279795203125 0.5433024796875 0.9345063640625 0.542548675 0.9435435125 0.5361412296875 0.944547625 0.5304876078125 0.8160192765625001 0.4321145859375 0.7959367546875 0.43060695156250006 0.7813768734375001 0.4328684 0.6488942890625 0.5250921 0.6453176140625 0.53011070625 0.6513423796875 0.5372719546875 0.6593753703125 0.5417948531250001
0 0.6669063265624999 0.5903701734375 0.77936865 0.5138578171875 0.7919202140625 0.5108425546875 0.8104965906249999 0.513104003125 0.9149258765624999 0.596400696875 0.9244650578125 0.5967776171875 0.9324980937499999 0.59451616875 0.93601255625 0.586978 0.8125048609375 0.4919971515625 0.8034677125 0.49048951562500004 0.792924371875 0.4897357015625 0.78790371875 0.4897357015625 0.6709228671874999 0.5692633125000001 0.6617014125 0.570293715625 0.6418031515625 0.5847165515625 0.64431345625 0.5918778 0.655358875 0.5948930703124999 0.6669063265624999 0.5903701734375
0 0.7713356140625 0.567755684375 0.7798706828124999 0.5647404140625001 0.7934264046874999 0.563609690625 0.804471825 0.5666249609375 0.9124155265624999 0.6472832953125 0.9244650578125 0.64464494375 0.929987790625 0.63861441875 0.8059780156249999 0.5428797484375 0.7758541875 0.5436335703124999 0.7592860828125 0.5549408140625001 0.6406073250000001 0.635836059375 0.6473258390625001 0.6423834953124999 0.660379528125 0.645021846875 0.7713356140625 0.567755684375
0 0.6548567953125 0.7028085078124999 0.770833534375 0.6244116140625 0.7823810328125 0.6198887156249999 0.7909161015625 0.621019440625 0.914423796875 0.7077083078124999 0.9249671375 0.7020546859375 0.925469215625 0.694516534375 0.7974429468750001 0.6010433125 0.773343884375 0.5995356765625 0.7607922734375 0.6059431125 0.642114046875 0.6906430171875 0.6413010734375 0.6979087078124999 0.6458196468749999 0.70017015625 0.6548567953125 0.7028085078124999
0 0.7738459171875001 0.6760480249999999 0.78689960625 0.6734096734375 0.798447059375 0.6764249437500001 0.8571885234375 0.7209000984375 0.8883164640625001 0.7190155515625001 0.7989491375 0.6534335375 0.7703315015625 0.654187359375 0.6583712578124999 0.728438265625 0.65341445 0.7301944312499999 0.686486815625 0.7303227953125 0.7617963859375 0.6798171171875 0.7738459171875001 0.6760480249999999
0 0.2979746171875 0.25399161875 0.3286004796875 0.2528608953125 0.461647403125 0.13865773125 0.4556226375 0.13338102031250001 0.446083409375 0.1284812125 0.325588096875 0.22459278437500002 0.31504475625 0.23213095312499998 0.305003496875 0.2317540515625 0.17352396406249998 0.1369232265625 0.1614132328125 0.1420499046875 0.16040912031250001 0.1503418859375 0.2979746171875 0.25399161875
0 0.1674379984375 0.213285540625 0.16844215625 0.21856226093750003 0.28692919843750003 0.308266390625 0.305003496875 0.3180660078125 0.332114940625 0.31844290937499997 0.45913709843749995 0.21667771406249997 0.458132940625 0.20800883906249998 0.4480916796875 0.2023552171875 0.4420669140625 0.20386284375 0.3296046375 0.294697696875 0.31956333125 0.2995975140625 0.3070117671875 0.296959146875 0.185577728125 0.20642071093749997 0.1779813390625 0.2065011953125 0.17195657343749998 0.21064719062499998 0.1674379984375 0.213285540625
0 0.46064329062500003 0.27747963750000004 0.4586350203125 0.2706952921875 0.45160614218750006 0.2665493046875 0.4420669140625 0.26730311875 0.3316128625 0.35549962968750004 0.3195633765625 0.3585148921875 0.30600760781249997 0.3585148828125 0.2216609359375 0.29180214375 0.202080446875 0.27597200312500003 0.1880226453125 0.26805693124999996 0.1804916875 0.2684338421875 0.1674970828125 0.2747888375 0.3045014171875 0.3781141171875 0.33512732500000003 0.3766064734375 0.46064329062500003 0.27747963750000004
0 0.325588096875 0.437454234375 0.33713559531250004 0.43556968749999997 0.46666805624999996 0.336065940625 0.461647403125 0.329658496875 0.450601984375 0.324758696875 0.44407518437500004 0.327773959375 0.3381397078125 0.4106937515625 0.32207368125 0.41597047031249995 0.3045014171875 0.41220137812499996 0.188524678125 0.3292815953125 0.180993721875 0.33267376875 0.17647514687500002 0.3379504875 0.17948752968749998 0.343604109375 0.3070117671875 0.43707731406250006 0.325588096875 0.437454234375
0 0.1709524609375 0.39858685625 0.302995225 0.49507535 0.3336211328125 0.496206075 0.4490957921875 0.4095171984375 0.4586350203125 0.39745613281250003 0.4586350203125 0.3899179734375 0.44558137656249996 0.3869027109375 0.33060875 0.4735915859375 0.32006541093749996 0.475476115625 0.3095220703125 0.47434539062500003 0.18708445 0.3872271734375 0.17647514687500002 0.388033434375 0.16844215625 0.392933234375 0.1709524609375 0.39858685625
0 0.31002415 0.5512346499999999 0.3296046375 0.5516115687500001 0.3406500109375 0.5504808453125001 0.46516186406250004 0.45813834687500005 0.4646597859375 0.45210782343749994 0.456124715625 0.44909255156250005 0.44507929687500003 0.44871565 0.34265828125 0.5252279890625 0.3230777921875 0.53125853125 0.3065096875 0.5274894375 0.20509278437499998 0.454369271875 0.1940474109375 0.44871565 0.1850102625 0.44909255156250005 0.1787974859375 0.45502959687500005 0.1835040703125 0.460399796875 0.3019911125 0.547465575 0.31002415 0.5512346499999999
0 0.30801587812500003 0.6096095874999999 0.3381397078125 0.608855765625 0.46817424687500003 0.5131211125 0.46365567343749997 0.5078443921875 0.4551205578125 0.5040753171875 0.4490957921875 0.5025676734375 0.3316128625 0.588125825 0.328098446875 0.5892565484375 0.32207368125 0.5896334515625 0.3155468359375 0.5896334515625 0.3070117671875 0.5843567484375 0.196124771875 0.5047513734375 0.1870184875 0.50558294375 0.179989609375 0.50935201875 0.17948752968749998 0.5153825609375 0.30801587812500003 0.6096095874999999
0 0.1759731140625 0.5750537515625 0.29847665156250003 0.6617426281250001 0.3095220703125 0.6681500546875 0.336633515625 0.6685269734375 0.46516186406250004 0.5739230265625 0.46516186406250004 0.56713868125 0.453614365625 0.561485059375 0.44658548906249995 0.561485059375 0.3456706640625 0.636866690625 0.3240819046875 0.6496815609375 0.3155468359375 0.649304659375 0.190097890625 0.562948453125 0.1814958 0.56600795625 0.17647514687500002 0.5701539437500001 0.1759731140625 0.5750537515625
0 0.31755510625 0.7163484718750001 0.34818096718749997 0.7144639265625 0.46817424687500003 0.625513609375 0.46114532343750003 0.6187292640625001 0.45160614218750006 0.616090903125 0.446083409375 0.619106175 0.34366239374999996 0.6941108875 0.3316128625 0.6967492546875 0.3165509484375 0.69448780625 0.2051650953125 0.6171903921874999 0.198565984375 0.6183523531249999 0.19254121875000002 0.623629071875 0.2015783671875 0.6326748671875 0.31755510625 0.7163484718750001
0 0.323579871875 0.764969621875 0.34818096718749997 0.76459271875 0.46415770624999997 0.6790345671875 0.4646597859375 0.671873309375 0.4576309078125 0.6681042265625 0.450601984375 0.66923495 0.33964589843750004 0.7472549328125 0.3296046375 0.7472549328125 0.3215716015625 0.7434858578125 0.211191978125 0.668042209375 0.203084559375 0.6665966 0.1960556359375 0.669988771875 0.1940474109375 0.6752654828125 0.323579871875 0.764969621875
0 0.3045014171875 0.8132138671875 0.3205674890625 0.82188274375 0.3441644734375 0.8211289390625 0.36123465781249997 0.8124600453124999 0.40340801718749997 0.769115615625 0.4164616609375 0.758562178125 0.4345359578125 0.7498933015625 0.45963913281249996 0.7442396796875 0.46817424687500003 0.7329324359375 0.46064329062500003 0.72916334375 0.45160614218750006 0.7261480890625001 0.34617274375 0.8011528015625 0.3296046375 0.804168071875 0.3180571390625 0.8003989796875001 0.212623740625 0.7272788140625 0.20509278437499998 0.7257711703124999 0.196124771875 0.7301944312499999 0.192039140625 0.7333093374999999 0.1960556359375 0.7367015109375 0.3045014171875 0.8132138671875
0 0.6337277578125 0.72851435 0.65868681875 0.7287675515625 0.7905649703125001 0.6414117312500001 0.7909022953125 0.634828390625 0.7858430296875001 0.629257878125 0.7794345859375 0.62596620625 0.7740380578125 0.6287514625 0.6654324953125 0.7026874125 0.6478937 0.7115495890625 0.636763315625 0.707751509375 0.5251222249999999 0.6267258234375 0.517701959375 0.62419376875 0.50589701875 0.6295110796875 0.504248490625 0.6332629015625 0.5062342828124999 0.63584121875 0.6138279921875001 0.7148412656249999 0.6337277578125 0.72851435
0 0.6310294937500001 0.6713207375 0.6613850828125 0.672333565625 0.7919141484375001 0.582698896875 0.7922514109375001 0.576875171875 0.787192146875 0.5723174765625 0.7797719125 0.569532215625 0.7740380578125 0.5715578609375 0.6563258171874999 0.65308995625 0.6462072875 0.6533431703125 0.6350769046875 0.6497982921875 0.606745021875 0.62751623125 0.60168575625 0.625237384375 0.5214120765625 0.5692790140625 0.5146664000000001 0.568266190625 0.506908871875 0.5718110624999999 0.5052224296875 0.576875171875 0.6310294937500001 0.6713207375
0 0.6347396109375001 0.6175300125 0.6644206421875001 0.6185428296875 0.7952869703125 0.5281485453125 0.795961559375 0.5230844421875 0.7929260015625 0.5172607218749999 0.7844938515625001 0.5152350765625 0.778422734375 0.5162479 0.6603732296875 0.5955011531250001 0.6509292578125 0.59904603125 0.6421598765625001 0.5975268 0.630017640625 0.5889178125 0.5249987640625 0.5129366234375 0.5163528125 0.5124498203125001 0.507246134375 0.5180203390625 0.5052224296875 0.5223248265625 0.6347396109375001 0.6175300125
0 0.5045478703125 0.4705905296875 0.6394616109375 0.568580971875 0.668130759375 0.569847003125 0.8101275015624999 0.4723629625 0.8067546171875 0.462994371875 0.7983225296875001 0.4591962921875 0.7902277062499999 0.4591962921875 0.666444346875 0.5460456984375 0.6570003765625 0.5495905765625 0.6478937 0.54781814375 0.6411480234375 0.544273265625 0.5298441953124999 0.45970269999999996 0.5193883703125 0.4579302625 0.5123054 0.45944949375000005 0.504885165625 0.46476680468750003 0.5045478703125 0.4705905296875
0 0.5075834296874999 0.412019684375 0.638787021875 0.50823770625 0.6691426125 0.5084908953125 0.8118138828125 0.40822160468749996 0.8118138828125 0.40239788593750003 0.8077664703125 0.3980933984375 0.8010208249999999 0.39404211093749997 0.7929260015625 0.39657416562500003 0.666444346875 0.48519601718749994 0.655651259375 0.48899409687500006 0.6489055515625 0.4884876828125 0.6411480234375 0.48494280468750006 0.524492659375 0.3975448625 0.5200629593749999 0.397586984375 0.5106189890625 0.400625446875 0.507246134375 0.40518314218749996 0.5075834296874999 0.412019684375
0 0.5085952828125 0.35091679062500003 0.519725665625 0.3615514125 0.6424971703125 0.45143929375 0.6769001718750001 0.450426465625 0.8175477359375 0.347625125 0.816873146875 0.34408024843749996 0.8010208249999999 0.3359776875 0.7922514109375001 0.34028216875 0.6715036125 0.42865081875 0.6603732296875 0.4299168375 0.6489055515625 0.429410434375 0.6404734640624999 0.42586556875000003 0.53461474375 0.3436447625 0.5268086359375 0.339522553125 0.5207375187500001 0.339522553125 0.507246134375 0.3450930765625 0.5085952828125 0.35091679062500003
0 0.5055597234375 0.28562061562499996 0.5139918421874999 0.29524242031250003 0.6401361703124999 0.3894347953125 0.672852759375 0.38968798437499996 0.8101275015624999 0.28840587812499996 0.8114766187500001 0.2818225359375 0.8070919421875 0.2754924078125 0.8000089718750001 0.27169432968749996 0.6654324953125 0.3671527234375 0.6543021125 0.36892515625 0.6424971703125 0.364114259375 0.5265170765625 0.277218584375 0.5210748125 0.2752392015625 0.5143291062500001 0.277011640625 0.5085952828125 0.2810629203125 0.5055597234375 0.28562061562499996
0 0.5109562828125 0.22932862968749998 0.6404734640624999 0.32655945625 0.6735273187499999 0.327065859375 0.8158612937499999 0.22122605625 0.8141749140625001 0.21540233125000002 0.8047309109375 0.210338234375 0.799671646875 0.20856578906249998 0.6657697890625001 0.305796615625 0.6583495234375001 0.3073158484375 0.64823099375 0.3060498296875 0.5264713421875 0.21362989843750002 0.5193883703125 0.213376696875 0.5116308421875 0.2176811796875 0.5089325765625 0.2219856734375 0.5109562828125 0.22932862968749998
0 0.5096071359375001 0.15860393125 0.644858140625 0.26369818125 0.6765628765625 0.26369818125 0.8259798234375 0.15254106875 0.8222697374999999 0.14848978125 0.8114766187500001 0.14418529375 0.8050682359374999 0.1426660625 0.674539171875 0.238630859375 0.6637460828124999 0.24141612031249998 0.649242846875 0.24090970625 0.6276566390625 0.2229321390625 0.535626953125 0.149680321875 0.52714593125 0.1446776453125 0.5200629593749999 0.146450078125 0.513317253125 0.15075457187500002 0.5096071359375001 0.15860393125
0 0.6519411109375 0.1979264953125 0.6819594375 0.1959008609375 0.8303645609375 0.0821736125 0.8246307078124999 0.077109515625 0.8161986203125 0.0722986078125 0.8091156484375001 0.0702729734375 0.6822967 0.16801020312499998 0.6667816421875 0.1740871296875 0.6499174046875 0.17282111093750002 0.5278204890625 0.07609668593749999 0.5237730765624999 0.07483066875 0.5082579875000001 0.082680028125 0.5062729078125 0.09122528437500001 0.6310294937500001 0.1877982875 0.6381124640625 0.19311559843749998 0.6519411109375 0.1979264953125