0 0.39645635 0.6066140859375 0.2459243234375 0.890686228125 0.2463139 0.910197990625 0.2689428078125 0.9259216671875 0.39171667499999996 0.6959145906249999 0.4107413734375 0.6801440000000001 0.4341473359375 0.6832052859375 0.6173567156249999 0.8321172609374999 0.6273099546875 0.8319881453125 0.636329690625 0.81948800625 0.6396206984374999 0.8009155390625 0.4228693453125 0.6169944125 0.39645635 0.6066140859375
0 0.5996600296875 0.7385584546875 0.6049473515625 0.728260340625 0.6019658171875 0.7107563390625 0.406313175 0.523241375 0.385032315625 0.5119868328125 0.235200240625 0.772116746875 0.24279459375 0.7930799421875 0.2476937046875 0.79772735625 0.2604981609375 0.7971125453125001 0.3746419734375 0.59911735 0.3853206421875 0.5894671265625 0.4048901015625 0.5837844 0.425704109375 0.5888534484375 0.591909759375 0.7343967640625 0.5996600296875 0.7385584546875
0 0.5859183 0.640659128125 0.3960198296875 0.44903150468749997 0.3799227890625 0.433761509375 0.3687518203125 0.4474112078125 0.228196425 0.669483321875 0.2223744296875 0.6968189171875 0.22900186718749999 0.7155505343749999 0.24255794062499997 0.7124583203125 0.3709059890625 0.5151761828125 0.38754631875 0.5060767453125 0.41064129375 0.51075726875 0.567541809375 0.6602349078125 0.581720546875 0.6711328890625 0.5855046374999999 0.6657895765624999 0.5859183 0.640659128125
0 0.3801425234375 0.352374271875 0.212216453125 0.5963373375 0.21719420312499998 0.622115740625 0.2316059671875 0.6274921265625 0.3415010375 0.4803406859375 0.36469799375 0.44428129375000003 0.3849410578125 0.43221881250000005 0.40383686562500004 0.432915846875 0.54959185625 0.585858215625 0.56275971875 0.59771153125 0.5757455859375 0.59471644375 0.57758525 0.577957453125 0.3801425234375 0.352374271875
0 0.5639712953125 0.047889035937500005 0.551659815625 0.061732984375 0.461940403125 0.1441584421875 0.463742659375 0.1518883328125 0.4671123578125 0.15444684687500002 0.5568705953124999 0.0819897921875 0.5727593625 0.07536775 0.582738884375 0.082282284375 0.6302549421875 0.1924405765625 0.639378765625 0.190886475 0.640648171875 0.174224621875 0.5759980125 0.042707946875 0.5639712953125 0.047889035937500005
0 0.578951171875 0.0014824171875 0.468328625 0.1064690421875 0.46835485625000006 0.1135127 0.47594425781250005 0.12298946562499999 0.5533443499999999 0.054397921875 0.56907720625 0.0399711953125 0.5844736265625 0.037348654687499996 0.63909185625 0.1478634640625 0.642280246875 0.1528022375 0.65109308125 0.152867371875 0.653088553125 0.143913084375 0.5925596546875 0.0124775484375 0.578951171875 0.0014824171875
0 0.392234296875 0.234948575 0.39123017656250003 0.22905358125 0.3898350515625 0.2222674015625 0.3840968171875 0.215263203125 0.381972784375 0.21402867812499998 0.3073302875 0.2982581375 0.3058511078125 0.30361832031249997 0.30783798125 0.309665184375 0.3118007359375 0.31186357187499997 0.3193453125 0.30419317343749996 0.37734554375 0.24163508125000002 0.38800789999999996 0.24524641875 0.439197975 0.31825871875 0.44529515625 0.3175394171875 0.44688003125 0.3127997640625 0.392234296875 0.234948575
0 0.31273091875 0.318728946875 0.31454885312499997 0.3279972265625 0.319251184375 0.32751551874999996 0.37452524375 0.26861444218749997 0.38269390625 0.27584318125 0.42704662656250003 0.33820733281250004 0.4340947984375 0.33604899062500004 0.4300153765625 0.3233347453125 0.3781489421875 0.24916058593749998 0.3658491625 0.2570024234375 0.31273091875 0.318728946875
0 0.37930181093750004 0.2741861109375 0.3737963375 0.2741660890625 0.36652639531250003 0.27923558437499996 0.3166543234375 0.3450853515625 0.317339703125 0.355617128125 0.32308833125 0.3584691140625 0.36810173281249997 0.299719453125 0.37299409375 0.2947356796875 0.38257841406250004 0.2934224015625 0.4293191078125 0.351548621875 0.4350252796875 0.34993812968750004 0.4341586171875 0.346254578125 0.37930181093750004 0.2741861109375
0 0.3930759953125 0.19635323124999998 0.392156484375 0.192359415625 0.3857208484375 0.1854740078125 0.3808070984375 0.18471466875 0.3097045671875 0.268660415625 0.311786740625 0.27948 0.31456604375 0.2831570375 0.31737682500000003 0.2814011984375 0.38347090625 0.20597092031250003 0.4421535890625 0.2920738890625 0.44723627656250003 0.28961180625 0.44908537343750005 0.2864234609375 0.44634824687499997 0.2801851296875 0.3939322625 0.204188990625 0.3930759953125 0.19635323124999998
0 0.4428556875 0.249850190625 0.3876924609375 0.1787917125 0.391485696875 0.17016396875 0.38983700312499997 0.164698034375 0.3833274296875 0.1587830234375 0.3806644984375 0.15859807812499999 0.3134822671875 0.24027974375 0.314475990625 0.2503269359375 0.3161986203125 0.25482248125 0.31694889531250003 0.2550139578125 0.3832332796875 0.182105371875 0.3927546375 0.191657821875 0.3944986359375 0.20189649062499998 0.4405739859375 0.2687562015625 0.44812925468750003 0.263957346875 0.4468715875 0.2593826015625 0.4428556875 0.249850190625
0 0.463964271875 0.1912009421875 0.3860698953125 0.089214509375 0.3795712953125 0.0931948265625 0.373453325 0.10221854374999999 0.3155470359375 0.186854984375 0.3182125046875 0.1978294015625 0.32383434843750003 0.20134150312500002 0.379477465625 0.1235409484375 0.38587037031250004 0.11894010156249998 0.39550781874999996 0.1249608625 0.40952041250000004 0.1398143234375 0.46211572968750003 0.2084368265625 0.46659597656249996 0.2038425109375 0.46638430625 0.1955776953125 0.463964271875 0.1912009421875
0 0.4007478546875 0.0953344921875 0.4604551671875 0.1720042546875 0.4682747015625 0.16875673124999999 0.467207059375 0.159679909375 0.46023222500000005 0.14682033125 0.4411895125 0.1277154296875 0.4031459453125 0.07992058125 0.3799184140625 0.054504690625 0.320577359375 0.1457057234375 0.3129062734375 0.16106000625 0.316034446875 0.1681895203125 0.32289259375 0.1705332578125 0.3279645671875 0.16519961562500002 0.348083003125 0.133038940625 0.3694798765625 0.0971485953125 0.37986701875 0.0893132796875 0.3914696734375 0.088614009375 0.4007478546875 0.0953344921875
0 0.30032749375 0.2571553640625 0.303167559375 0.24986078906250003 0.299485128125 0.2382285703125 0.2248633421875 0.09973916875 0.214959875 0.105512559375 0.1299767515625 0.16584759375 0.1187360015625 0.177751465625 0.1214265671875 0.189552634375 0.12581504062499999 0.1933456828125 0.1358088765625 0.1920974359375 0.18800080937500002 0.15096949531249998 0.20562852187499997 0.136615540625 0.22025106249999998 0.1345788671875 0.22898280468749999 0.13990236250000002 0.23452864375 0.14849285625 0.29016815937499996 0.253437196875 0.30032749375 0.2571553640625
0 0.23577306718750002 0.077902484375 0.1326209015625 0.145418809375 0.13032217031249999 0.1598860578125 0.1367243390625 0.16151987343750002 0.22236869375 0.1010722109375 0.2347524546875 0.1098601296875 0.24277816093750001 0.12302281718750001 0.299304421875 0.22917827968750001 0.3071941625 0.22556410625 0.30609675 0.21712401093749997 0.23577306718750002 0.077902484375
0 0.7115053796875 0.456332771875 0.715470346875 0.45101390468749997 0.7146244359375 0.43583450625 0.7080149734375001 0.4174577015625 0.6916773328125 0.41141795625000005 0.6728497984375 0.4030162375 0.63513304375 0.3797224015625 0.6166747124999999 0.3796160625 0.6024435171875 0.3941131828125 0.53664803125 0.5098757171875 0.536853275 0.517657696875 0.5387900015625 0.5228999812499999 0.5492721109375001 0.5313301906250001 0.6064102265625 0.42965667031250004 0.61888953125 0.41917274843749996 0.6745576734375 0.4477670890625 0.684286659375 0.4558612203125 0.6954294375 0.459999740625 0.7115053796875 0.456332771875
0 0.691258846875 0.3987478875 0.67676508125 0.3831070984375 0.6842494796875 0.3739383421875 0.6981421140624999 0.3492832390625 0.6128582078125 0.33269868125 0.5199274625 0.4836532953125 0.52063479375 0.4918910796875 0.524753959375 0.49769032500000004 0.5316393703125 0.49930359218750003 0.6013030171875 0.38946002343749997 0.613521025 0.37948495000000004 0.6243714687499999 0.3757793625 0.6310111968750001 0.3820779515625 0.6937642625 0.4052863515625 0.691258846875 0.3987478875
0 0.6073090296875 0.2970319859375 0.5150828359374999 0.42616521562500004 0.5151283953125 0.43840723906249995 0.5177864734375001 0.4420377390625 0.5277125140625001 0.444430253125 0.5962138328125001 0.3456525390625 0.610629096875 0.330493640625 0.6243540750000001 0.327248415625 0.6937008375 0.3372136796875 0.677331759375 0.31096535937500003 0.6073090296875 0.2970319859375
0 0.24022455312500002 0.21632395624999998 0.1821454484375 0.266329378125 0.2001080265625 0.2675364140625 0.22778624218750002 0.2454862296875 0.23666815312499997 0.241199625 0.2464109703125 0.24196707343749999 0.29880064375000004 0.3283893578125 0.303104090625 0.3307767484375 0.3064318703125 0.32743619062499996 0.29466842031249996 0.3041298796875 0.24022455312500002 0.21632395624999998
0 0.210573984375 0.2661648125 0.22395639531249997 0.26875653437499997 0.2317598 0.268814209375 0.24099767499999997 0.2696676640625 0.2982414875 0.35560981406250003 0.304644909375 0.35659936718749996 0.30615937656250003 0.3487137265625 0.26185879375 0.2823281796875 0.23694382812499998 0.2473935 0.210573984375 0.2661648125
0 0.2151662734375 0.0341330890625 0.1293007328125 0.11628573281250001 0.126785121875 0.126851121875 0.134221596875 0.13390554062499999 0.2259082578125 0.054492984375 0.30573781875 0.1830475203125 0.313839796875 0.187908303125 0.3169380109375 0.18322001875 0.31579017343750004 0.1764812890625 0.22443834218749997 0.029086615625 0.2151662734375 0.0341330890625
0 0.4616737578125 0.3116984765625 0.46780180781249997 0.3141217828125 0.5306163374999999 0.24517455 0.540691890625 0.24484518125000002 0.5619231109375 0.27798034375 0.5782415015625 0.2807481609375 0.536777625 0.21881503906250002 0.4599061953125 0.304371859375 0.4616737578125 0.3116984765625