0 0.264505025 0.08087096875000001 0.27958159843749997 0.073156025 0.29901574062499997 0.07549881875 0.429548765625 0.23677853125 0.438819078125 0.23516056093749999 0.44505248281250004 0.2223777421875 0.2778081171875 0.009607321875 0.134267778125 0.23532048125 0.149970271875 0.24963819375 0.264505025 0.08087096875000001
0 0.2249568515625 0 0.11792348593749999 0.18383408437499998 0.1337041109375 0.1977093390625 0.25347189375 0.012252051562500001 0.2710476046875 0.0045516921874999994 0.2898872609375 0.009677809375 0.43006085625 0.1765872765625 0.4433857859375 0.15715761875 0.31759915156249996 0 0.2249568515625 0
0 0.2860383578125 0.349894375 0.3065154546875 0.349330303125 0.42811737031249997 0.46966241562500005 0.43989267187500003 0.453325765625 0.2878672625 0.2972711328125 0.161186071875 0.48040878124999997 0.1700625296875 0.49344818906250004 0.272058175 0.3607496953125 0.2860383578125 0.349894375
0 0.279196084375 0.289017846875 0.29711898125 0.288438896875 0.428046934375 0.40677475625000004 0.4372243359375 0.3911065125 0.27715658906249996 0.2329542703125 0.1515234421875 0.43659895937500004 0.16838990468749998 0.44764005781250005 0.2653468671875 0.29782328125 0.279196084375 0.289017846875
0 0.26979965156249996 0.22812644375 0.2918092203125 0.22757131249999998 0.4232219296875 0.36231539375 0.43231206406249995 0.34801375 0.2674239515625 0.169326671875 0.133451340625 0.38484368125 0.148296465625 0.39420534375 0.253819746875 0.2382865234375 0.26979965156249996 0.22812644375
0 0.11723965781250001 0.3284026140625 0.12888855 0.338040384375 0.2433579296875 0.1780724546875 0.25913259375000003 0.1631262515625 0.2814347546875 0.165990615625 0.4132012984375 0.31919282187500003 0.42210377968749996 0.31582698593749997 0.4291505375 0.30151341875000004 0.2614416984375 0.1029866953125 0.11551450468749999 0.32017673593749996 0.11723965781250001 0.3284026140625
0 0.4207957984375 0.74361371875 0.4312874796875 0.7313709328125 0.3033372484375 0.6144194765625001 0.1722874375 0.748463675 0.18778498125 0.759342815625 0.2920774078125 0.6546836468749999 0.30906596875000003 0.65273210625 0.4207957984375 0.74361371875
0 0.2864926859375 0.6061184953125001 0.3059481375 0.605548459375 0.4134166375 0.6991393953125 0.4289293734375 0.6882929921875001 0.290557175 0.566495878125 0.155323559375 0.7225397703125 0.1679014171875 0.734618759375 0.2731979484375 0.6142435953125001 0.2864926859375 0.6061184953125001
0 0.28406029843749997 0.55620463125 0.3049172546875 0.5576934796875 0.4215371765625 0.6520213312500001 0.43547374375 0.6418492984374999 0.28885388437500004 0.5131684812499999 0.153030753125 0.6828667109375 0.1668138484375 0.6956496453125001 0.2737432734375 0.5657142453125 0.28406029843749997 0.55620463125
0 0.1729347046875 0.6478363703125 0.2873213703125 0.5131595375 0.3009960109375 0.5070873312499999 0.3235034109375 0.5147378171875 0.43504563437500005 0.6165551812500001 0.44673358125 0.6015851578125 0.3003013765625 0.46196850468750006 0.1608015390625 0.6367961484375 0.1597969546875 0.6375063437499999 0.1729347046875 0.6478363703125
0 0.2900976890625 0.45370627499999994 0.313508803125 0.45521003125000004 0.43909249375000003 0.5612106625 0.451247653125 0.5469269046874999 0.2898396 0.4017544234375 0.153800903125 0.595250975 0.1663589578125 0.606784553125 0.2751394296875 0.46387233281249995 0.2900976890625 0.45370627499999994
0 0.34283855937499996 0.72401915 0.37100883906250004 0.731019171875 0.2985000078125 0.6581389140625 0.19364065 0.7596561015625001 0.20824900156249998 0.76698140625 0.29465379375 0.6943449890625 0.30942439843749997 0.6951147515625 0.34283855937499996 0.72401915
0 0.5854108625000001 0.0779069265625 0.44973528749999997 0.241852475 0.43674609062499997 0.2451944625 0.3000151625 0.081709953125 0.28509688125 0.10534389531249999 0.4412088234375 0.3033228578125 0.5960250734375 0.09574137187500001 0.590855428125 0.08067292968749999 0.5854108625000001 0.0779069265625
0 0.5959461593750001 0.06498084062500001 0.6163229578125 0.07398597500000001 0.7021709390625 0.21803396562500002 0.715814915625 0.20444243750000002 0.6039618 0.0035074468749999995 0.4497000265625 0.21040864531249998 0.45767272812500004 0.22959475468749999 0.57656506875 0.07238685624999999 0.5959461593750001 0.06498084062500001
0 0.5353021890624999 0 0.44072577187500006 0.141300171875 0.443093659375 0.1618375328125 0.44098059999999994 0.1789141359375 0.5611627390625 0 0.5353021890624999 0
0 0.6059689015624999 0 0.606223409375 0.00010287343749999999 0.6885958875 0.1345607734375 0.7034361734375 0.11824198125 0.6269032328125 0 0.6059689015624999 0
0 0.585142603125 0.5876550984375 0.449750384375 0.707171096875 0.4539419953125 0.7215502484375 0.581265725 0.61634188125 0.6448460500000001 0.7089931359375 0.66562873125 0.703645978125 0.585142603125 0.5876550984375
0 0.6540885796875 0.652311828125 0.6647112296875 0.6380190984375 0.5772349859375 0.5274559234375 0.4460506578125 0.6624410171874999 0.45044426406250004 0.67231370625 0.5661061109375 0.565670178125 0.5784971343749999 0.5636918093750001 0.6540885796875 0.652311828125
0 0.66317411875 0.614085646875 0.6778397843749999 0.60050008125 0.5841285953125 0.475545803125 0.4508283234375 0.6200422609375 0.45748642500000003 0.6340756 0.5707381109375 0.517164646875 0.587128496875 0.516576728125 0.66317411875 0.614085646875
0 0.659545421875 0.5668990203125001 0.6719494781249999 0.5567180453125 0.5770113609374999 0.42697171093749997 0.44475267812499997 0.574813215625 0.45139087968749997 0.5855074703125001 0.5647734859375 0.46654663125000007 0.582316525 0.46391475781249997 0.659545421875 0.5668990203125001
0 0.58258229375 0.403763278125 0.5942442171875 0.40519846875 0.6607761953125 0.5156393953125 0.676376196875 0.5034264203125 0.5910390796875 0.3593814078125 0.4482377875 0.506880021875 0.4512331359375 0.523986409375 0.5655064656250001 0.40708143281250003 0.58258229375 0.403763278125
0 0.44982243593750004 0.47407850781249994 0.5628251421875 0.3530647453125 0.5713914203125 0.34696271562500003 0.590248696875 0.347756328125 0.66339088125 0.45071675468750005 0.6770655203125 0.44464455 0.584663975 0.2991911828125 0.4469144015625 0.4556054921875 0.442945659375 0.4617343375 0.44982243593750004 0.47407850781249994
0 0.5689307953125 0.2958655078125 0.584299534375 0.295271625 0.663296803125 0.41057027343749997 0.6748974484375 0.396966765625 0.5799853953125 0.2508152453125 0.43518659218750005 0.411507071875 0.445231125 0.4243359625 0.55461436875 0.303984646875 0.5689307953125 0.2958655078125
0 0.588564709375 0.2365105921875 0.603409546875 0.24411636250000002 0.6777526359375 0.36827405 0.6902003421875 0.3574098140625 0.5963926546875 0.1859730625 0.4484898484375 0.3544009796875 0.45753872187500005 0.3676725125 0.5733139015625001 0.24325716874999997 0.588564709375 0.2365105921875
0 0.5906555390625 0.17978757812499999 0.6060549 0.1867129890625 0.68848401875 0.312285025 0.6999973515625 0.3000481453125 0.596820009375 0.13129096093749998 0.4510226765625 0.31475607656250004 0.460537865625 0.3287272734375 0.5721650875 0.1892494671875 0.5906555390625 0.17978757812499999
0 0.64239754375 0.80330975 0.6519418124999999 0.797897009375 0.5741714703125 0.6873904453125 0.44855483281249997 0.7898744953125 0.4568767703125 0.8035942078125 0.55977233125 0.7208006921875 0.5756082390625 0.720893103125 0.64239754375 0.80330975
0 0.6146064078125 0.7183864625 0.632411371875 0.7116548468749999 0.5764675453125 0.6354534671875001 0.43935317500000004 0.7564783859374999 0.44411432812499996 0.7713925374999999 0.568111140625 0.6702661703125 0.5827507421875 0.6730857921875 0.6146064078125 0.7183864625
0 0.8833107546875001 0.5028641828125 0.8990976265624999 0.49236510625 0.7989447046875 0.42630777656249996 0.701053915625 0.5783461140624999 0.703769215625 0.5865460671875 0.7920539796875 0.4609296890625 0.8089417437499999 0.45573260937500004 0.8833107546875001 0.5028641828125
0 0.7920566859375 0.4214533859375 0.805767996875 0.41527495625000005 0.8851031656250001 0.4691753484375 0.9006839984375 0.4562679796875 0.7979603234375 0.3853814640625 0.6899783046875 0.5478302296875001 0.696711815625 0.5561755359375 0.78190321875 0.43391100312499997 0.7920566859375 0.4214533859375
0 0.8931307890625 0.441708303125 0.8998592656250001 0.4286126140625 0.805847065625 0.3400598359375 0.689336025 0.5114477765625 0.6930821203125 0.5219776125 0.7975247703125 0.3781026453125 0.8129912359375 0.3742524046875 0.8931307890625 0.441708303125
0 0.8824796125000001 0.40092782031249996 0.8944810562500001 0.38983314999999996 0.8005652640625 0.29208647656250003 0.682636546875 0.4605448484375 0.6896082671875 0.46876078750000005 0.7955108015625 0.332775309375 0.8081583234374999 0.32693836875 0.8824796125000001 0.40092782031249996
0 0.8848997593749999 0.37073153593749997 0.8953449109375 0.3609412984375 0.8163039734374999 0.24554922031249998 0.6840450984374999 0.40738442187499996 0.6889114125 0.41818720468750004 0.8045880625 0.2829154671875 0.821191390625 0.284325875 0.8848997593749999 0.37073153593749997
0 0.890726128125 0.333330946875 0.9020689718750001 0.32485941406249996 0.8276924921875001 0.18256791249999998 0.69041251875 0.3485806640625 0.694397828125 0.3630523671875 0.8149824812500001 0.227809325 0.8308013859375001 0.23381235625 0.890726128125 0.333330946875
0 0.8966657625 0.301841709375 0.9106723406249999 0.2901020078125 0.8456880328124999 0.1314466359375 0.7027406703125 0.2862615984375 0.6974301734374999 0.30790328906250003 0.8261067796875 0.17664793750000002 0.841883740625 0.1833074703125 0.8966657625 0.301841709375
0 0.8112055734375 0.52170014375 0.828185571875 0.5150593609375 0.9059371031250001 0.5655805984375 0.9164503671875 0.5531250625 0.8207376921874999 0.4851679578125 0.7216629546875 0.62757105625 0.7128962343749999 0.6352225609375 0.715940553125 0.6439058828124999 0.8112055734375 0.52170014375
0 0.9014725968749999 0.7318821109375 0.91300369375 0.7203953656250001 0.8592275640624999 0.638240453125 0.7238398890625 0.7552418734375 0.7304421046875 0.7612133937500001 0.8437729203125001 0.6660725203125 0.8590587171875 0.6690502203124999 0.9014725968749999 0.7318821109375
0 0.9044948203125 0.6789437375 0.9138764484375 0.6616674515625001 0.8472223390625 0.5895471437500001 0.7204849624999999 0.7255303484375 0.7254727109375 0.7375949375 0.8367646546874999 0.623666815625 0.8490276671875 0.62325695 0.9044948203125 0.6789437375
0 0.9147599062499999 0.6359191484375 0.9277608359375 0.6239595734375001 0.8432194624999999 0.5445136078124999 0.73354516875 0.6781893140624999 0.7352642312500001 0.6907162328124999 0.8367192781250001 0.5786563734375 0.8476354374999999 0.5767944093749999 0.9147599062499999 0.6359191484375
0 0.8421191468749999 0.7257587296875 0.8539609312499999 0.7263092609374999 0.8750651046875 0.7846840562499999 0.8940500515625001 0.780462065625 0.8626413609375 0.6974748078124999 0.7233145953125 0.793908278125 0.7229855781250001 0.7934249125 0.72387125 0.802095596875 0.8421191468749999 0.7257587296875
0 0.9531176515625001 0.30840742187500003 0.9964178968749999 0.2612694125 0.9966646453125 0.24006399531249997 0.9703982812499999 0.26612917812500003 0.957393159375 0.2634280375 0.9524512062499999 0.257398628125 0.897605371875 0.128441215625 0.8863356203125001 0.142462696875 0.9531176515625001 0.30840742187500003
0 0.8447550843749999 0.08790484062500001 0.8563563125 0.077471540625 0.8697686046875001 0.0737994625 0.8823258046875001 0.07912322499999999 0.93888691875 0.2163414703125 0.9525698296874999 0.20404512187499999 0.8856046140625 0.014636168750000001 0.7155596984375 0.209335121875 0.7250730843750001 0.22334451875 0.8447550843749999 0.08790484062500001
0 0.9806982328125 0.359074834375 0.9911465046875 0.3475150171875 0.995442871875 0.3450628578125 0.99567490625 0.3251218765625 0.9794077078125 0.32728101875000004 0.9695510671875001 0.34157858750000003 0.9115924812499999 0.5150330750000001 0.9228928890624999 0.515959953125 0.9722649640625001 0.37508965625 0.9806982328125 0.359074834375
0 0.9859526140625 0.32082525156249997 0.995772371875 0.31674575781250003 0.9959901500000001 0.298029865625 0.9670554062500001 0.304650934375 0.9131327312499999 0.4855270765625 0.921894921875 0.48758571875 0.9657939796875 0.3483924375 0.9734172937500001 0.3330564625 0.9859526140625 0.32082525156249997