0 0.1711168609375 0.0728402859375 0.1911575734375 0.0632053265625 0.20965669375 0.0666739125 0.37820423281250004 0.15762791874999998 0.3961894890625 0.1537739359375 0.40954996406250005 0.13874340000000002 0.18756052343750002 0.02158230625 0.1284661109375 0.0878708203125 0.042650748437500004 0.214281475 0.044706206250000005 0.22353103437500002 0.0554973609375 0.2239164328125 0.1711168609375 0.0728402859375
0 0.38950925000000003 0.2686226390625 0.424965896875 0.2570606890625 0.45374230625 0.2578314859375 0.5292803796875 0.3063916765625 0.5472656359375 0.29405892968749997 0.43627091562500003 0.2285412125 0.3710101296875 0.253977503125 0.284680903125 0.353795671875 0.284680903125 0.36111824062500003 0.2964997859375 0.369597003125 0.38950925000000003 0.2686226390625
0 0.42188271093749996 0.30369388750000004 0.44860366249999994 0.3056208796875 0.527224921875 0.3541810703125 0.5385299406249999 0.34801469687500003 0.53955766875 0.33568195 0.424965896875 0.26746644375 0.295985921875 0.40081426875000004 0.2964997859375 0.40967842968749996 0.309346396875 0.415844803125 0.42188271093749996 0.30369388750000004
0 0.44038183125 0.3476292984375 0.46350573125 0.3476292984375 0.5493210937499999 0.3946478953125 0.5570290609375 0.38616913125 0.5524042796875 0.37576337656250003 0.4460343390625 0.3106310578125 0.31345731250000003 0.437427109375 0.3196236859375 0.4474474671875 0.330928703125 0.447832865625 0.44038183125 0.3476292984375
0 0.44192342343749996 0.4351147203125 0.47018596874999996 0.43550011875 0.5482933640625001 0.48752889374999997 0.5631954343750001 0.47288375625 0.45733935781249996 0.40158506562499996 0.40698064218749996 0.4320315328125 0.31140185468750003 0.5152775734375 0.312429584375 0.5233709390625 0.3237346015625 0.52799571875 0.44192342343749996 0.4351147203125
0 0.42907681249999996 0.40505365 0.445520475 0.3961894890625 0.46658891718750006 0.3988872765625 0.5364744828125 0.44667667031249997 0.5493210937499999 0.4482182640625 0.5554874671875 0.4328023296875 0.448089796875 0.3584204515625 0.3088325328125 0.48136252031250004 0.310887990625 0.492539071875 0.32219300781250004 0.49909084375 0.42907681249999996 0.40505365
0 0.46607505312499997 0.4890704875 0.4886850890625 0.48752889374999997 0.558570653125 0.538016075 0.5709034 0.538016075 0.57912523125 0.5283811171874999 0.4732691546875 0.452072246875 0.3334980265625 0.5707749343749999 0.3370950765625 0.5784829 0.3499416875 0.5811806890625 0.46607505312499997 0.4890704875
0 0.357135790625 0.60314839375 0.464533459375 0.5210585484375 0.48406030937500005 0.5214439468750001 0.5549736015625 0.572701925 0.5703895359375 0.564993959375 0.5714172640624999 0.5584421875000001 0.47686620625 0.4886850890625 0.46658891718750006 0.4871434953125 0.33966440000000003 0.5919718421875 0.340692128125 0.5958258265625 0.3442891796875 0.6019922 0.357135790625 0.60314839375
0 0.46350573125 0.57424351875 0.47943552812499995 0.5707749343749999 0.5015316999999999 0.5796390953125 0.6181789296875 0.6636559328125 0.6315394046875 0.66404133125 0.6346225921875 0.6528647796875 0.48097712187499997 0.5399430671875 0.38796765781250003 0.6058461828125 0.3484000953125 0.6397612359375 0.3535387390625 0.6505523890625 0.3627883 0.6513231859374999 0.46350573125 0.57424351875
0 0.362274434375 0.6767594765625 0.4748107484375 0.6089293687499999 0.49536532656250004 0.60314839375 0.5226001421875 0.6228037093750001 0.5745004515625001 0.66673911875 0.5894025203125 0.6651975265625001 0.5878609265625 0.651708584375 0.49536532656250004 0.575014315625 0.40903609999999996 0.6239599046875 0.3484000953125 0.6624997375 0.345830771875 0.6702077046875 0.35148328125 0.67560328125 0.362274434375 0.6767594765625
0 0.4568254921875 0.6732908906249999 0.46915823906250004 0.6682807125 0.4897128171875 0.6702077046875 0.550348821875 0.7260904625 0.558570653125 0.7237780734375 0.5673063484374999 0.7156847078124999 0.48097712187499997 0.63667805 0.3314425671875 0.725319665625 0.3329841609375 0.7337984296875 0.34480304375 0.738423209375 0.4568254921875 0.6732908906249999
0 0.6423305578125 0.7881395953125 0.7687412124999999 0.7179970984375 0.78364328125 0.7176117 0.80676718125 0.7241634718750001 0.86945864375 0.7785046359375001 0.8864161703125 0.7746506531249999 0.8900132218750001 0.7657864921875001 0.792892840625 0.679071865625 0.6258868953125 0.7746506531249999 0.6238314375 0.781202425 0.629483946875 0.786212603125 0.6423305578125 0.7881395953125
0 0.769768940625 0.6093147671875 0.810878096875 0.6085439703125 0.9393442078125 0.7068205468750001 0.9480799046874999 0.6941024015624999 0.942941259375 0.68292585 0.7918651125 0.566535553125 0.6243453031249999 0.6678953140624999 0.6248591671875 0.6817696546875001 0.6310255406249999 0.6917900109375 0.769768940625 0.6093147671875
0 0.7856987390625 0.6451568125 0.8211553859375 0.653250178125 0.88590230625 0.7099037328125 0.89926278125 0.7056643515625 0.9038875609374999 0.6975709859375 0.801114671875 0.6093147671875 0.627942353125 0.7014249703125001 0.627942353125 0.715299309375 0.6428444234375 0.71915329375 0.7856987390625 0.6451568125
0 0.8047117234375 0.525683328125 0.8283494875 0.52529793125 0.8982350531250001 0.580795290625 0.9146787156249999 0.5777121046875 0.9208450890625001 0.567691746875 0.8155028765625 0.48675809687499993 0.6423305578125 0.5992944109375 0.6443860156250001 0.609700165625 0.662371271875 0.61355415 0.8047117234375 0.525683328125
0 0.66802378125 0.637448846875 0.7733659921875 0.5738581203125 0.79854535 0.5599837812499999 0.8237247078125 0.560754578125 0.89926278125 0.6174081328125001 0.91416485 0.6158665390625 0.9218728171875 0.6073877765625 0.8170444703124999 0.5233709390625 0.6438721515625 0.6247307015625 0.6413028296875 0.63205326875 0.650038525 0.637448846875 0.66802378125 0.637448846875
0 0.7625748390625 0.47288375625 0.789295790625 0.460936409375 0.827321759375 0.4682589765625 0.8961795953125 0.5268395234375001 0.9105677999999999 0.52221474375 0.9146787156249999 0.5102673953125 0.8088226390625 0.4220111765625 0.6264007609375 0.528766515625 0.6269146250000001 0.5410992625 0.6387335078125 0.546109440625 0.7625748390625 0.47288375625
0 0.6356503203125 0.49947624218750003 0.8062533171874999 0.41545940468750003 0.8345158609375 0.42085498125000004 0.8622645406249999 0.45322844218749997 0.8987489171874999 0.4856019015625 0.9136509859374999 0.47712313906250003 0.9146787156249999 0.4690297734375 0.8237247078125 0.375377978125 0.6243453031249999 0.47596694375000004 0.6238314375 0.48675809687499993 0.6269146250000001 0.496778453125 0.6356503203125 0.49947624218750003
0 0.6932031390625 0.336452746875 0.8771666109374999 0.2751744109375 0.9013182390625 0.2882779546875 0.9383164796875001 0.3576496546875 0.9614403796875 0.3518686796875 0.9054291546875 0.2478111296875 0.848904065625 0.2593730796875 0.6865229 0.31525583749999997 0.6834397140624999 0.321807609375 0.6844674421875 0.33144256875 0.6932031390625 0.336452746875
0 0.8879577640624999 0.3287447796875 0.9357471578125001 0.40929303125 0.9547601421874999 0.40505365 0.959384921875 0.3961894890625 0.8894993578125 0.2882779546875 0.6726485609374999 0.3649722234375 0.667509915625 0.3773049703125 0.674190153125 0.3907939109375 0.8535288453125001 0.323349203125 0.8879577640624999 0.3287447796875
0 0.8237247078125 0.3715239953125 0.8653477281249999 0.3707531984375 0.9285530546875 0.44513507656250006 0.9521908203124999 0.43858330468749995 0.9105677999999999 0.37422178281249996 0.8653477281249999 0.32990097500000004 0.6551771703125 0.417386396875 0.6546633046875 0.4285629484375 0.6598019500000001 0.4366563140625 0.673162425 0.4378125078125 0.8237247078125 0.3715239953125
0 0.2682117515625 0.9504292578125 0.3125036015625 0.999519390625 0.368114478125 1 0.2647668296875 0.8906352625 0.062008589062499994 0.9961975031250001 0.1264778359375 1 0.239175984375 0.9478455671875 0.2682117515625 0.9504292578125