0 0.1311574203125 0.529253875 0.2973240625 0.3415112453125 0.31511260937499996 0.335552115625 0.33569917031249996 0.333831325 0.5142298609375 0.41698418437500007 0.5230385078124999 0.405725590625 0.31035050000000003 0.302199365625 0.124498509375 0.5210122875 0.1311574203125 0.529253875
0 0.3396949625 0.40909143593749997 0.1514206078125 0.629372340625 0.1506896984375 0.6329286046875 0.16138953125 0.6350401984375 0.32783258593750003 0.45042391562499995 0.3399227 0.44103133593750005 0.351328453125 0.4359488921875 0.5379860828125 0.5082213109375 0.5475574546875001 0.50546409375 0.55060619375 0.496472159375 0.3396949625 0.40909143593749997
0 0.14088565 0.5791835765625 0.138608225 0.5852774828125 0.1500212046875 0.5884195640625001 0.31772820468749996 0.4037859265625 0.32622948749999997 0.394214440625 0.3453050125 0.38958971249999996 0.5390791625 0.468156015625 0.5484752484375 0.45717222187499995 0.3337463375 0.358550078125 0.14088565 0.5791835765625
0 0.1750999546875 0.67906694375 0.3474900546875 0.49665394531249996 0.3550487515625 0.4889036328125 0.3680244109375 0.4857132078125 0.5554119328125 0.56006348125 0.565136409375 0.5492748203125 0.3522794921875 0.46040510156250003 0.1661066125 0.6748990296875 0.1750999546875 0.67906694375
0 0.1715110390625 0.70046526875 0.182510678125 0.70365953125 0.3365992328125 0.5326530671875 0.34619213125 0.5270119515625 0.3604720640625 0.52385289375 0.5308787828125 0.5824456437500001 0.540251553125 0.5813318749999999 0.5423717625 0.5719055484375 0.346651303125 0.5029176625 0.1715110390625 0.70046526875
0 0.35695725624999997 0.5805482984375 0.190955696875 0.7621877765625 0.1858499375 0.7658765171875 0.1881498234375 0.7698463906249999 0.19754537656249999 0.7719265875 0.3459550984375 0.6127332156249999 0.35811227031250004 0.6068447171875 0.3730108265625 0.6019492890625 0.529310915625 0.6467079140624999 0.54237386875 0.6380598234375 0.35695725624999997 0.5805482984375
0 0.190045090625 0.744277396875 0.1967445796875 0.7481110203125 0.35633737656250003 0.5762067937500001 0.36102315156250003 0.5726109625 0.3718988015625 0.5698851171875 0.5492671203125 0.6195800375 0.552051484375 0.614805315625 0.5504587984375 0.609719321875 0.3574594484375 0.5506862390625 0.190045090625 0.744277396875
0 0.1969697265625 0.8300868484375 0.34734533125 0.6634207078125 0.3629510671875 0.6574091281250001 0.3799938734375 0.6523592421875 0.5403838640624999 0.6984523953124999 0.5494896781249999 0.689400109375 0.3603374203125 0.633034903125 0.185913675 0.8259084796874999 0.1969697265625 0.8300868484375
0 0.718769490625 0.30198735625 0.709914284375 0.2999914140625 0.556766725 0.4691299875 0.5495239390625 0.46717281093749996 0.5372263984375001 0.47107980312500003 0.3437702234375 0.39166948281249997 0.34083759375 0.401270190625 0.5469324624999999 0.490289228125 0.718769490625 0.30198735625
0 0.5421137875 0.44903745937500006 0.7139226890625 0.2567868765625 0.7121991921874999 0.24846730625000002 0.7021693953125 0.24949965624999998 0.5397850078124999 0.42147263593749995 0.5236886140625 0.42503353906249997 0.3337560375 0.33653833125 0.3287560015625 0.342785875 0.328694325 0.35166025625 0.5421137875 0.44903745937500006
0 0.7142688859375 0.5160264 0.5713669265625 0.6706380921874999 0.5601078421875 0.6743153515625 0.3936318875 0.6225533000000001 0.3869114796875 0.635509315625 0.5688567640625 0.6905725859375 0.7286997109375 0.519557325 0.7142688859375 0.5160264
0 0.5914030625 0.6871668093750001 0.730398190625 0.5389562531250001 0.7389781484375 0.5315212625 0.7524236625 0.5281512953124999 0.8604147609374999 0.5829642671874999 0.8691041531250001 0.5762960500000001 0.7390016125 0.5129279 0.58622533125 0.6821079234375 0.5914030625 0.6871668093750001
0 0.5793447953124999 0.658985896875 0.71227324375 0.5133039312500001 0.7198147421875001 0.5060986562500001 0.73757838125 0.5029599 0.8510073703125001 0.554592415625 0.8591228828125 0.5476556718750001 0.7215038140625001 0.48041342968749995 0.571609309375 0.6535782671875 0.5793447953124999 0.658985896875
0 0.5355894 0.399947834375 0.7150367171875 0.20580552343749997 0.7083550921875 0.197654034375 0.5445411453125 0.3713008484375 0.5271897015625 0.3762505109375 0.5181807953125 0.37639164375 0.326720278125 0.279117753125 0.321910453125 0.28758919375 0.31748994375 0.297714115625 0.5355894 0.399947834375
0 0.703860215625 0.24346317968750003 0.717245440625 0.24235391874999998 0.843465590625 0.328875353125 0.8535994015625 0.32255946562500004 0.71096946875 0.2159645578125 0.5361394984375 0.4067608921875 0.54096753125 0.41653580312500005 0.703860215625 0.24346317968750003
0 0.56787151875 0.543665353125 0.5681840421875 0.5460376015625 0.5723055031250001 0.5503110125 0.7153920890625 0.39310141875000004 0.7263445578125001 0.385493296875 0.7448735375 0.38176460625 0.8664317718750001 0.44968777812500005 0.8765655375 0.44337187031249997 0.72884610625 0.353828815625 0.56787151875 0.543665353125
0 0.7250307640625 0.34467286874999997 0.7464260281249999 0.339939728125 0.870698209375 0.4128180375 0.8816506796875 0.405209915625 0.7386136828125001 0.30981617968749997 0.567069871875 0.5048631875 0.5723230703125 0.511788634375 0.7250307640625 0.34467286874999997
0 0.5579718609375 0.465366615625 0.7119845390624999 0.29685101875000003 0.7247546140625001 0.29143338750000003 0.7409811984375 0.292658496875 0.8581396874999999 0.37192535000000004 0.8694759171875001 0.36349160625 0.7222149296875 0.263106365625 0.555282790625 0.45707259375 0.5579718609375 0.465366615625
0 0.548846309375 0.6221881125000001 0.5425534140625 0.6255819234375 0.5460504203125 0.6333131296875 0.6997256562499999 0.46373655312500006 0.710064396875 0.46019832968749996 0.7170320953125 0.45915733437500006 0.832023003125 0.5145360328125 0.8397506124999999 0.5093235734375 0.839247959375 0.503429765625 0.70463169375 0.438762609375 0.5538746734375 0.607564446875 0.553271128125 0.6152042296875 0.548846309375 0.6221881125000001
0 0.5587987484375 0.5821878875000001 0.6852018171875 0.44163203749999996 0.7045216671875 0.42587656406249996 0.7228719765625 0.42440961250000003 0.8408711437499999 0.4849720234375 0.8493923484374999 0.4779017234375 0.7108385562499999 0.403368021875 0.5511613375 0.5783457515625 0.5587987484375 0.5821878875000001
0 0.8032256484375001 0.837379275 0.8080849000000001 0.8432354125 0.9541626046875 0.8455325796875 0.95516189375 0.8264650015624999 0.9535264187499999 0.831853628125 0.947141446875 0.837226771875 0.9383836000000001 0.838504125 0.8032256484375001 0.837379275