0 0.15541325 0.4211193265625 0.36385342187499997 0.28810313125000003 0.38217854375 0.2876886140625 0.4019259328125 0.292269625 0.54551024375 0.42789498750000005 0.556928346875 0.4195665 0.3871322453125 0.25362762499999997 0.1515079015625 0.41103474531249995 0.15541325 0.4211193265625
0 0.384432425 0.36707418125 0.146127440625 0.5251796640624999 0.144440278125 0.5284345703125 0.15385591406250002 0.5337547640625 0.3616727171875 0.4038795890625 0.37563470625 0.39837408124999996 0.38774040625 0.3968747765625 0.5419982921875001 0.524333990625 0.5517316578125 0.5245501531250001 0.5571210062499999 0.5166854984375 0.384432425 0.36707418125
0 0.1504294796875 0.472900115625 0.146579396875 0.478165771875 0.1563715765625 0.48471054999999996 0.36537589062500003 0.3552029671875 0.37603044375 0.348430603125 0.39518327656249996 0.349712425 0.5543241578125 0.4854910015625 0.566214375 0.4776099421875 0.39312516406250003 0.3158452875 0.1504294796875 0.472900115625
0 0.15426343125 0.580975290625 0.36702303281250004 0.45506389687500004 0.376281865625 0.449785475 0.389322684375 0.45061382656250004 0.5436772999999999 0.580326828125 0.5558197265625 0.57273648125 0.38173072656249996 0.42107724687500003 0.1470246046875 0.5741636531250001 0.15426343125 0.580975290625
0 0.144868603125 0.600806471875 0.15425931406249999 0.607276509375 0.346676996875 0.4869499859375 0.35724410156249997 0.48435284218749997 0.3714964203125 0.48560869531249995 0.514408328125 0.5947475843750001 0.523492225 0.596510275 0.5281353421875 0.5879383640625 0.36447114687500004 0.4609333203125 0.144868603125 0.600806471875
0 0.352213009375 0.5399756640625 0.14564910312499998 0.66707446875 0.1398312125 0.6691278328125 0.14086314375 0.673709303125 0.14906728125 0.6786019609375 0.332838853125 0.5680983765625001 0.345875021875 0.5660395406250001 0.361196021875 0.565785803125 0.4948118375 0.6571057515625001 0.5094740359375 0.65262419375 0.352213009375 0.5399756640625
0 0.14984991875 0.6492847671875001 0.1550368015625 0.65507161875 0.352857828125 0.5355419703125001 0.35825654375 0.5334516671875 0.3692014125 0.5340953390625 0.5211372140625 0.636652103125 0.5250894515625 0.6328305734375 0.5250340953125 0.6273729390625 0.36110749375 0.510929546875 0.14984991875 0.6492847671875001
0 0.132120646875 0.7352955125 0.31983980624999997 0.6180832390625 0.3361373671875 0.6169533 0.35350821875 0.6172009390625 0.490574278125 0.7110701578125 0.501647990625 0.7049893968750001 0.34056828906250003 0.5923251359374999 0.122954784375 0.7278460609375 0.132120646875 0.7352955125
0 0.76933144375 0.3776843484375 0.7616091140625 0.373038478125 0.5705988453125 0.49182489531250007 0.564374246875 0.4877075203125 0.5517657578125 0.4877861453125 0.3931605046875 0.35127904062500004 0.38770804375 0.35977427500000003 0.5554279734375 0.5095221171875 0.76933144375 0.3776843484375
0 0.5625572 0.4677203125 0.7775483515625 0.332012965625 0.7782828515625 0.3233537640625 0.768607175 0.3213115609375 0.5681547828125 0.440059075 0.5520895140625 0.43864347343750004 0.3993441390625 0.2943253078125 0.3929032859375 0.29891281875 0.3903419609375 0.3075713625 0.5625572 0.4677203125
0 0.7047362781250001 0.5856008953125 0.5274106453125 0.6933003171875 0.5158386046875 0.69347026875 0.3746774765625 0.5922063468750001 0.36473437343750004 0.6028299234375 0.519438128125 0.71202839375 0.7172424187499999 0.5934440796875 0.7047362781250001 0.5856008953125
0 0.541494521875 0.7155581 0.7133588343749999 0.6129289875 0.7234842578125 0.608269609375 0.7370153515625 0.6090653625 0.8225940968750001 0.69551806875 0.83260559375 0.6916417359375 0.728751725 0.590096290625 0.53807715 0.7090362 0.541494521875 0.7155581
0 0.5381624671874999 0.6843341953125 0.7036371 0.5823316984375 0.712726075 0.5775809781250001 0.7302322171875 0.579916621875 0.8217962171875 0.664914015625 0.8313465156250001 0.6606005078125 0.721552715625 0.5529800546875 0.5324503046875 0.6766930859375 0.5381624671874999 0.6843341953125
0 0.5703016640625 0.417735734375 0.7929734296875 0.2825027046875 0.7890214078125 0.272499309375 0.5867592234375001 0.392448534375 0.56912786875 0.39200899843750003 0.5606588218749999 0.38940598125000003 0.40896044062500003 0.23603919218749997 0.40207016093750003 0.2428590875 0.395077671875 0.25141420000000003 0.5703016640625 0.417735734375
0 0.7718921937500001 0.315923578125 0.78472909375 0.3189114859375 0.8784184359375 0.44191481093749996 0.8896820125 0.43882245624999994 0.786301846875 0.2911986515625 0.5688942828125 0.42456486718750003 0.570653984375 0.43559166562499996 0.7718921937500001 0.315923578125
0 0.559961375 0.5680837578125 0.5595845374999999 0.5704984140625 0.5622352 0.5759309046875 0.7404664921874999 0.46574744843750004 0.7528606124999999 0.46164063593750004 0.7712492765625 0.4636323078125 0.8658235703124999 0.5670319609375001 0.8770871093749999 0.563939571875 0.7641343015625 0.43144043749999994 0.559961375 0.5680837578125
0 0.7631475078125 0.4213269765625 0.7845014015625 0.4232085875 0.88021708125 0.5322790765625001 0.8926112015625 0.5281722656250001 0.78569011875 0.3913770390625 0.570158078125 0.5298993671875001 0.5731194734375 0.5382693390625 0.7631475078125 0.4213269765625
0 0.5727881499999999 0.4885117671875 0.7644321187500001 0.3705977109375 0.7779089156250001 0.3691857640625 0.7927457796875 0.37532070625 0.880003175 0.48847348281249997 0.892989284375 0.48367614843749995 0.7835241953125001 0.34071508437500003 0.572611996875 0.4795837640625 0.5727881499999999 0.4885117671875
0 0.520007696875 0.6390742281249999 0.5131622625000001 0.6404780171875 0.5142531453125 0.6491015234375 0.70588070625 0.530047378125 0.7165523984375 0.5297333562500001 0.7233654453125 0.5308354421875 0.815333996875 0.61997105 0.824034903125 0.6172255171875001 0.8252273375 0.61130965625 0.7175166515625 0.5071207249999999 0.528838103125 0.6263052203125 0.5261180765625 0.6335917140625 0.520007696875 0.6390742281249999
0 0.5406045109375001 0.602990375 0.6985274703125001 0.504014771875 0.7210490828125 0.49448736249999997 0.7386324984375 0.498636184375 0.83195333125 0.59375566875 0.8419208953125 0.5894350109375 0.7333095671875001 0.47440061875 0.5345424609375 0.596909834375 0.5406045109375001 0.602990375
0 0.8329625984375 0.9700995156250001 0.8510527343750001 0.96946779375 0.8897037265625001 0.9051174578125 0.8797565015625001 0.904240953125 0.8394984750000001 0.967210153125 0.8329625984375 0.9700995156250001
0 0.807692265625 0.9709819749999999 0.8300700187500001 0.9702005265625001 0.8234537968750001 0.9691056640625 0.697309884375 0.9268831437499999 0.70020435 0.9340876921874999 0.807692265625 0.9709819749999999