0 0.32723745625 0.312184040625 0.3150799421875 0.3042967578125 0.1919589671875 0.4797874375 0.1924426390625 0.4865391859375 0.1974214046875 0.48865377656250003 0.30467686875 0.341067578125 0.31385000625 0.3363148671875 0.3267040203125 0.33670925937499996 0.337606203125 0.344780121875 0.4480719609375 0.47417192343750003 0.460915996875 0.4808217234375 0.46328629218749995 0.47308410937499995 0.32723745625 0.312184040625
0 0.18482998125 0.44273778124999996 0.1899333734375 0.45031974531249996 0.2992642125 0.3009242453125 0.3079111203125 0.29226871875 0.3196700984375 0.2877063875 0.3295850515625 0.2947845328125 0.4556111546875 0.4446424203125 0.460214021875 0.4439693 0.46394741718750004 0.44001209374999994 0.3112758390625 0.25709570937500004 0.18482998125 0.44273778124999996
0 0.307514278125 0.20704574843749998 0.22303502812499998 0.3336764578125 0.1743108671875 0.409026628125 0.1809960171875 0.4143029203125 0.1812215453125 0.4159755578125 0.29996514531249996 0.24283066718750002 0.31069431718749996 0.24012455312499997 0.320158215625 0.24385742187499998 0.46129360625000004 0.41083608906249997 0.4666581734375 0.40948304999999996 0.47001569062500004 0.4027381015625 0.3443754484375 0.249412559375 0.307514278125 0.20704574843749998
0 0.312657821875 0.1534193328125 0.1791636484375 0.346914621875 0.181861653125 0.35405383437500004 0.203302946875 0.3297395546875 0.291505653125 0.2054070515625 0.3048405828125 0.1903805375 0.3156449328125 0.1882319875 0.32776984531250003 0.192712784375 0.4643123109375 0.354109184375 0.46975205468750003 0.35331368125 0.4698797484375 0.344766909375 0.312657821875 0.1534193328125
0 0.304081775 0.374629328125 0.29966185625 0.379824009375 0.176701190625 0.550174384375 0.1827365875 0.5536474796874999 0.18444874375 0.5570009312499999 0.28842186718749996 0.41671721875 0.3017468578125 0.40794610468750003 0.31178950781250003 0.4064774765625 0.3223909828125 0.4123181359375 0.443222753125 0.5521333890625 0.44919870624999997 0.54898529375 0.45095760937499996 0.543042684375 0.304081775 0.374629328125
0 0.494167928125 0.574582975 0.6039728640625001 0.4240151046875 0.6145091093749999 0.42304285 0.6267092 0.4280812 0.7298358656249999 0.5568406703125001 0.73311820625 0.5495381859374999 0.6126496359375 0.3965933921875 0.6069843265625 0.3957162625 0.48767193906250006 0.5678072703125 0.494167928125 0.574582975
0 0.4798072390625 0.49656743125 0.589084096875 0.3534244875 0.59952254375 0.3422327921875 0.6165610078125 0.342015253125 0.724829484375 0.489921671875 0.7309557921875001 0.487888703125 0.730246571875 0.47946431875 0.6037567375 0.310343884375 0.47515347812500003 0.4894789859375 0.4798072390625 0.49656743125
0 0.47147113906250004 0.39254744375 0.47763402031249996 0.3997237234375 0.5837705828125 0.2538887796875 0.5985111953125 0.23979378750000002 0.610721228125 0.2385767484375 0.624134109375 0.24628043437499997 0.7295912234374999 0.39232383125000003 0.732873525 0.385021353125 0.60187591875 0.20462080624999998 0.5926602015625 0.2122224375 0.47147113906250004 0.39254744375
0 0.31884763125000004 0.25112746406249997 0.314963903125 0.2539695703125 0.31375615 0.2574917390625 0.45217296874999996 0.426639278125 0.4703943265625 0.4478532796875 0.6007139515625 0.26562450000000004 0.5998544203125 0.25608502187500004 0.5905408703125 0.25346724374999996 0.49325288437500003 0.3990272890625 0.47192496874999995 0.41806537343750005 0.4533730453125 0.41338737812500004 0.31884763125000004 0.25112746406249997
0 0.455554190625 0.5245022546875 0.3497991078125 0.3984013125 0.33402529062499997 0.38407629062500004 0.332770603125 0.392363446875 0.4501370640625 0.5349596125 0.4657073453125 0.5491702703125 0.5789061656250001 0.3950295296875 0.579945909375 0.3869179109375 0.5730252703125001 0.386224359375 0.528848740625 0.447833059375 0.46776421562500003 0.523285178125 0.455554190625 0.5245022546875
0 0.3223917453125 0.204626571875 0.3141080015625 0.20015257343749998 0.3116299359375 0.20392620468749997 0.3124682921875 0.20995160937500001 0.4622419046875 0.3905550078125 0.46968877343750004 0.3951513734375 0.5952225453125 0.2090741578125 0.5932580328125 0.200833346875 0.5862622187500001 0.19958225624999998 0.49972336093749997 0.3299253875 0.46727043437500004 0.3613926328125 0.45426606718749996 0.3598831421875 0.3223917453125 0.204626571875
0 0.3262799234375 0.1511837546875 0.32016357812499996 0.146961340625 0.3151748703125 0.151102125 0.317008515625 0.15815000937499998 0.431920021875 0.3017486921875 0.4605825671875 0.333943684375 0.57402679375 0.168964778125 0.5765147984375 0.1589357484375 0.571235309375 0.1545909546875 0.5648309593749999 0.1640556203125 0.46698414218749995 0.3023063640625 0.4528322546875 0.30494445468750003 0.3262799234375 0.1511837546875