0 0.2700959984375 0.5613264375 0.280648321875 0.5656068015625 0.285276775 0.565670025 0.34423664375 0.4335047125 0.3613246921875 0.428750128125 0.38139514375 0.434863603125 0.4858251578125 0.5050251015625 0.4889970578125 0.48694161874999997 0.350463534375 0.3892371 0.2700959984375 0.5613264375
0 0.33143179218749996 0.345494128125 0.3308747390625 0.3453287296875 0.2590701640625 0.5194478234375 0.26771528125 0.5328263843750001 0.272584434375 0.5258368140624999 0.329114803125 0.39935618281249996 0.33602178125000004 0.3841218046875 0.3571059578125 0.38392302031250003 0.4772288265625 0.4574618046875 0.48375434375 0.444047078125 0.4832218484375 0.43625381875 0.33143179218749996 0.345494128125
0 0.2380839140625 0.44056429843749995 0.24414855625 0.45001461875000004 0.2544295 0.4482084875 0.30696379375 0.3171720078125 0.318258515625 0.309053565625 0.3430982453125 0.32046339687500003 0.4578194703125 0.39319853125000004 0.45982661875 0.3718144359375 0.308387290625 0.2660958140625 0.2380839140625 0.44056429843749995
0 0.2923718046875 0.21662012968750002 0.22642576874999998 0.4031783375 0.23005069531250003 0.41393352187500004 0.240843671875 0.41116117812499997 0.2890105765625 0.2817682875 0.2967008375 0.27165413437499997 0.3042606078125 0.26068665 0.44097997031249997 0.3391966078125 0.4460999671875 0.32953399375000003 0.44774612031250005 0.3187290578125 0.2923718046875 0.21662012968750002
0 0.2718188265625 0.172881146875 0.2036930609375 0.3580984453125 0.21143447656249997 0.36988313125 0.2238838125 0.36068559218749996 0.271648778125 0.22435280624999998 0.28461013125 0.21418898125000002 0.3048008765625 0.2167760875 0.4237998828125 0.3045333265625 0.43032534062499994 0.291118609375 0.4277346578125 0.2828105890625 0.2718188265625 0.172881146875
0 0.188320309375 0.32662293125 0.25547227031249997 0.178997515625 0.2684336234375 0.168833690625 0.27832289375 0.1644674296875 0.41691101249999996 0.272443721875 0.42110689843750004 0.2524277109375 0.2531630234375 0.11565618124999999 0.18161314687500002 0.31728548437500004 0.188320309375 0.32662293125
0 0.249707015625 0.04129299375 0.178628371875 0.25033385468749997 0.19111864843749998 0.2586553359375 0.2528484828125 0.10146668437499999 0.2643941765625 0.09067525781249999 0.28497659531249997 0.0958224953125 0.406325575 0.1989404703125 0.4121086265625 0.19792451718749998 0.417599890625 0.18206255 0.4087039234375 0.171356990625 0.249707015625 0.04129299375
0 0.42752158125 0.252684959375 0.517583153125 0.060724464062500004 0.50804460625 0.0501317921875 0.43497903750000005 0.19791979843750002 0.42768045 0.21059407812500003 0.4118673015625 0.210743159375 0.2776283390625 0.100836021875 0.271121096875 0.1145380765625 0.42752158125 0.252684959375
0 0.49886345 0 0.41948600156250004 0.16997068906249999 0.4241451859375 0.18317315 0.433653053125 0.18062653125 0.5014577375 0.03726798125 0.5117182640625 0.026702289062500002 0.5269195703125 0.039805375 0.6310295359375 0.13806509375 0.63805680625 0.11930430781250001 0.5176547765625 0 0.49886345 0
0 0.4643340921875 0.38116988125 0.468993215625 0.3943723171875 0.477848290625 0.38755880625 0.5458347453125 0.2669524453125 0.55778225625 0.2631008984375 0.5798110796875 0.2820150484375 0.6477047546875 0.3419452125 0.6535978921875001 0.33302311093750003 0.5493369593749999 0.2251505125 0.4643340921875 0.38116988125
0 0.45616005 0.34930597343750003 0.5196587640625 0.23386958125 0.5331321359375 0.222739465625 0.55126464375 0.22481186250000001 0.6397918921875 0.31178809531249996 0.6438674328125 0.2952985015625 0.5309170953125 0.177343596875 0.445226321875 0.3468452515625 0.45616005 0.34930597343750003
0 0.44691093437499996 0.2974758234375 0.4542504703125 0.3023206015625 0.45900947812500004 0.3032371859375 0.5246765765625 0.18040935 0.5368647875 0.1695050078125 0.555399175 0.1785173109375 0.6420089515625 0.2702119765625 0.6486548140624999 0.2532708328125 0.53330856875 0.1282585171875 0.44691093437499996 0.2974758234375
0 0.5171246484375 0.1396730828125 0.5392124 0.1287822515625 0.6393160250000001 0.21810635 0.6432610015625 0.20076335156249997 0.5254557125 0.08865582968749999 0.44000158906250003 0.2566266703125 0.44735133437499996 0.265851228125 0.45763233750000004 0.2640450859375 0.5171246484375 0.1396730828125
0 0.78769625 0.3688265375 0.7978675265625 0.363681115625 0.8902719296875 0.405662678125 0.8920282546875 0.384083296875 0.7887723671875 0.337290984375 0.7283527921874999 0.487845140625 0.7352796609375 0.50006246875 0.78769625 0.3688265375
0 0.7082262421875 0.4499587546875 0.7154344625 0.44197532031250003 0.7557436171874999 0.330778675 0.7693521750000001 0.32055134218750003 0.8596013984375 0.35395535625 0.860716634375 0.339205709375 0.757514675 0.2915497859375 0.703441590625 0.44072364375 0.7082262421875 0.4499587546875
0 0.750393240625 0.2902964453125 0.7495592796875 0.28484534375 0.8513140390625 0.3218257015625 0.8527498203125001 0.30366118750000004 0.7463489828125 0.259905321875 0.6917169484375 0.4136759 0.696501603125 0.4229110109375 0.750393240625 0.2902964453125
0 0.683122165625 0.39055641875 0.6931396875 0.3899160671875 0.7435678171875 0.2511928484375 0.755214059375 0.24466875625 0.8456692718750001 0.29594891562500003 0.8481058031250001 0.284325703125 0.741822934375 0.222053515625 0.6830960140625 0.3793658453125 0.683122165625 0.39055641875
0 0.6718587078125 0.349993434375 0.7309961796875 0.21309873750000002 0.7423218796875 0.20998951093749998 0.8301606625 0.26620742656249996 0.83767630625 0.24921381875 0.7337010187499999 0.1756794421875 0.729886296875 0.177102078125 0.663456796875 0.339154790625 0.6718587078125 0.349993434375
0 0.8241540734375 0.23566753437500002 0.82991665 0.22589203124999999 0.7328078078125 0.13793011093750002 0.65254136875 0.299992209375 0.6596299953125 0.307510003125 0.730929115625 0.1740533015625 0.8241540734375 0.23566753437500002
0 0.723236421875 0.1280838921875 0.741348515625 0.1213967671875 0.8186808546875 0.20420548749999998 0.8272646124999999 0.19130547343749998 0.731146590625 0.088241728125 0.644828259375 0.2452632421875 0.6529511453125 0.25522831562500004 0.723236421875 0.1280838921875
0 0.722099921875 0.08183900625 0.7381537734375 0.0746371515625 0.8146131015625 0.168991340625 0.822705303125 0.1658170859375 0.729877284375 0.041115034375 0.6376578015625001 0.2027073625 0.641935521875 0.21772947812500001 0.722099921875 0.08183900625
0 0.5639868890625 0.360894190625 0.575090546875 0.3600096765625 0.66975038125 0.438268978125 0.6728401015625 0.42173367187500005 0.563149246875 0.324935221875 0.48401817031250005 0.47836112656249996 0.49435252343749997 0.48294261718750003 0.5639868890625 0.360894190625
0 0.49186381875 0.529785975 0.48980844218749997 0.5247105578125 0.353196721875 0.43760168281249995 0.338646365625 0.4595253921875 0.2755375375 0.600408671875 0.2897048109375 0.6060745515625 0.34350611875000003 0.49129065 0.34826918125 0.4822991359375 0.358667975 0.475035796875 0.3693785578125 0.47315418593749997 0.38030372031250004 0.4776907265625 0.4833138828125 0.5391029781250001 0.48798778593750003 0.5345442828125 0.49186381875 0.529785975
0 0.478633146875 0.6038041703125 0.49778611718750004 0.6102930796875 0.4669083625 0.5773223203125 0.37855558125 0.5180920328124999 0.321978096875 0.618073484375 0.3381380390625 0.623389296875 0.3478200609375 0.6080971296875 0.3414209640625 0.5997074296875 0.34905741875 0.604481940625 0.37238262187500004 0.563008275 0.380539665625 0.5561387640625 0.393639840625 0.55315779375 0.4057557671875 0.55544645625 0.478633146875 0.6038041703125
0 0.3587619828125 0.48254685 0.29730941718750004 0.6053325625 0.31100386874999997 0.613727809375 0.34880713750000003 0.5391536765625 0.3584429859375 0.5238174390625 0.37239005468749997 0.515682484375 0.38481745625 0.5171943671875 0.444768815625 0.5524246109375001 0.40158347968749997 0.5023109453125 0.3636391046875 0.48225852500000005 0.3587619828125 0.48254685
0 0.9032680640624999 0.47797480625000005 0.90367971875 0.4729133375 0.829961421875 0.4238935265625 0.8048411796874999 0.46900753437500003 0.7649878109375 0.5379793453125 0.773136603125 0.547313840625 0.8186616531249999 0.466317 0.8283005828125001 0.45438277187500004 0.8415826921875 0.4520494015625 0.9008719015625 0.4907373328125 0.90257944375 0.4799338875 0.8942177156250001 0.4782518140625 0.8947138421874999 0.47632655 0.9032680640624999 0.47797480625000005
0 0.7962279375 0.5561239609374999 0.8407167390625 0.4929024734375 0.849604375 0.488977834375 0.857460634375 0.4886480140625 0.8862921453125001 0.5143056078125 0.896622809375 0.501724684375 0.8506517234375 0.4596467125 0.7837064625 0.5543849015625 0.7962279375 0.5561239609374999