0 0.134898440625 0.0655219765625 0.08814861562500001 0.1376353859375 0.0255021046875 0.272344215625 0.029137487499999996 0.28132962031250003 0.0398463 0.2805848109375 0.127595440625 0.11822601875000001 0.145683384375 0.1065472359375 0.164529603125 0.10806336718750001 0.3465599890625 0.180912196875 0.3636261625 0.1751984859375 0.3741881109375 0.15885125 0.134898440625 0.0655219765625
0 0.35621934843749997 0.27750066875 0.28844201406250003 0.38581237968750004 0.289715309375 0.39309594375 0.30284495312500004 0.40029394687500003 0.3770090203125 0.2901338171875 0.409964453125 0.2749266578125 0.43847660624999996 0.2726849390625 0.5214131375 0.3130893859375 0.537004965625 0.2989420734375 0.41615385 0.24537721875 0.35621934843749997 0.27750066875
0 0.3077664625 0.4313986515625 0.309814571875 0.440161875 0.3235556234375 0.4449523609375 0.41503282343750003 0.321633790625 0.44171901562500004 0.32075699375 0.5276960578125001 0.36083910937499997 0.5377723578125 0.35352370624999996 0.5366413640625 0.3411492078125 0.4117738734375 0.2852769859375 0.3077664625 0.4313986515625
0 0.33136251250000004 0.465989934375 0.33918594375 0.47531225624999995 0.3504015078125 0.4745137265625 0.440915675 0.3634011953125 0.46371952343749995 0.360983721875 0.5565230359375 0.3987803546875 0.562649975 0.389540928125 0.556279784375 0.3796740953125 0.4400564546875 0.32600909218749996 0.33136251250000004 0.465989934375
0 0.3428726484375 0.5436406046875 0.3452934796875 0.5515834171875 0.3572462125 0.5550016859375 0.4576484625 0.45025945156249997 0.4855868484375 0.44768810625000005 0.5716602796875 0.49127405468749996 0.5838095046875 0.47514899843749997 0.467020675 0.415296746875 0.42265319218749997 0.4508457578125 0.3428726484375 0.5436406046875
0 0.4503933921875 0.37332904375 0.33444151718750004 0.5101748125000001 0.3384119765625 0.52107694375 0.350699790625 0.5264119421875 0.4397524453125 0.4217015453125 0.4544271578125 0.41116550781249994 0.47567310625000003 0.41164633906250003 0.55290133125 0.45187503281249997 0.5658381984374999 0.45206537343750003 0.5692386015625 0.43608689375000004 0.4503933921875 0.37332904375
0 0.3743132328125 0.5965323234375 0.3792008078125 0.60382318125 0.3923387203125 0.6051635578125001 0.4908479953125 0.5014029 0.5128770281249999 0.497505765625 0.5905743625000001 0.540417878125 0.6027364140625 0.5391285578125 0.6091690609375 0.528685375 0.49150902968750004 0.4638496328125 0.3743132328125 0.5965323234375
0 0.501422775 0.4998914 0.4910196703125 0.49943245000000003 0.384080115625 0.6169716625 0.385763775 0.6206976765625 0.39038328906249997 0.6264551515625 0.40325314062500006 0.626262146875 0.4948900296875 0.5333817390625 0.5142136296875 0.5317236609375 0.593058496875 0.5752950203125 0.606920753125 0.5660164640625001 0.6067949921875 0.5593921484375 0.501422775 0.4998914
0 0.5143898625000001 0.5504465734374999 0.4341273796875 0.6257222671875 0.40100483125 0.6635932343750001 0.40794878749999997 0.6737896906249999 0.417204359375 0.673589390625 0.5031246734375 0.58639085625 0.51823085 0.5812753765625 0.5415625515625 0.587782290625 0.6712046890625001 0.659156790625 0.6844472609375 0.6581433734375 0.6855443218749999 0.6467040234375 0.5143898625000001 0.5504465734374999
0 0.6392288265625 0.6504426578125 0.5346773390624999 0.58382680625 0.45805395000000004 0.6415369156249999 0.40495875000000003 0.6862106156250001 0.4037652984375 0.6941461343750001 0.410277790625 0.69892203125 0.4211206328125 0.6989439140625 0.520304621875 0.6197100718749999 0.539569475 0.6118110234375 0.5698451343750001 0.6285143953125 0.628666878125 0.6667898937500001 0.6430946296875 0.663698584375 0.6392288265625 0.6504426578125
0 0.5312107671875 0.6466662859375 0.3991594625 0.750468740625 0.4021540625 0.7587411765625001 0.41461355 0.762105725 0.51375989375 0.6856090234375001 0.5250507437499999 0.6793362125 0.5456559078125001 0.6791040734375 0.6151699203125001 0.7283500125 0.6228758625 0.7251903937499999 0.6300833234375001 0.716226871875 0.5312107671875 0.6466662859375
0 0.9570357156249999 0.732324590625 0.8461810515625 0.65622525 0.6981064515625001 0.768754459375 0.6972187078125 0.77548621875 0.7036641859375 0.779878771875 0.7166680671875 0.780452459375 0.8291322703124999 0.697468059375 0.8437610687499999 0.6955267859375 0.86770418125 0.6996261859375 0.938977140625 0.7471238546875 0.9550298078124999 0.7415175875 0.9570357156249999 0.732324590625
0 1 0.6521844953125 0.9948228421875 0.644371984375 0.8255990046875 0.5443958171875 0.6780228859374999 0.6627289296875001 0.6809421984374999 0.676475646875 0.6887656296875 0.6857979671875001 0.8112473859374999 0.58925719375 0.8516535296875001 0.584192771875 0.9954305421875 0.66851545625 1 0.6588362484375 1 0.6521844953125
0 0.6874005046875 0.695703934375 0.6898130640625 0.7095043703125 0.705179034375 0.7117798984375 0.8331891515625 0.6232429515625 0.8695623781249999 0.6275864140625 0.943264440625 0.6771692703125 0.9557028265625 0.6715557078125001 0.9588562671874999 0.6630219578125 0.84215926875 0.585980175 0.6874005046875 0.695703934375
0 0.6838304421875 0.5926131796874999 0.6876668703125 0.6027486203125 0.7060733531250001 0.60470181875 0.8311641578125 0.5024181546875 0.8544077421875 0.49956361562499996 0.93297628125 0.5474592203124999 0.948656225 0.5426733640625 0.952994846875 0.5320617203125 0.8350373828125001 0.46257210937500004 0.6838304421875 0.5926131796874999
0 0.9609109531250001 0.5714388609375 0.8429241171875 0.4988287640625 0.689773725 0.6177528171875 0.6885132609375 0.6253049875000001 0.698066265625 0.6297585578125 0.7158025921875 0.6278783 0.8086292203125 0.553613359375 0.8310475171875 0.5371805625 0.8560124046875 0.5353148937500001 0.9403562624999999 0.5837695953125001 0.9547840125 0.5806782859374999 0.9609109531250001 0.5714388609375
0 0.8171909890625001 0.3988684515625 0.6558572781249999 0.52412633125 0.6585085265624999 0.5363396640625 0.6710350296875001 0.5400875562499999 0.7804293484375 0.4543050015625 0.804702978125 0.43962776718749996 0.8434759359375 0.442935928125 0.92156709375 0.494005740625 0.9349519671875001 0.4879013875 0.9369285015625 0.4755879046875 0.8171909890625001 0.3988684515625
0 0.9297578375000001 0.434569940625 0.8237779203125 0.35092572187500004 0.6446491375 0.4718228875 0.64601881875 0.48261028125000005 0.6508017374999999 0.492254934375 0.6598856328125 0.49402508593750005 0.8135179656249999 0.3926201875 0.8423275515625 0.3950323328125 0.875321475 0.424332384375 0.9169301890625 0.45271916718750005 0.930151659375 0.4427276390625 0.9297578375000001 0.434569940625
0 0.8284370921875001 0.2329063765625 0.6780206609375 0.3054675078125 0.6761194125000001 0.31230671249999997 0.6788083046875 0.3217829046875 0.6882942953125 0.325853128125 0.8590561015624999 0.24566885 0.8851519812499999 0.256177678125 0.9337009390625 0.32131190468750004 0.9554995546875 0.3131442484375 0.8821693640625 0.21549663125000001 0.8284370921875001 0.2329063765625
0 0.6700603359375 0.3691738296875 0.6789936578125 0.3818925390625 0.8441224453125 0.2960582296875 0.879013059375 0.2978257171875 0.9401472640625 0.37294880468749997 0.9581599234375 0.36674430468749997 0.9611793343749999 0.3574438640625 0.8734966828124999 0.2574132765625 0.6729833609375 0.3563695578125 0.6700603359375 0.3691738296875
0 0.664867903125 0.410331078125 0.6663045999999999 0.42150181875000003 0.67277945 0.42901485624999997 0.686156053125 0.4287681296875 0.8231077640625 0.34709226875 0.8640206593749999 0.341974125 0.9392851796875 0.4093520375 0.9614565171875 0.40036396874999997 0.9092179921874999 0.340696728125 0.8569170093749999 0.3013395046875 0.664867903125 0.410331078125
0 0.45858346875 1 0.3621527140625 0.9218743406250001 0.2497309328125 1 0.31712980625 1 0.3468641640625 0.9814552859375001 0.375947325 0.9809896890625 0.398405759375 1 0.45858346875 1