0 0.52411695625 0.7734182609375 0.533676825 0.772058528125 0.5370381562500001 0.75580045 0.3967565984375 0.5945106640625 0.2563526765625 0.775356028125 0.25878263281249997 0.787261303125 0.26383537343749996 0.791785809375 0.27416321718750003 0.7935938171875 0.376193909375 0.6615635546874999 0.3883765640625 0.6528230515625 0.3991366421875 0.651393434375 0.41486551250000003 0.6528869625 0.5146535296875 0.7651350078125 0.52411695625 0.7734182609375
0 0.24993971250000002 0.7219205359374999 0.2572125390625 0.7343469734375 0.26768200468750003 0.7375173203125 0.3808053640625 0.6002581390625 0.3950402046875 0.5962168484375 0.41261139062499996 0.5984062140625 0.5263994453125 0.725098315625 0.5351493125 0.7197701453125 0.537478275 0.7067846734375001 0.4016198421875 0.538009271875 0.38900500781249997 0.549987415625 0.24993971250000002 0.7219205359374999
0 0.25215579374999997 0.6608522390625 0.24614214375 0.6724460453125001 0.255257340625 0.685568278125 0.264343 0.68664550625 0.3660673828125 0.5602549296875 0.3824632890625 0.5400254484375 0.397340234375 0.5367498765625001 0.40882631406250003 0.537687340625 0.5254765640625 0.6730470953125 0.5340585296875 0.6645162046875 0.5369456515625 0.650695128125 0.3959925046875 0.4765945421875 0.25215579374999997 0.6608522390625
0 0.40124600781249997 0.416054846875 0.24682960937499998 0.5937004953125 0.24454256718749998 0.60748666875 0.25117334062499996 0.6191473484375 0.26094308125 0.6217909578125 0.376134271875 0.4881913125 0.38699079375 0.477118671875 0.398741209375 0.47161579218750005 0.415838240625 0.47624211718750004 0.5272008406250001 0.6255627578125 0.530201446875 0.62538804375 0.5353926 0.6210701859375 0.5415446125 0.6006340578125 0.40124600781249997 0.416054846875
0 0.254248734375 0.5515064171875 0.25787895625 0.5633418078125 0.2649244484375 0.5643094515625 0.3894116421875 0.41995636562499994 0.3999198765625 0.413722709375 0.412173984375 0.41782791093749994 0.527863321875 0.569305975 0.535971134375 0.563212046875 0.53645778125 0.5495307390625 0.4026640265625 0.3742101671875 0.25983014843749996 0.5431502390625 0.254248734375 0.5515064171875
0 0.25852894531250004 0.5183293734375 0.26213625937499996 0.5283533734375 0.394946475 0.37626575624999997 0.405748528125 0.3756368 0.41427608437499996 0.37754963125 0.5291010078125 0.5355029765625 0.5366506078125 0.5302446921875 0.537095334375 0.5157626828125 0.4047661296875 0.33393190625 0.26184830312499996 0.5012706359375 0.25852894531250004 0.5183293734375
0 0.398311190625 0.279695753125 0.26160433906249997 0.45068844218750004 0.2523678296875 0.46969795625 0.256430228125 0.4782956890625 0.266674125 0.47850237343749996 0.3809294453125 0.33853226875 0.3886174609375 0.3244316390625 0.40302019843750003 0.32359303125 0.413041784375 0.3310407 0.524614309375 0.48436467812500006 0.5340481984375 0.4806029265625 0.5352609015625001 0.4692886609375 0.40653238125 0.28724824843749996 0.398311190625 0.279695753125
0 0.256606065625 0.43572025156249994 0.26738528906250003 0.43895563906249996 0.3857507703125 0.2812302125 0.39994363593750004 0.27638824375 0.4130077484375 0.28446186406249996 0.533023825 0.4380973359375 0.539415190625 0.43370963125 0.5413539468749999 0.4247624421875 0.3977189953125 0.2339525390625 0.2591449 0.426738121875 0.256606065625 0.43572025156249994
0 0.48119739375000004 0 0.3933019296875 0.126828125 0.40506939218750004 0.1446146328125 0.4103864703125 0.14269883125 0.48604164531249994 0.0242510640625 0.49872799062500006 0.0251186421875 0.5085396515625 0.0285629515625 0.5289481 0.06190869375 0.5844910390625 0.14541135624999998 0.596367378125 0.1423104953125 0.5944536046875 0.12876891875000002 0.510974640625 0 0.48119739375000004 0
0 0.38044768906250004 0.12275786562499999 0.2931923625 0.0084464125 0.2422831015625 0.0118119484375 0.1734208046875 0.1235684765625 0.1824939984375 0.1358900515625 0.19196991875 0.1329289578125 0.258401021875 0.0222463609375 0.2782047859375 0.021093273437499997 0.2899007359375 0.026034078125 0.37100130625 0.13776400312499998 0.3794448578125 0.13807547656250002 0.3843421921875 0.1281529171875 0.38044768906250004 0.12275786562499999
0 0.9163827109374999 0.8991069890625001 0.9041955046875 0.8733137203125001 0.78629976875 0.7061165375 0.6048815421875 0.9164412296875 0.6065730046875 0.9372237718750001 0.6212275890625001 0.9411892046875 0.628303034375 0.9383678812499999 0.77091455 0.7766688312500001 0.7868238078124999 0.7701206593750001 0.8065186953125 0.7898549781249999 0.8977247437500001 0.9106338765625 0.9115273484375 0.9098302109375 0.9163827109374999 0.8991069890625001
0 0.924372484375 0.8448329250000001 0.9210066546875 0.8265571890625001 0.796185075 0.638667465625 0.6081792984375001 0.8415592937499999 0.6087125015625 0.8632124187500001 0.6174499 0.86912859375 0.6255032468749999 0.8734783875 0.6548078609375 0.8468754796875 0.767250346875 0.7182545859375 0.788824915625 0.7049516328125 0.8122589 0.715633934375 0.906146753125 0.853122184375 0.9197394859375001 0.8483151421875 0.924372484375 0.8448329250000001
0 0.80946244375 0.5704325171875 0.6133489109375 0.7794182375 0.613239978125 0.80030564375 0.6185865921875 0.81043485 0.6211549078124999 0.813497765625 0.7768850031250001 0.6494286328125 0.796617309375 0.6354298218750001 0.814830603125 0.6383849234375 0.9215057953124999 0.8016314984375 0.9364371515625001 0.7879122078125 0.934607325 0.7759719890625 0.80946244375 0.5704325171875
0 0.8242043609374999 0.49568734374999995 0.6712104812499999 0.6660221109375 0.6235712046875 0.7218016875 0.6184095890625 0.7381645875 0.6284730953125 0.7464129359375 0.7781476171875 0.5931368906250001 0.8014090968750001 0.5660827234375 0.8170121 0.5651742296875 0.8309826015624999 0.5675732453125 0.9335284312500001 0.7439101234375001 0.9452369296875001 0.7376065781250001 0.9521988890624999 0.721138853125 0.840940615625 0.5163970359375 0.8242043609374999 0.49568734374999995
0 0.9524002046875 0.6216382328125001 0.9554552218750001 0.6110198015625 0.853013715625 0.3792617671875 0.6488075375 0.581687890625 0.64981224375 0.602313175 0.6589398765625 0.604191065625 0.8259042593749999 0.436255334375 0.8387709937500001 0.429081228125 0.8490988359375 0.43088923437500004 0.856636 0.43687531249999995 0.9363230484375 0.6249836859375 0.9430502625000001 0.62700134375 0.9524002046875 0.6216382328125001
0 0.8340304546875 0.43051310000000004 0.8081586281250001 0.45370367343750007 0.741680996875 0.52905181875 0.643137603125 0.6458272390625 0.64633554375 0.6622990546875 0.6513882828125 0.6668235625000001 0.8033622859375 0.4885169796875 0.81970378125 0.4787312015625 0.8313997328125 0.483672025 0.9395145406250001 0.6628971015625 0.944621746875 0.6569779203125 0.9468667609375 0.642391090625 0.8340304546875 0.43051310000000004
0 0.8226046609375001 0.2470093984375 0.634324084375 0.4260180359375 0.6353374328125 0.441023921875 0.64407480625 0.44694013593750004 0.7912943890624999 0.3042475609375 0.805835540625 0.2945665890625 0.8231424421875 0.3031962921875 0.905955965625 0.4935319625 0.9113150187500001 0.49241682343750004 0.9144120109375 0.48259908749999997 0.8226046609375001 0.2470093984375