0 0.3578471890625 0.2948349078125 0.385597184375 0.30939992968749996 0.5035348875000001 0.4363240390625 0.5267110578125 0.434314278125 0.5298974656250001 0.42175892187499997 0.3689471625 0.25530117343750003 0.17469694062500002 0.374942675 0.1885720015625 0.3936691734375 0.32870965 0.3052385015625 0.3578471890625 0.2948349078125
0 0.38094057812500004 0.2438571859375 0.514140759375 0.39887099375 0.5316520625 0.39503329374999996 0.5346166640625001 0.385398334375 0.385368034375 0.206637521875 0.17836534531249998 0.328126428125 0.18946531875 0.3385300703125 0.3629031390625 0.2511397453125 0.38094057812500004 0.2438571859375
0 0.4050222953125 0.20224276093750002 0.524347415625 0.3562161765625 0.5454868734375 0.35056425468749997 0.5479349046875 0.3406107609375 0.40363475156249995 0.158547596875 0.18579691250000002 0.27610840937500003 0.2024469359375 0.2885927421875 0.381434678125 0.19912167812499998 0.4050222953125 0.20224276093750002
0 0.430890646875 0.145692690625 0.5316520625 0.29386623125 0.5529908546875 0.31631191406250003 0.571028421875 0.31111009375 0.5672272921875 0.29534853125 0.535604865625 0.24754431562499998 0.48323022031249996 0.17194695 0.45654879687500005 0.132665965625 0.44814908906250006 0.118584103125 0.4295032296875 0.11136077656250001 0.20195283593750002 0.22163902812499997 0.21444035156250002 0.22684085 0.4086907015625 0.1436119515625 0.430890646875 0.145692690625
0 0.4438722640625 0.10236810156250001 0.560422421875 0.2792294921875 0.5770724453125 0.27090658749999996 0.458731790625 0.0692261703125 0.21770954062499998 0.1668705015625 0.2274219703125 0.179354834375 0.4147347234375 0.10340844687499999 0.4438722640625 0.10236810156250001
0 0.2927436390625 0.1281538671875 0.3480257 0.1060096328125 0.45796161562500004 0.062192318749999996 0.48246161875000004 0.0744423203125 0.5765753734375 0.23932264062500003 0.5911411249999999 0.24217311718749998 0.60244881875 0.22992311562499998 0.5823462515625 0.1889327234375 0.5320898328125 0.09752886250000001 0.48183105781249996 0.0225294234375 0.22831244218750002 0.12800404375000002 0.235249909375 0.1384076375 0.24751286249999999 0.147000025 0.2927436390625 0.1281538671875
0 0.268601721875 0.93285683125 0.2827185734375 0.9297091546875 0.3368967609375 0.88821705625 0.3853543765625 0.850118975 0.40709948437500004 0.842432671875 0.434570115625 0.8484418734375 0.5475049296875001 0.9162599921875 0.575357096875 0.9334291359375 0.5967231421875 0.9291368500000001 0.6009200453125 0.9222691921875 0.5990295828125001 0.9146213281250001 0.456699234375 0.8298419671874999 0.41892711718750003 0.8066636218750001 0.40158067500000005 0.799536271875 0.2502879671875 0.9151153828125 0.24990643124999998 0.9216968874999999 0.2541033328125 0.9259891734375 0.268601721875 0.93285683125
0 0.2896026125 0.8716347609374999 0.38193187812499996 0.8037738828125001 0.40829432812500005 0.7944106343749999 0.5182693171875 0.8650386062500001 0.5609872734375 0.89048091875 0.5734071375 0.8932449 0.5886283031249999 0.8876539953125 0.5914445765624999 0.87555879375 0.434718021875 0.7722212828125 0.415243659375 0.7576155109375 0.40330775937499996 0.754317434375 0.39191073125 0.757847125 0.23624417968750003 0.8765991874999999 0.24688465625 0.8857693796874999 0.25944876093749997 0.8914232265625 0.2896026125 0.8716347609374999
0 0.2640232828125 0.8412880625 0.2777585984375 0.8324173390625 0.29721696249999996 0.8163928031250001 0.379628853125 0.756014646875 0.394890315625 0.75258081875 0.4013764359375 0.752294665625 0.429610140625 0.761165390625 0.4521207953125 0.776903771875 0.5642925375 0.8501587875000001 0.5761201703125 0.8484418734375 0.5856585828124999 0.8447218921875 0.59367085 0.8384265390625 0.5840100390625 0.8303520843750001 0.39419009531250004 0.70740820625 0.2274219703125 0.8324328703124999 0.2369341890625 0.8421465203125 0.2552479421875 0.8464388062499999 0.2640232828125 0.8412880625
0 0.2293034578125 0.8029436406249999 0.246091065625 0.8049467078125 0.3693286984375 0.710814846875 0.39374570468750003 0.7047933671875 0.4078625578125 0.7087995 0.4204532625 0.71538100625 0.556641453125 0.8044473390625001 0.5650556109375 0.805805165625 0.5761201703125 0.8038020984375001 0.582606290625 0.7969344406250001 0.582606290625 0.7894944781250001 0.386243671875 0.657023559375 0.2254880921875 0.7786206875 0.216331215625 0.7877775640625 0.21327892343750002 0.7952175265625 0.2293034578125 0.8029436406249999
0 0.2583002359375 0.741420875 0.26364174687499997 0.7391316546875 0.2701278671875 0.7339809125000001 0.3772721734375 0.647248575 0.39253477812500004 0.6399660171875 0.4227424828125 0.650996715625 0.44830542968750003 0.6673074015625 0.5631975109375 0.7408810671875 0.5833693640625001 0.741420875 0.59138163125 0.7339809125000001 0.5881725453125 0.7190334859374999 0.39419009531250004 0.6027882 0.23435956406249997 0.725275653125 0.236171115625 0.7356978265625 0.24990643124999998 0.7388455031250001 0.2583002359375 0.741420875
0 0.381434678125 0.5642884453125 0.4341598359375 0.5861360265625 0.522959871875 0.6576521703125 0.53960989375 0.6441274921875 0.37337019374999997 0.5345509734375 0.2274219703125 0.6412751296875 0.2482344984375 0.6537594609374999 0.3564596453125 0.568449825 0.381434678125 0.5642884453125
0 0.37033470625 0.523714365625 0.49798483750000005 0.60902390625 0.520184909375 0.5882167171875 0.3650422328125 0.48302171562499996 0.1913469625 0.6235890234375 0.214934453125 0.6329522734374999 0.348134634375 0.5330776140625 0.37033470625 0.523714365625
0 0.3675597453125 0.47377703593750004 0.3939221953125 0.483140284375 0.54932245 0.5882167171875 0.567360015625 0.5663691359375 0.3671242234375 0.4221235046875 0.1719219796875 0.5746919921875 0.19828442968749999 0.5840552406249999 0.350909721875 0.47481733281249994 0.3675597453125 0.47377703593750004
0 0.37033470625 0.41655714687499995 0.5354473875 0.5372389953125001 0.5631975109375 0.5195528890625 0.35879626249999996 0.3643482765625 0.169146890625 0.5133107234375001 0.194121925 0.5257950546875 0.355072228125 0.41759749218750003 0.37033470625 0.41655714687499995
0 0.786645340625 0.7107169921875001 0.8205680046875001 0.7092052046874999 0.8590415234375 0.735806034375 0.9528207234374999 0.79622148125 0.9870862015625 0.8133542203124999 1 0.8083947437500001 0.9989331296874999 0.7856229859375 0.7924513656250001 0.656798259375 0.606270053125 0.7949862343749999 0.6077613578125 0.8142559437499999 0.6414256859374999 0.8174119734374999 0.786645340625 0.7107169921875001
0 0.617707653125 0.7508639031250001 0.6288645359375 0.750126990625 0.644415209375 0.7428516359375 0.7648398046875 0.6502523328125001 0.795503678125 0.644415209375 0.8199220171875 0.6515690203125 0.842432671875 0.6655904875 0.9671951203125 0.7468577703125 0.9805488984374999 0.747143921875 0.99466575 0.74227933125 1 0.7342670640625 0.9951650328125 0.728279409375 0.79146868125 0.597010678125 0.6052770453125 0.7314004921875 0.600156971875 0.7379870453125 0.6058800203125 0.746285465625 0.617707653125 0.7508639031250001
0 0.799908803125 0.5545390546875 0.9386590343749999 0.6512926296875 0.9622465234375 0.6450504640625 0.96363406875 0.6398486906249999 0.8001781781249999 0.5204975390625 0.6181460984375 0.6367276078125 0.6375710828125001 0.6471312499999999 0.7777088578125 0.5566197921875 0.799908803125 0.5545390546875
0 0.6307924593750001 0.6242156953125 0.777684025 0.52349005 0.787596084375 0.5180643 0.8093515578125 0.5160500875 0.8281123203125 0.5225112046875 0.8404648296874999 0.5328873125 0.9323675109374999 0.604037775 0.952131528125 0.593661665625 0.9615194359375 0.5810621046875 0.8577583453125 0.4943474796875 0.8052177953124999 0.4590135984375 0.585721690625 0.6096136234375 0.5930203406250001 0.6256464578125 0.6134716859375 0.6293804671875 0.6307924593750001 0.6242156953125
0 0.8082441375 0.8507148687500001 0.97890686875 0.94538770625 0.9955568921875001 0.9308226359375 0.8001781781249999 0.8109351671875 0.612606371875 0.9381051953125 0.63896895 0.9537106109375 0.7860441921875 0.8569570343749999 0.8082441375 0.8507148687500001
0 0.7965220562499999 0.3958564328125 0.836197871875 0.400815909375 0.9826538390625 0.525956478125 0.9998539234375 0.5167444734375 0.8234456124999999 0.338288690625 0.5772197484375 0.487265821875 0.592131490625 0.5036123421875 0.6077613578125 0.5148838796875 0.7965220562499999 0.3958564328125
0 1 0.8805866859375 0.816666803125 0.7665674359375 0.8053591093750001 0.7642116671875 0.7965642359375 0.7698655140625 0.6476795953125001 0.8777597625 0.6263206171875 0.894721303125 0.6250642078124999 0.9022597671874999 0.6344872859375 0.9083847671875 0.6514488265625 0.9107405375000001 0.7921668000000001 0.811327059375 0.8116411609374999 0.8089712890625 0.8279744984375 0.8108559046874999 0.9573847765625001 0.8881251484374999 0.9894232421875 0.9041443828125001 1 0.905086690625 1 0.8805866859375
0 0.6483078015625 0.8683366843749999 0.709243709375 0.8254616765625 0.7211796078125 0.8198078296875 0.7287180703125 0.8117982125 0.77646166875 0.7741058984375 0.7909103890625 0.767038590625 0.8141539828125 0.7642116671875 0.83048731875 0.76750974375 0.8474488593749999 0.778346284375 0.9906796531250001 0.861269375 1 0.861269375 0.9994745265624999 0.8306443703124999 0.807243725 0.7128558890625001 0.6652693421875 0.81556744375 0.6338590796875 0.837711678125 0.6175257453125 0.8532597578125 0.62192318125 0.8607982218749999 0.633230875 0.8673943765625 0.6483078015625 0.8683366843749999
0 1 0.3759808328125 0.8876539953125 0.23557696250000001 0.8769745062500001 0.23039426875000002 0.6696667781250001 0.338759671875 0.6407693375 0.3557212140625 0.6420257484375 0.36325967656249997 0.6533334421875 0.3722116015625 0.6658975468749999 0.3740962171875 0.8267180875 0.28740389375 0.8474488593749999 0.2808077390625 0.8719488640625 0.27986543125 0.8914232265625 0.2916442796875 0.9938206796875001 0.41744237812499996 1 0.41744237812499996 1 0.3759808328125
0 0.6841155 0.323682746875 0.848077065625 0.23934619375000002 0.871320659375 0.22992311562499998 0.8870257890625 0.2313365765625 0.9002181 0.23699042499999998 0.9115257937499999 0.248769271875 0.9982181156250001 0.369384678125 1 0.31425966875 0.9027309203125 0.1813942609375 0.7023334515624999 0.28222120156249997 0.6658975468749999 0.3024808203125 0.6646411375 0.30907697500000003 0.6715513953125 0.3180289 0.6841155 0.323682746875
0 1 0.21814426718750002 0.9360257984375 0.1262692515625 0.686000115625 0.25489427343750004 0.6866283203125 0.2624327359375 0.6922821671875 0.2685577375 0.7035898609375 0.272798121875 0.8769745062500001 0.18233656874999998 0.902102715625 0.174326953125 0.9222052828124999 0.1724423359375 0.9454488765625 0.1832788765625 1 0.2534808125 1 0.21814426718750002
0 0.607317846875 0.5718523249999999 0.6197107484375 0.571570728125 0.786076065625 0.45893250312499995 0.8067309015624999 0.4547085703125 0.8270101953125 0.4535821875 0.8454117765625 0.4718858984375 0.9817336953125 0.5814265734374999 1 0.5766394484374999 0.9975064796875 0.5473535109375 0.8241549812500001 0.397826265625 0.809508825 0.39557350156250004 0.6236152984375 0.5234178875 0.586379646875 0.551865703125 0.5847852984374999 0.5569277593749999 0.5915450625 0.5667836046875 0.607317846875 0.5718523249999999