0 0.1566193625 0.46143067968749996 0.1622747171875 0.45140344062500004 0.052212103125 0.344290834375 0.014649271875 0.41950024687500004 0.015167251562500001 0.43433325468749995 0.01677639375 0.4465453828125 0.0537220890625 0.373117725 0.0622780296875 0.37126919687500004 0.1566193625 0.46143067968749996
0 0.1529256140625 0.41451284531250004 0.0434371515625 0.30656229375 0.012770512500000001 0.36569963437499997 0.013776317187500001 0.3945021203125 0.0461386234375 0.3345367265625 0.056503346875000006 0.3318214671875 0.1464803984375 0.421259975 0.1529256140625 0.41451284531250004
0 0.153928040625 0.38645212500000004 0.038409187500000004 0.2695710703125 0.011196075 0.320613646875 0.012221303125000001 0.34997234375 0.04070908125 0.30167803437499996 0.05362935625 0.300552515625 0.141754484375 0.3900341484375 0.153928040625 0.38645212500000004
0 0.0662631078125 0.48540916562499997 0.0778056921875 0.4789765109375 0.1682888171875 0.56844684375 0.178091328125 0.5602935953125 0.06783142812500001 0.4523519359375 0.020676473437500002 0.5348812421875 0.0208404609375 0.556911103125 0.0662631078125 0.48540916562499997
0 0.065012546875 0.447071353125 0.0761240921875 0.4468125984375 0.16724939218749998 0.5345751484375 0.1743550875 0.528637246875 0.060502292187499994 0.41996365156250004 0.020543078125 0.5066555640625 0.0197697140625 0.5272893015625 0.065012546875 0.447071353125
0 0.024656987499999998 0.6360719125000001 0.07079201093750001 0.559270071875 0.077796615625 0.5481000671875 0.0952185203125 0.5468137953125 0.181255803125 0.6333057484375 0.18333968125 0.622690596875 0.0805149046875 0.5180979796875 0.026685990625 0.6118095046875001 0.024656987499999998 0.6360719125000001
0 0.0304441640625 0.7281418828125 0.0851714359375 0.6515802390625 0.09021445624999999 0.647060040625 0.09981847031249999 0.6477169578125 0.1954756953125 0.7414695453125 0.20150747343750003 0.7369263187499999 0.08939943125000001 0.6189013578125 0.028821064062500002 0.7075352484375 0.0304441640625 0.7281418828125
0 0.029628932812499998 0.6931920375 0.0843562015625 0.6166303765625 0.092886446875 0.6093873046875 0.10227605 0.6122505953124999 0.18350775156250002 0.7014961015625001 0.1892861546875 0.6921157140624999 0.09378843125 0.5825094625 0.027649709374999998 0.674306246875 0.029628932812499998 0.6931920375
0 0.185405921875 0.2652436234375 0.2488890546875 0.1635527078125 0.2622038921875 0.158716890625 0.272536709375 0.1617089359375 0.360046721875 0.26893513750000003 0.366247534375 0.2577996828125 0.262448584375 0.12638457812499998 0.180654015625 0.25531603125 0.185405921875 0.2652436234375
0 0.25178794375 0.1078833578125 0.2643715859375 0.1075903203125 0.349417396875 0.22327885468750003 0.35827489375 0.21660723437499999 0.255836896875 0.0741693671875 0.1726924078125 0.198300278125 0.1771393234375 0.209187778125 0.25178794375 0.1078833578125
0 0.171212765625 0.14998013906250002 0.17063951875 0.149858128125 0.17719151093750002 0.1639292484375 0.2512780625 0.07039633437500001 0.2580538578125 0.07023854375000001 0.2724277125 0.0763691515625 0.35270135156250004 0.19346185 0.3620427828125 0.1867789859375 0.26669543125 0.04094331875 0.171212765625 0.14998013906250002
0 0.176353809375 0.1109330875 0.2610776 0.0262039015625 0.2757324796875 0.028448753124999997 0.3516398078125 0.1546946109375 0.361600553125 0.1505834453125 0.27790268125 0.0051230265625 0.263765640625 0.0035126390624999997 0.1716488203125 0.09588356875000001 0.176353809375 0.1109330875
0 0.2689275203125 0.20381766093749998 0.2578530203125 0.214420040625 0.19329806875 0.3344064890625 0.2017675078125 0.34632576249999997 0.25608871875 0.24549472031250003 0.2633251296875 0.235628209375 0.2807824578125 0.2358681953125 0.3829682390625 0.3272358578125 0.3861974390625 0.31487654374999996 0.3724090328125 0.31067190624999996 0.3675119890625 0.3004414046875 0.2689275203125 0.20381766093749998
0 0.43572970624999996 0.5769905468750001 0.4400283703125 0.5665459296875001 0.331012115625 0.49279374374999996 0.27891041250000004 0.6174947953125 0.28581104062499996 0.6289716734375 0.33766554531250004 0.50880210625 0.43572970624999996 0.5769905468750001
0 0.31954218437500004 0.4865954875 0.32943528125 0.4811928640625 0.42570923125000004 0.5429576640625 0.429209028125 0.5357642874999999 0.3158369296875 0.46211353749999995 0.27248074375 0.5872574734375 0.279178503125 0.5948598921875 0.31954218437500004 0.4865954875
0 0.30899344218749997 0.4609798140625 0.322206828125 0.454206809375 0.41943830000000004 0.5250007625 0.42007846562499995 0.5094690703125 0.3095087734375 0.43381342968750003 0.2621702921875 0.5631061093749999 0.267797075 0.5718497578124999 0.30899344218749997 0.4609798140625
0 0.3019107171875 0.4275250609375 0.3134587203125 0.4259630546875 0.41780424062500005 0.5030566984375 0.4241065296875 0.493858484375 0.297833384375 0.39593987343750003 0.23972335312499998 0.544702584375 0.24935882343750002 0.5528831375000001 0.3019107171875 0.4275250609375
0 0.29327458906250004 0.3921668515625 0.305892021875 0.392519571875 0.3965168203125 0.46670004218749994 0.400815484375 0.4562554515625 0.2949269546875 0.36820665468749997 0.2334116984375 0.5009657796875 0.24086838593749998 0.5110562296875 0.29327458906250004 0.3921668515625
0 0.2924498203125 0.3579198375 0.30793735 0.357559178125 0.4060795875 0.4179873953125 0.411864034375 0.40815469687499994 0.291029175 0.330798509375 0.22953540625 0.46441686249999997 0.23430345625000001 0.4782359109375 0.2924498203125 0.3579198375
0 0.229193103125 0.4258571671875 0.2789555203125 0.32125310156250003 0.3001155953125 0.318174196875 0.3926191109375 0.38196643125 0.389556565625 0.36975360468749996 0.282171784375 0.2901446109375 0.22594844374999998 0.3916665203125 0.22198264843749999 0.4201023046875 0.229193103125 0.4258571671875
0 0.4337975296875 0.19674562499999998 0.4437583140625 0.1926344578125 0.5405863984375 0.28348036875 0.5447497593749999 0.2704527546875 0.438848296875 0.1636548375 0.3730830234375 0.2957859453125 0.37801393125 0.3066621765625 0.4337975296875 0.19674562499999998
0 0.42306673124999994 0.1491520765625 0.43168745468749997 0.13796028124999998 0.5269516750000001 0.23595444375 0.53014705 0.2229493984375 0.42726141249999994 0.108969375 0.3618786734375 0.23915197031250002 0.3690941953125 0.247388878125 0.42306673124999994 0.1491520765625
0 0.42616858906250005 0.0973572359375 0.44023802031250003 0.0976761171875 0.53045943125 0.1919085296875 0.5386976140625 0.1826652078125 0.43228877812500005 0.066181121875 0.360233553125 0.200537175 0.36523028125 0.21062647656250003 0.42616858906250005 0.0973572359375
0 0.4391530765625 0.0492114265625 0.450284759375 0.0489522015625 0.5298037859375 0.16089023125 0.536759171875 0.154909446875 0.4424369921875 0.019394428124999998 0.35793430625 0.1316741546875 0.3651680015625 0.14468158281250001 0.4391530765625 0.0492114265625
0 0.3956688015625 0.37543008125 0.40260325625000004 0.38755274375000004 0.45843114218750003 0.26923019843749996 0.47211803437500005 0.2714975953125 0.5489882953125 0.342119184375 0.5549418687500001 0.33551521093750003 0.4573253484375 0.2388689 0.398684625 0.368248003125 0.3956688015625 0.37543008125
0 0.3631030359375 0.6336370984374999 0.3762721296875 0.6352700328124999 0.45651982343749997 0.714864425 0.462405746875 0.7069689953125 0.36866117656249997 0.610232490625 0.28879613593750003 0.7343413015625 0.294701971875 0.74320098125 0.3631030359375 0.6336370984374999
0 0.3592962703125 0.6072179578125 0.370844275 0.6056559265625 0.4634622390625 0.690134575 0.466826775 0.6803581999999999 0.3607457234375 0.5793832515624999 0.28897561562499996 0.70031501875 0.294395 0.7095884421875 0.3592962703125 0.6072179578125
0 0.34802681875 0.5770932890625 0.3600249734375 0.5748743078125 0.44488621874999995 0.6407840593749999 0.4512561171875 0.6328773578125 0.348609759375 0.551218415625 0.2913299078125 0.6695747453124999 0.2941557140625 0.67726730625 0.34802681875 0.5770932890625
0 0.3415633234375 0.5462102359375 0.3480347359375 0.5402407484375 0.3875081890625 0.544493771875 0.36107895624999997 0.530238990625 0.33682243125 0.5204593156249999 0.2872421140625 0.64704130625 0.29155370937499997 0.6553458375 0.3415633234375 0.5462102359375
0 0.4665998390625 0.60076655 0.4731519421875 0.6106757968750001 0.5248513953125 0.5034873375 0.5351858703125 0.49922196406249997 0.6256010953125 0.56486605 0.6296992296874999 0.556721159375 0.5233423593750001 0.4746785671875 0.4672619046875 0.601082009375 0.4665998390625 0.60076655
0 0.5152028171875 0.47285574375 0.5260042890625 0.4679086953125 0.6144109531249999 0.5335996093750001 0.6201559343749999 0.5280994828125001 0.5139853921875 0.4400154828125 0.4567004984375 0.56783965625 0.46379493437499997 0.5760126999999999 0.5152028171875 0.47285574375
0 0.5017584515625 0.436946271875 0.5181537140625 0.43321054375 0.6157284953125 0.5107621015625 0.620760746875 0.5012538875 0.500751546875 0.408125821875 0.44072878437499996 0.5483767328125 0.44620647968749994 0.556969428125 0.5017584515625 0.436946271875
0 0.49558978124999997 0.40556288125 0.5069986609375 0.4026140296875 0.5920307015625 0.47106664531250003 0.5949491046875 0.4595953125 0.49666162812500003 0.3780355953125 0.433555853125 0.5170167421875 0.43832081250000005 0.5216012953125 0.49558978124999997 0.40556288125
0 0.484048653125 0.3675966890625 0.5039238625 0.363109125 0.547963821875 0.39763534375 0.5616620609375 0.399999521875 0.48498016718750003 0.337389528125 0.42614799843749995 0.47157565625000003 0.43076176093749996 0.4828715859375 0.484048653125 0.3675966890625
0 0.475158725 0.3322519546875 0.4856335328125 0.3306664359375 0.5761080875 0.407041771875 0.582109546875 0.3968401890625 0.4774913484375 0.2999997890625 0.41363516093749997 0.43217405937500003 0.42101868124999997 0.440838821875 0.475158725 0.3322519546875
0 0.5460870078125 0.5633637578124999 0.5580331562499999 0.5610731953125 0.6438589343750001 0.6254826125 0.648856090625 0.615304415625 0.5460493140625 0.533849953125 0.48830245000000005 0.65996135 0.4927758390625 0.6685773796875 0.5460870078125 0.5633637578124999
0 0.55871034375 0.6891779546875 0.56696606875 0.6836194156250001 0.6555750375 0.7915652718749999 0.6627913609375 0.7853601125 0.5706889875 0.658713553125 0.480576109375 0.7645930984375 0.48329146562499997 0.7754536 0.55871034375 0.6891779546875
0 0.4973705328125 0.727499775 0.5002213078125 0.7435323 0.56660166875 0.6574671624999999 0.580264815625 0.659161359375 0.6511800921875001 0.7460540234375 0.657718775 0.7365107281250001 0.57233319375 0.6325145234375 0.4976087546875 0.7270878 0.4973705328125 0.727499775
0 0.5623011890625 0.6233571125 0.578871878125 0.6229712296875001 0.6548679578125001 0.720478203125 0.663555578125 0.713567953125 0.570438125 0.5963360875 0.48272999531250005 0.7020917875 0.48866940625 0.7149574015625 0.5623011890625 0.6233571125
0 0.621717015625 0.0640378109375 0.63175988125 0.063803940625 0.693242303125 0.18177249374999999 0.7035767374999999 0.1775071203125 0.6313603890625 0.03698170625 0.5312537140625 0.13890144843750002 0.5352158296875 0.1499007046875 0.621717015625 0.0640378109375
0 0.5334018078125 0.1056709234375 0.5386229453125 0.118965109375 0.62817209375 0.0337020359375 0.6343381640625 0.036241617187500005 0.6975727171874999 0.15886485625 0.70309628125 0.158736228125 0.634826875 0.016777354687500003 0.5349702109375001 0.106231690625 0.5334018078125 0.1056709234375
0 0.5476099640625 0.3086773203125 0.5529226171875 0.31517308593750004 0.57179088125 0.281865103125 0.6175131484375 0.19493940468749998 0.6315029984375 0.193272078125 0.716267703125 0.275817459375 0.7206223515625 0.26297105468750004 0.6185850390625001 0.1674121328125 0.5661026640625 0.26925256875 0.5476099640625 0.3086773203125
0 0.615080896875 0.15810270625 0.6203938546875001 0.1539542421875 0.71214265 0.245057240625 0.7181441078125 0.2348556828125 0.6173081984375 0.12384064218749999 0.54280431875 0.2563793484375 0.5499990078125 0.268956746875 0.615080896875 0.15810270625
0 0.536460175 0.2216460625 0.6031186453124999 0.112096878125 0.61219234375 0.11255637656249999 0.6219678765625 0.126415275 0.6505224515625 0.153252634375 0.6208314546875 0.085523659375 0.6074598765625 0.0797979578125 0.5308812859375001 0.20950707500000001 0.536460175 0.2216460625
0 0.8189216890625 0.7740710625 0.8297933453124999 0.77046395 0.7373534921875 0.65657021875 0.6543995140625001 0.75420963125 0.6576041953125 0.7657534781249999 0.7372265765625 0.6733428859374999 0.8189216890625 0.7740710625
0 0.7323671953125 0.6573571359375 0.746181534375 0.6523399265625 0.819572409375 0.738504140625 0.8291239609375 0.7288906578125001 0.7418000046875 0.6262812046875 0.6619805234375 0.734124540625 0.6620047578125 0.7441858031249999 0.7323671953125 0.6573571359375
0 0.7353397671875 0.598929334375 0.7451720265625 0.594675640625 0.8318049203125 0.6744943734375 0.8368021171875 0.6643161765625 0.7334689328125 0.5728121609375 0.6635302640625 0.6965242859375 0.6657385765625 0.70988865625 0.7353397671875 0.598929334375
0 0.668110715625 0.6592814046875 0.716014415625 0.5468149953125 0.7222615328125 0.54130323125 0.734569434375 0.5363210734375 0.8186431265625 0.59607580625 0.8216668078125 0.5866143109374999 0.7209981546875001 0.51718425625 0.6637426468750001 0.6526752390625 0.668110715625 0.6592814046875
0 0.6899463015625 0.5098579078125 0.66113484375 0.6124886578125001 0.696884478125 0.5271368468750001 0.6977240859375 0.5143722984375 0.7024756265625001 0.4995043078125 0.7085823671875 0.49131264375 0.79109025 0.5403711828125 0.7976991203125 0.5321678249999999 0.707775209375 0.4759033265625 0.6949651328125 0.48089715 0.6899463015625 0.5098579078125
0 0.6921034984375 0.4742559046875 0.7050539078125 0.4719419546875 0.793155540625 0.5222118046875 0.7978260359375 0.5153951578125 0.6933157234375 0.449408534375 0.6422659140625 0.574379446875 0.6490808109375 0.5839255062500001 0.6921034984375 0.4742559046875
0 0.689987009375 0.44344893750000003 0.7014310265625 0.44117006875 0.7874079953125 0.4988680515625 0.7939817734375 0.4899947375 0.6876491796875001 0.41801341093750005 0.63696745 0.544631053125 0.6397480390625 0.55932364375 0.689987009375 0.44344893750000003
0 0.630285746875 0.522650625 0.63382498125 0.532630034375 0.684074809375 0.40736404843749996 0.6939773 0.40445027656250004 0.7697359359375 0.45903230156249997 0.7739393515625 0.45289732968749996 0.7031670546875 0.397528390625 0.67696120625 0.3867352484375 0.6718370546875 0.41368614375 0.630285746875 0.522650625
0 0.67467185 0.3814222765625 0.6824955875 0.37721536875 0.7692203453124999 0.4395914515625 0.7753270875 0.4313997875 0.6725203093750001 0.34994532500000003 0.617132990625 0.48270963437500003 0.6207073578125 0.4933589953125 0.67467185 0.3814222765625
0 0.6669967046874999 0.350073953125 0.6824227984375 0.3470315828125 0.7636590859375 0.410206275 0.77127221875 0.40197953125 0.6677419312499999 0.32590821875 0.6115959671875 0.4633857203125 0.6159640328125 0.46999185781249997 0.6669967046874999 0.350073953125
0 0.6563087296875 0.3187957921875 0.6666782578125 0.3152003875 0.7546178828125 0.3815729359375 0.760011928125 0.3693731265625 0.655266771875 0.289305375 0.59879410625 0.4301444140625 0.6056729109375001 0.43669211093750004 0.6563087296875 0.3187957921875
0 0.5817052203124999 0.382245596875 0.588654171875 0.3901332328125 0.6399325421875 0.2749051234375 0.650804196875 0.2712980125 0.7396319859375 0.345028546875 0.7468132171875 0.3381534328125 0.6404320703125 0.24604959375000002 0.5813542843749999 0.37554591406250004 0.5817052203124999 0.382245596875
0 0.6408259140625 0.66619675 0.6483338078124999 0.6559601140625 0.55705205 0.564175425 0.5386967546875 0.5880804359375 0.5285504296875 0.6077397859375 0.5432754078124999 0.5987064265625001 0.552500278125 0.59245451875 0.567564575 0.592103715625 0.6408259140625 0.66619675
0 0.7233883718749999 0.5435322125 0.7088172187499999 0.575544928125 0.7330828984375 0.565442465625 0.8156852078125001 0.6259022328125 0.8203557015625 0.619085571875 0.7233883718749999 0.5435322125
0 0.7304046921875 0.24502459999999998 0.7516112328125 0.11238546406250001 0.7617459625 0.094708971875 0.77179964375 0.08508382187499999 0.86391580625 0.10641627499999999 0.8669745843750001 0.0976247875 0.748757815625 0.067509115625 0.7254993984375 0.2377601453125 0.7304046921875 0.24502459999999998
0 0.7009619546875 0.210829240625 0.70697685 0.22008019843749999 0.72887183125 0.081387959375 0.7426267984375 0.0656395328125 0.8386548453125 0.0848685171875 0.8309229734375 0.071632828125 0.7247926875 0.041906440625 0.70333468125 0.21182676250000002 0.7009619546875 0.210829240625
0 0.7827029765625 0.3028361171875 0.76510895 0.3508717703125 0.768974890625 0.357489684375 0.7923030796874999 0.31334513125 0.800998959375 0.268199834375 0.8091926687500001 0.2230662015625 0.822083746875 0.2100210375 0.91659450625 0.2386764109375 0.926040775 0.227053034375 0.806036821875 0.19161263906249998 0.7827029765625 0.3028361171875
0 0.7667990671875 0.3159514171875 0.7890341484375 0.19335018125 0.7886589734375 0.17658920625000002 0.8036989531250001 0.1661771421875 0.905787790625 0.1859357890625 0.9076317453125 0.17314787812500002 0.78711484375 0.1471104828125 0.761777634375 0.31606835 0.7667990671875 0.3159514171875
0 0.766456384375 0.27101657343749996 0.7890505796875 0.11687995 0.7952976921875 0.11136813281249999 0.8320160890625001 0.15008960625 0.8415217687500001 0.14919741875 0.7908000671875001 0.0926908140625 0.7731899375 0.0924301046875 0.760406371875 0.2610956328125 0.766456384375 0.27101657343749996
0 1 0.6712936015625 0.9068528421875 0.597087903125 0.8361906625 0.726183203125 0.8384340671875 0.740217503125 0.9055353359374999 0.6199253546875 0.9102760203125 0.614448671875 0.9935208703124999 0.677576590625 1 0.6752234453125 1 0.6712936015625
0 0.9056890859375001 0.5895043125 0.911177553125 0.588705675 0.9886882828125 0.647942465625 0.99572909375 0.638387421875 0.907578946875 0.5679950500000001 0.8460363359375 0.688828525 0.8493299140625 0.6941181140625 0.9056890859375001 0.5895043125
0 1 0.6068374390625 0.898362275 0.536011853125 0.841854553125 0.676180909375 0.8430234671875001 0.6888986859374999 0.89832978125 0.56418569375 0.9051141218750001 0.5593321921875 1 0.62092821875 1 0.6068374390625
0 0.8938780656249999 0.53678705 0.900918921875 0.527232059375 0.984139496875 0.58029871875 0.99407708125 0.5780549578125 0.8942372609374999 0.5052516328125 0.84196805 0.6399557 0.8455181843749999 0.6405437984375 0.8938780656249999 0.53678705
0 0.8419303546875 0.6104418953125 0.8473378171875 0.6176946265625001 0.8816269296874999 0.523656575 0.8829336171875 0.5102103734375001 0.8899852906250001 0.4912641046875 0.9623801203125 0.539216578125 0.970133628125 0.5336697078125 0.88372475625 0.4773233265625 0.8776557125 0.5150288234375 0.8419303546875 0.6104418953125
0 0.880034246875 0.47405532656249993 0.896324228125 0.46830969375000003 0.9742075281250001 0.5154635562500001 0.98185579375 0.507906765625 0.8865595531249999 0.4450594875 0.8342289703124999 0.5735295421875 0.838949978125 0.5823381875 0.880034246875 0.47405532656249993
0 0.8828690437500001 0.4417914859375 0.8906225953125 0.43624464218750003 0.9766103796875001 0.484551346875 0.9833245328125001 0.47835790781250004 0.8842567390625 0.42029397343749997 0.832746171875 0.55028483125 0.83661215 0.5569026890625 0.8828690437500001 0.4417914859375
0 0.9854249625 0.4608684828125 0.9884486453125 0.45140704375 0.8837277265625 0.381400553125 0.836258609375 0.5213591265625 0.8846644859374999 0.4088810515625 0.8976148953124999 0.406567103125 0.9854249625 0.4608684828125
0 0.8335130312500001 0.5073365203125 0.8704155203124999 0.3864060984375 0.8771054375 0.3701513953125 0.9528748890625 0.41534208437500003 0.9636412640625001 0.40972505468750003 0.866652303125 0.35295429375 0.8611663953124999 0.38259674062500004 0.8291449640625 0.5007303546874999 0.8335130312500001 0.5073365203125
0 0.8655076265625 0.3502978078125 0.87383349375 0.34607919374999996 0.9560255312500001 0.389107975 0.96718875625 0.381469359375 0.8615580390625001 0.32288744375 0.8140647156249999 0.47353421406249996 0.8204898343749999 0.4794666828125 0.8655076265625 0.3502978078125
0 0.8517608734375001 0.3278111171875 0.865972059375 0.32077229687500003 0.9549484390625 0.35894759062500003 0.960050875 0.3507793140625 0.850859209375 0.3010005890625 0.8148191499999999 0.4490792375 0.8211296953125 0.45329104375 0.8517608734375001 0.3278111171875
0 0.845335646875 0.3011292171875 0.8524817828125 0.2935841203125 0.948920103125 0.33024410312499997 0.9529480875 0.320759234375 0.8428925359375 0.273683784375 0.806133903125 0.42574917343749996 0.8125096578125 0.432697353125 0.845335646875 0.3011292171875
0 0.826994284375 0.2749731359375 0.8408545328124999 0.2612346015625 0.93833225 0.2985411375 0.9424304250000001 0.290396246875 0.8272130656250001 0.24075784374999998 0.792356840625 0.39115538125 0.7998079625 0.39903129375 0.826994284375 0.2749731359375
0 0.118242453125 0.2852383515625 0.087398771875 0.26114771718749996 0.0156495515625 0.20643470000000003 0.00758725625 0.21727059999999998 0.009411725 0.26951651875 0.027460931249999997 0.2382984375 0.172881475 0.32794536875 0.18268695625 0.3215148171875 0.118242453125 0.2852383515625
0 0.673767446875 0.7143393921875 0.7346235078125 0.6273957328125 0.7399469015625 0.624129984375 0.7499319328125 0.624944728125 0.8140048375 0.6943174421875 0.8228771609375001 0.688874515625 0.74257003125 0.599283690625 0.6714211671875 0.709506778125 0.673767446875 0.7143393921875