0 0.28801029375 0.424855653125 0.307061559375 0.42933830312500004 0.44751794062499994 0.5354276984374999 0.45573613437500005 0.5165009515625 0.272694571875 0.371063846875 0.176691140625 0.5598332390625 0.17034071875 0.5852349265625 0.1826680078125 0.6006751671874999 0.26858547499999996 0.43332288124999996 0.28801029375 0.424855653125
0 0.25166347031249997 0.5199874578125 0.2606287703125 0.5085317953125 0.2789329265625 0.5045472171875 0.292380878125 0.511520228125 0.42237774375 0.5971886609375 0.43134304375 0.5902156484375001 0.4328372609375 0.584736853125 0.2636172046875 0.467191796875 0.2550254578125 0.46669372343750004 0.1743377484375 0.6240845640625 0.163990296875 0.6564592609375001 0.16462533906250001 0.6614399843750001 0.1806881703125 0.6634322734375 0.25166347031249997 0.5199874578125
0 0.19536884999999998 0.7112472125 0.28352764375 0.5922079375 0.29809625781250004 0.5792580593750001 0.313785534375 0.576767696875 0.3249921609375 0.5822464921875 0.3403078828125 0.5927060109375 0.43855264062500005 0.673891790625 0.453494809375 0.672397575 0.453494809375 0.6654245624999999 0.30332601718749996 0.5354276984374999 0.2689590296875 0.5817484203125 0.181173790625 0.7012857671875 0.182294453125 0.7072626343749999 0.1897655375 0.70776070625 0.19536884999999998 0.7112472125
0 0.7149827546874999 0.5932040828125 0.7063910078125 0.5937021546875 0.605904925 0.712741428125 0.592830528125 0.7142356453125001 0.47628161562500004 0.64948625 0.46768986874999996 0.6669187796875 0.6032900453125001 0.7366488984374999 0.7157298625 0.598682878125 0.7149827546874999 0.5932040828125
0 0.7807282953125 0.5857329984375 0.7979117890625 0.565312034375 0.81061263125 0.5573428781249999 0.823687028125 0.5573428781249999 0.8304110046875 0.5608293843750001 0.8920474484375 0.6425132375 0.9043747375000001 0.6420151656249999 0.908483834375 0.6325517921875 0.8229399203125001 0.5194893859375 0.6798686593750001 0.6783744421875 0.6806157671874999 0.6868416703125 0.6914488390625 0.6888339593749999 0.7807282953125 0.5857329984375
0 0.7571943796875 0.4806397484375 0.7710158859375 0.4651995078125 0.783716728125 0.45972071249999996 0.791934921875 0.460218784375 0.8005266671875001 0.4651995078125 0.88270859375 0.5428987828125 0.895782990625 0.537918059375 0.8998920874999999 0.5324392640625 0.785958053125 0.41838071250000003 0.65073143125 0.6006751671874999 0.65409341875 0.6061539609375 0.664926490625 0.60715010625 0.7571943796875 0.4806397484375
0 0.6496107671875 0.5468833609375 0.7153563078125 0.4502573390625 0.754205946875 0.3934770984375 0.77736630625 0.3865040875 0.7863316078125 0.3929790265625 0.8744904015625 0.486616615625 0.88158793125 0.48113782031249996 0.8842028109375001 0.46918408593749994 0.7687745593749999 0.3451640875 0.668288478125 0.49109926562500006 0.6346686 0.541404565625 0.636162815625 0.5468833609375 0.644381009375 0.5438949265625 0.6496107671875 0.5468833609375
0 0.6313066109375 0.48910697656249996 0.7325398015625 0.3406814375 0.7452406453125 0.329225775 0.7583150421875 0.3267354140625 0.7657861265625 0.3302219203125 0.8595482328124999 0.43133059218750003 0.8726226296874999 0.42336143593750003 0.870754859375 0.41090962812500004 0.7527117296875 0.2839011984375 0.6458752249999999 0.440793965625 0.6159908890625 0.48313010937499995 0.6148702265625 0.48910697656249996 0.6193528765625 0.4935896265625 0.6313066109375 0.48910697656249996
0 0.6115082390625 0.4457746875 0.7202125125000001 0.2769281859375 0.73179269375 0.2689590296875 0.7474819703125 0.26945710156249997 0.764291909375 0.2873877046875 0.84834160625 0.38102529218750003 0.858054015625 0.379531075 0.8640308828125001 0.37156191875 0.8644044375 0.3660831234375 0.73627534375 0.22064601874999998 0.6712769125 0.3147816796875 0.5954454078125 0.4397978203125 0.5976867328125001 0.44428047187499997 0.608893359375 0.44129203749999996 0.6115082390625 0.4457746875
0 0.587227215625 0.379033003125 0.5935776359375 0.371063846875 0.68846040625 0.209688428125 0.70302901875 0.197236621875 0.7194654046875 0.1952443328125 0.7276835968750001 0.20221734531250002 0.7754985359375001 0.25949565625000004 0.8259283546875 0.3152797515625 0.8356407640624999 0.3112951734375 0.8378820890625001 0.3038240890625 0.8348936546875001 0.2918703546875 0.7086323328125 0.1484255390625 0.5685495046875 0.371063846875 0.5700437218750001 0.38301758124999996 0.57863546875 0.3855079421875 0.587227215625 0.379033003125
0 0.23235071718750003 0 0.198357284375 0.0527956609375 0.197236621875 0.059270601562500004 0.20134571874999999 0.0617609625 0.23832758437499998 0.0069730125 0.24542511406249998 0.0114556625 0.28801029375 0.062259034375 0.2906251734375 0.054787949999999995 0.24542511406249998 0 0.23235071718750003 0
0 0.365336015625 0.3147816796875 0.5166254703125001 0.4348170984375 0.6458752249999999 0.2311055375 0.6440074546875 0.22214023593749999 0.6354157078125 0.22214023593749999 0.531194084375 0.38052722031249997 0.5169990234374999 0.3964655328125 0.500189084375 0.39696360468749997 0.36346824375 0.2873877046875 0.3559971609375 0.29087420937499997 0.3518880640625 0.30332601718749996 0.365336015625 0.3147816796875
0 0.6869661890625001 0.50653950625 0.5857329984375 0.634046009375 0.5719114921874999 0.641019021875 0.555101553125 0.637532515625 0.4538683625 0.5683004687500001 0.4426617359375 0.5633197453125 0.43743197812499995 0.57975613125 0.5752734796875 0.6689110687500001 0.69518438125 0.51799516875 0.69518438125 0.5100260125 0.6869661890625001 0.50653950625
0 0.7138620921875 0.40991348437499997 0.7086323328125 0.4084192671875 0.7019083562499999 0.4129019171875 0.592830528125 0.5498717937500001 0.58087679375 0.55684480625 0.5659346249999999 0.553856371875 0.5532337828125 0.5443929984375 0.46432788125 0.4806397484375 0.4508799296875 0.4766551703125 0.44004685625000006 0.4806397484375 0.43929974843749997 0.4886089046875 0.580129684375 0.587227215625 0.5890949859375 0.5822464921875 0.7119943203125 0.42336143593750003 0.7138620921875 0.40991348437499997
0 0.5648139624999999 0.548377578125 0.6182322140625 0.479643603125 0.69966703125 0.366581196875 0.6989199234375 0.3635927625 0.6880868515625 0.3531332453125 0.680989321875 0.3695696296875 0.6085198046875 0.4656975796875 0.574526371875 0.5110221562499999 0.5629461921875001 0.5189913125000001 0.556222215625 0.534431553125 0.55211311875 0.5324392640625 0.5461362515625 0.515006734375 0.44975926718750003 0.44428047187499997 0.42286336406249997 0.428342159375 0.41726005 0.42884023125 0.4120302921875 0.43929974843749997 0.415765834375 0.44726890468749997 0.5648139624999999 0.548377578125