0 0.265745909375 0.41913204843749996 0.2796995265625 0.409609121875 0.29365314374999996 0.4053238078125 0.3057039390625 0.4053238078125 0.32156032031250004 0.409609121875 0.4528509890625 0.5167419875 0.4674388234375 0.5262648921874999 0.4763184234375 0.52578873125 0.480758165625 0.5186465421875 0.38435150937499996 0.4391301796875 0.3006299234375 0.3762789109375 0.2923845953125 0.3791357875 0.10464530000000001 0.513885090625 0.097668490625 0.5234080171875 0.0983439546875 0.528440240625 0.110987834375 0.5324548046875 0.2067602453125 0.46150902499999996 0.265745909375 0.41913204843749996
0 0.270185709375 0.362946809375 0.2803338 0.3624706703125 0.2917503796875 0.3624706703125 0.3031669609375 0.3662798453125 0.4490454625 0.4896016453125 0.4585592796875 0.48626863125 0.46046204375000005 0.47865028125000003 0.296190121875 0.342472540625 0.28857906875 0.3339019125 0.28223656406250003 0.3343780515625 0.0900574375 0.46055674843750005 0.08498339218749999 0.4653182 0.0869233640625 0.474906221875 0.0970342453125 0.479126440625 0.26003761875000003 0.369136721875 0.270185709375 0.362946809375
0 0.2448155125 0.32342669687500003 0.26384314531249997 0.318665234375 0.27462550937499997 0.320093671875 0.28604209062499997 0.323902846875 0.4376288828125 0.451033821875 0.44587421093749996 0.44960538437500003 0.4452399359375 0.43865401875 0.28287077968749996 0.2967625265625 0.2720884734375 0.29104877500000004 0.2663801828125 0.29200106406250004 0.0653215140625 0.4200843265625 0.060275320312500005 0.42708250000000003 0.06278450625000001 0.4329402671875 0.072298321875 0.43532100468749996 0.2448155125 0.32342669687500003
0 0.2536951140625 0.2644424875 0.265745909375 0.259204896875 0.2784310375 0.2596810359375 0.2923845953125 0.2615856125 0.4376288828125 0.390621184375 0.443971446875 0.390621184375 0.4465084265625 0.38252669687499996 0.27652827343749997 0.23254071562499998 0.08498339218749999 0.35395793750000004 0.07864085781249999 0.362528565625 0.081177865625 0.369194615625 0.0906916828125 0.36871845625 0.2536951140625 0.2644424875
0 0.729474846875 0.21044269999999998 0.7440626796875 0.21520415312500002 0.751673734375 0.2261555171875 0.7630903140624999 0.37185620625000004 0.7681643296875 0.3751891984375 0.7770439312499999 0.3713800453125 0.7624560406249999 0.20139593437499997 0.7408914281250001 0.1994913359375 0.5449068031250001 0.198062896875 0.538036690625 0.2022396234375 0.538564240625 0.20853812343749997 0.5499808203125001 0.20996656093750002 0.729474846875 0.21044269999999998
0 0.6387764234375 0.2627608703125 0.6438504968750001 0.25085720624999996 0.6413134609375 0.24466731562500002 0.63433668125 0.2437150171875 0.626091353125 0.24895262968749998 0.4954349578125 0.3446579703125 0.472601796875 0.3489432828125 0.45547692656249994 0.34418183125 0.3127696484375 0.21562240781250003 0.3007188234375 0.2160985578125 0.302011153125 0.22222565625000001 0.46625923281250004 0.375607465625 0.47513877656250003 0.376083603125 0.6387764234375 0.2627608703125
0 0.608966484375 0.31106073125 0.6235543156250001 0.30772770625 0.6356051703125 0.30725155625 0.6463874765625001 0.314393746875 0.7345488640625 0.41247982343749995 0.7605532765625 0.43628712968750005 0.7681643296875 0.43628712968750005 0.7681643296875 0.42866877968750006 0.7649930765625 0.42485962656250004 0.636873659375 0.28582498749999996 0.6298968796875 0.287729575 0.47640732343750003 0.376768875 0.45618912500000003 0.39139315468749997 0.4567454171875 0.40105232031250004 0.46625923281250004 0.401528459375 0.608966484375 0.31106073125
0 0.2994503046875 0.296300203125 0.4618194328125 0.44200088125 0.63433668125 0.3243928109375 0.6375079343750001 0.3153460453125 0.63179964375 0.3105845921875 0.6254570796875 0.31248916875 0.4846525921875 0.41105138593749996 0.4675277234375 0.4153367 0.4465973265625 0.409622946875 0.406639296875 0.3772450140625 0.314383459375 0.2893216265625 0.3070613578125 0.28344426093749997 0.30008455 0.28344426093749997 0.296913296875 0.287729575 0.2994503046875 0.296300203125
0 0.597549903125 0.445543028125 0.613406284375 0.43506780312500004 0.6254570796875 0.4355439625 0.63623944375 0.43840083906249994 0.751673734375 0.53363001875 0.76118755 0.5383914937500001 0.768798603125 0.53458231875 0.7459654437500001 0.5136318875 0.6286283906250001 0.415069671875 0.6159432625 0.40745134375000003 0.4846525921875 0.5174410625 0.47006475937500003 0.5288685656250001 0.46951314687499995 0.5341505359375 0.46943048593750003 0.5417245296875 0.4783100875 0.542200646875 0.597549903125 0.445543028125
0 0.601989703125 0.40126145312499994 0.6172118109375 0.40126145312499994 0.6254570796875 0.4045944671875 0.74342840625 0.51315575 0.751673734375 0.5126796109375 0.7580162968749999 0.5098227343749999 0.6229201 0.3817394609375 0.6121377359375 0.377454146875 0.4675277234375 0.4803016765625 0.453333978125 0.49132332187500005 0.45991667031250005 0.503156684375 0.5962814140625 0.40554676718750005 0.601989703125 0.40126145312499994
0 0.47704153906249996 0.45506593281249996 0.60072115625 0.37316883437500004 0.6172118109375 0.36840738125 0.6286283906250001 0.372216534375 0.7370859015625 0.48553929062499995 0.7465997171875001 0.4903007421875 0.7573820234374999 0.48553929062499995 0.7478682078125 0.47458792499999997 0.621651553125 0.3465046515625 0.6140405 0.3488853890625 0.5962814140625 0.359836753125 0.4580925578125 0.446354746875 0.4535741640625 0.45363749531249997 0.4485000890625 0.46030354687499997 0.45484265312499994 0.465541159375 0.47704153906249996 0.45506593281249996
0 0.9993289109375001 0.5951275578125 0.869207821875 0.6458127874999999 0.8004645765625 0.5177174328125 0.7924854890625 0.5029726625000001 0.78512014375 0.5080411671875 0.861228678125 0.664243740625 0.9999427656250001 0.6080292593750001 0.9993289109375001 0.5951275578125