0 0.31191054218750003 0.2525651921875 0.3205881484375 0.2486722640625 0.42100234375 0.3547466390625 0.42598581874999997 0.33165825781249997 0.3132157703125 0.213011646875 0.233646821875 0.35957547343749996 0.24301385 0.3738082828125 0.31191054218750003 0.2525651921875
0 0.2390218859375 0.3034197875 0.2483146 0.31728568749999997 0.3228138015625 0.19139562968749999 0.3310073703125 0.1922688296875 0.42938211718749997 0.299660665625 0.436972471875 0.2848227671875 0.3241468265625 0.156620084375 0.24359677343750002 0.2980664078125 0.2390218859375 0.3034197875
0 0.3194576484375 0.31825909375 0.3317737921875 0.324005615625 0.42087963281249996 0.42162701093750005 0.430033378125 0.41160281093749995 0.3202867796875 0.28483679375 0.23712978593749998 0.41803270625 0.24029619531250002 0.434485959375 0.3194576484375 0.31825909375
0 0.301863896875 0.3492534578125 0.20810378749999997 0.48895298593750003 0.204895984375 0.4963665265625 0.2093549125 0.500805578125 0.219120515625 0.5030034578125 0.3008994109375 0.3866720421875 0.30503982343749997 0.3871625265625 0.39727275156249997 0.492961821875 0.4043827484375 0.49588613437499995 0.4126108265625 0.487801196875 0.301863896875 0.3492534578125
0 0.42261264374999996 0.5305985203125 0.31278224374999997 0.3971956390625 0.22163421875 0.52867950625 0.2204794078125 0.5333820359375 0.2216915484375 0.538533746875 0.2297157828125 0.5462087312499999 0.3091598453125 0.4349464796875 0.3159352375 0.4311630328125 0.3221516109375 0.4328841609375 0.41410960625 0.542224096875 0.42000974375 0.5403908421875 0.42261264374999996 0.5305985203125
0 0.3061619125 0.508512903125 0.201451603125 0.6455928390625 0.2018045078125 0.6554539921875 0.21393706093749998 0.6581010828125 0.29932941875 0.553283115625 0.30639123437500004 0.5479298421875 0.312921503125 0.552811228125 0.408181346875 0.6708986015625 0.41911551874999997 0.6707589578125 0.42200940468750003 0.6601851796875 0.3061619125 0.508512903125
0 0.3027467828125 0.5010087171875 0.3113598453125 0.5083032859375 0.4072131546875 0.6267985625 0.4195587109375 0.61526241875 0.3031154640625 0.4627880390625 0.195770175 0.6041419234375 0.207096246875 0.6205643296875001 0.3027467828125 0.5010087171875
0 0.5192710921875 0.1812847484375 0.5143915828125001 0.1711271203125 0.5098765484375 0.1718255703125 0.42869037812500005 0.3025175375 0.3286393875 0.19412354062499998 0.3232320703125 0.19681001874999998 0.322101621875 0.2096401234375 0.4294402921875 0.327846021875 0.5192710921875 0.1812847484375
0 0.42198595625 0.2546152890625 0.421540415625 0.26458544375000004 0.4282160796875 0.2727760734375 0.5163932499999999 0.1526926484375 0.5197077296875 0.15276979375 0.60984106875 0.2653523328125 0.6149540421874999 0.2638642953125 0.621225540625 0.254367953125 0.5170774781249999 0.11494288906250001 0.42198595625 0.2546152890625
0 0.42925353125 0.3475280515625 0.43538736250000004 0.3661518703125 0.5127195312499999 0.24621777812499998 0.51783021875 0.24432791874999998 0.5253770765625 0.2469141546875 0.6106590578125 0.35416089375 0.6160873640625 0.35509074531249996 0.619917965625 0.34031469062499997 0.518822715625 0.20779063281250001 0.42925353125 0.3475280515625
0 0.43510783281250004 0.40306416718750004 0.5252819921875 0.2637426078125 0.5201035640625 0.2539797828125 0.5134535640625 0.2502091375 0.43372725 0.37289984062500003 0.3321626359375 0.26326533125 0.3285912890625 0.27081568906250003 0.328334396875 0.2784432015625 0.3298690375 0.2833000671875 0.43510783281250004 0.40306416718750004
0 0.3380258046875 0.33893314218750004 0.3393292671875 0.35583749062500003 0.44059953749999997 0.4666704484375 0.5257144671875 0.338078728125 0.52325720625 0.32998628281250003 0.5175298796875001 0.329451225 0.441057215625 0.44177183906249995 0.4316837359375 0.43592899999999996 0.41989507187499997 0.4292264078125 0.3431504921875 0.33945419062500004 0.3380258046875 0.33893314218750004
0 0.52029759375 0.2873305796875 0.43640425625 0.4187630765625 0.4298103859375 0.424636040625 0.4316393203125 0.42829446718749997 0.43861631718750005 0.43649211093750007 0.516294209375 0.3241995640625 0.525329003125 0.3236063125 0.6117927875 0.42686293124999997 0.6186786390625 0.41938970312499996 0.62012673125 0.40937934218749994 0.52029759375 0.2873305796875
0 0.43900088281249994 0.494672634375 0.43905465 0.5039144109375 0.44330811875 0.510039884375 0.5233871921875 0.3961961328125 0.5300301546874999 0.39876131406250004 0.6112967828125 0.489040553125 0.6209552296874999 0.4920777078125 0.6242252703125 0.48452031875 0.5237911265624999 0.36205573125 0.43900088281249994 0.494672634375
0 0.526928953125 0.450415434375 0.42153265781249993 0.6142919734375 0.4200564875 0.6194805156250001 0.42431462968749994 0.6264095859375 0.43007000937499995 0.6317664765625 0.5280900484375 0.494636328125 0.5428801703125 0.4993999578125 0.6390374671875 0.6117209546875 0.6480652 0.6099222640625 0.65372005625 0.598001021875 0.526928953125 0.450415434375
0 0.43322809375000004 0.6567492265625 0.431516046875 0.673181634375 0.44239845000000005 0.6794613796875 0.5356769296875 0.5558808171875 0.5449802765625 0.5496691625000001 0.5573645671875 0.5551803109375 0.6571960953125 0.6776308906249999 0.665819659375 0.658145228125 0.5444218234375 0.5054622796875 0.43322809375000004 0.6567492265625
0 0.6578444609375 0.7066292234375 0.548861278125 0.5646810375 0.5413167328124999 0.5624966312499999 0.43367331093750006 0.7026168562499999 0.4315898234375 0.7069877578125 0.43372941562499995 0.7122604906250001 0.4403864046875 0.71723658125 0.5442342906250001 0.597919615625 0.5496789875 0.6016622171875 0.64314083125 0.7167328093750001 0.6485691390625 0.7176626765624999 0.6551910375000001 0.7166115109375 0.6578444609375 0.7066292234375
0 0.7301922624999999 0.199331559375 0.7214400796875 0.1866291578125 0.7134873109375001 0.1919990375 0.621784521875 0.3009640984375 0.5363836234375 0.1804702796875 0.5319134062499999 0.1877728578125 0.5309338343750001 0.1983970984375 0.6219596000000001 0.3310576265625 0.7301922624999999 0.199331559375
0 0.7967647453125 0.3054997328125 0.802677540625 0.30748900468749996 0.8081515546875 0.29372899375 0.72366830625 0.151962440625 0.6159483015625 0.27201850781250003 0.612991934375 0.2813170390625 0.6207052765625 0.29445818125 0.723501603125 0.1829738296875 0.7967647453125 0.3054997328125
0 0.8135286625000001 0.26330179062500003 0.728617409375 0.10763784218750001 0.6158121750000001 0.2290733578125 0.61477333125 0.2295121015625 0.6148298953125 0.2392346140625 0.621490928125 0.2504996140625 0.723964328125 0.14317395 0.728849053125 0.147453878125 0.7975988828125 0.269874740625 0.8045774531250001 0.2760550453125 0.8090611375 0.2710673546875 0.8135286625000001 0.26330179062500003
0 0.6223845953125 0.347757253125 0.6231600546875 0.358397525 0.628768775 0.3677864 0.7186899 0.2509102578125 0.7246107734375 0.254288484375 0.7988238437499999 0.36109739687500003 0.8054552453125 0.3672696390625 0.81092656875 0.3530466234375 0.7219596625 0.21626778125 0.6223845953125 0.347757253125
0 0.6244628624999999 0.40333056562499997 0.7246781109375 0.2658628984375 0.7207998796874999 0.2555885328125 0.7162919796875 0.2564094359375 0.624987509375 0.37417915 0.5340883390625 0.26327854375 0.53066504375 0.27153131406250003 0.530358278125 0.2784678921875 0.5321237953125 0.28360105468749996 0.6244628624999999 0.40333056562499997
0 0.627999284375 0.4145228203125 0.6398895140625 0.4296128140625 0.7211500375 0.3157755484375 0.7287637171875 0.3117865359375 0.81199805625 0.4178796328125 0.8216220562500001 0.40143870000000004 0.7282333890625 0.280296009375 0.6338447109375 0.4049376390625 0.627999284375 0.4145228203125
0 0.7216557703125 0.3383758703125 0.71189170625 0.3307419671875 0.63993764375 0.4332229859375 0.6243308203125 0.435637209375 0.6152960843749999 0.43403817499999997 0.5307188421875 0.3357834140625 0.5308319703125 0.35522845 0.621747315625 0.46890692968750003 0.7216557703125 0.3383758703125
0 0.6378925468750001 0.49937218593750005 0.645592421875 0.510198403125 0.7303624578125001 0.402923621875 0.7380003515625 0.4031013953125 0.8187721281250001 0.5035822046875 0.8235949015624999 0.49721361875000003 0.7357422015624999 0.3729594015625 0.638699778125 0.494919584375 0.6378925468750001 0.49937218593750005
0 0.642251671875 0.4612734890625 0.640489521875 0.46841733281250003 0.64817320625 0.4764657171875 0.7357071859375 0.3669406921875 0.7405703609375001 0.3675168078125 0.817905346875 0.4739354609375 0.8248300484375 0.4708562359375 0.8313726203125 0.46175022343750005 0.7389823343749999 0.3332241796875 0.642251671875 0.4612734890625
0 0.660549515625 0.6347708390625 0.6672105171875 0.6460358562499999 0.767913028125 0.532651090625 0.777286825 0.5328692687500001 0.864076440625 0.6533954203125 0.871943046875 0.6332103171875 0.7732281546875 0.4915754234375 0.6664219046875 0.6298155078125001 0.660549515625 0.6347708390625
0 0.661014903125 0.5954339640625 0.6652268390625 0.6034015609375001 0.7638112609375 0.4839496 0.7724933843749999 0.4846146015625 0.8627035734374999 0.596424996875 0.8744366296875 0.58449906875 0.7680811796875 0.44222343437499995 0.65983430625 0.5847302640625001 0.661014903125 0.5954339640625