0 0.044001060937499996 0.4238450359375 0.049029753125 0.4238450359375 0.052801271875 0.426191759375 0.06185291875 0.4375901296875 0.1694669421875 0.5763820468749999 0.17248415781249998 0.5763820468749999 0.1760042421875 0.5740353234375 0.1760042421875 0.5646484296875001 0.11616280000000001 0.484430725 0.0470182765625 0.38989130312500003 0.0414867140625 0.3912322890625 0.000754303125 0.458952015625 0 0.49089427187499995 0.038720934375 0.4268622515625 0.044001060937499996 0.4238450359375
0 0.0389723671875 0.38687408749999996 0.0465154078125 0.38419211875000003 0.0502869265625 0.385533103125 0.0570756625 0.3939142578125 0.1714784203125 0.5397463453125 0.1747470703125 0.538405359375 0.179021459375 0.5333766671875 0.179021459375 0.5270069890625 0.0462639734375 0.3499970078125 0.0417381484375 0.3499970078125 0 0.4180519828125 0.000251434375 0.45191184531250006 0.033440806249999996 0.3955904890625 0.0389723671875 0.38687408749999996
0 0.0412352796875 0.3486560234375 0.0482754484375 0.3486560234375 0.0533041421875 0.35435520781249996 0.1699698125 0.5065569734375 0.17374133125 0.507227465625 0.17801571875 0.5015282796875 0.177261415625 0.49147089531250004 0.0422410171875 0.3117789453125 0.038720934375 0.313455175 0.0005028703124999999 0.3768167015625 0 0.4150347671875 0.036458021875 0.349326515625 0.0412352796875 0.3486560234375
0 0.0389723671875 0.3054092671875 0.045761103125 0.3064150046875 0.054561315624999995 0.3144609140625 0.1692155078125 0.46331021562499997 0.1727355921875 0.46498644687499996 0.177261415625 0.4586167703125 0.17801571875 0.4482241390625 0.0402295421875 0.2688674328125 0.000754303125 0.3352461765625 0.000251434375 0.3761462109375 0.0321836328125 0.312114190625 0.0389723671875 0.3054092671875
0 0.20366205312500002 0.5960677015625 0.2084393109375 0.5977439328124999 0.305995946875 0.45526430781249994 0.31152750937499996 0.4482241390625 0.3198248515625 0.4465479078125 0.3261107171875 0.44990036875 0.3346594953125 0.458952015625 0.44679934218749995 0.597073440625 0.45132516562499997 0.597073440625 0.45434238125000004 0.5900332703125 0.45333664218749997 0.5843340859375 0.3158018984375 0.41034132031250004 0.2006448375 0.5819873624999999 0.1991362296875 0.5870160546875 0.1998905328125 0.5917095015625 0.20366205312500002 0.5960677015625
0 0.202404878125 0.564219315625 0.20617639843750002 0.5615373453125 0.3007158203125 0.4133585359375 0.304990209375 0.4086650890625 0.311024640625 0.4066536125 0.31705907187500004 0.40631836562499996 0.322590634375 0.41235279687500004 0.4405134765625 0.5474570062499999 0.445290734375 0.552150453125 0.44881081875 0.5511447140625 0.45132516562499997 0.5451102828125001 0.45132516562499997 0.53874060625 0.308007425 0.36843554843750004 0.1998905328125 0.541757821875 0.195867578125 0.5518152062499999 0.1961190140625 0.5565086531250001 0.19838192500000001 0.5612021 0.202404878125 0.564219315625
0 0.1905874515625 0.528012728125 0.19561614375 0.5283479734375 0.286886915625 0.3761462109375 0.29417852031249997 0.3657535796875 0.3014701234375 0.3640773484375 0.3064988171875 0.3667593171875 0.31177894375 0.370447025 0.4362390875 0.5085684500000001 0.43900486875 0.5095741890625 0.44177064843749997 0.5082332046875 0.445793603125 0.501193034375 0.445793603125 0.493482371875 0.29568712812500003 0.3275355140625 0.2733094453125 0.36441259375 0.1855587578125 0.5156086203125 0.1848044546875 0.5199668203125001 0.18706736562499998 0.5243250203125001 0.1905874515625 0.528012728125
0 0.1855587578125 0.48677744843750004 0.18907884375 0.48845367968750003 0.1946104046875 0.4877831875 0.2856297421875 0.3298822375 0.2906584359375 0.32384780625 0.2969443015625 0.3215010828125 0.30197299375000003 0.322506821875 0.308007425 0.3282060078125 0.42844461406249995 0.4639807078125 0.4347304796875 0.4686741546875 0.43900486875 0.46465120156250006 0.4407649109375 0.4586167703125 0.43925630312499997 0.4505708609375 0.292921346875 0.2839535109375 0.22603973437499997 0.3982724578125 0.183295846875 0.4720266171875 0.182290109375 0.4767200640625 0.18254154375 0.48208400156250003 0.1855587578125 0.48677744843750004
0 0.47466924062500004 0.6025134890625 0.59636485625 0.4575304421875 0.6059427515625 0.45602802656249997 0.612985321875 0.4612864796875 0.723412825 0.61866445 0.73045539375 0.6216692796875 0.7355260453125 0.6141572046875 0.7369345593750001 0.6081475453125 0.7349626390624999 0.601386678125 0.606787859375 0.41842257812500006 0.6025623171875 0.4176713703125 0.46734496718749996 0.5840638328125001 0.4653730484375 0.5923721875 0.47128880625 0.6025134890625 0.47466924062500004 0.6025134890625
0 0.47128880625 0.5664104562500001 0.47382413124999995 0.568288475 0.4755143484375 0.5630300234375001 0.5870686625 0.42368103125 0.59382953125 0.41616895625000005 0.6003086953125 0.41504214531250005 0.606787859375 0.4176713703125 0.6121402140625001 0.4218030125 0.72594815 0.579180984375 0.7298919890625 0.579180984375 0.734399234375 0.5727957203125 0.7355260453125 0.5637812296875 0.6008721015625 0.377106165625 0.465936453125 0.5487570796875 0.4648096421875 0.5543911359375 0.4670632640625 0.5611520046875 0.47128880625 0.5664104562500001
0 0.46847177812499996 0.535986553125 0.5918576109375 0.3759793546875 0.598336775 0.3737257328125 0.60509764375 0.3737257328125 0.6115768078125 0.37898418437500003 0.7346809375000001 0.5408694015625 0.7391881828125 0.5389913828124999 0.7411601015625 0.5314793078125 0.7411601015625 0.5217136109375 0.60143550625 0.3346629421875 0.46142920781249996 0.517206365625 0.4617109109375 0.52509404375 0.4648096421875 0.5337329296875 0.46847177812499996 0.535986553125
0 0.4698802921875 0.49880178124999996 0.589885690625 0.33654096093749997 0.5974916671875 0.3324093203125 0.6070695625 0.3331605265625 0.6158023499999999 0.341423809375 0.7296102859375 0.49542134843749996 0.7369345593750001 0.5010554046875 0.74285031875 0.49767497031249996 0.745667346875 0.4901628953125 0.7445405359375 0.4815240078125 0.60143550625 0.2873368703125 0.51579785 0.40414963593750003 0.4617109109375 0.4788947828125 0.46086580312500003 0.4871580640625 0.4648096421875 0.4980505734375 0.4698802921875 0.49880178124999996
0 0.7487929046875 0.6149158390625 0.875619296875 0.46491364218750003 0.8819082078125 0.4621185703125 0.8878477359374999 0.462584415625 0.8927391124999999 0.4653794875 0.89832925625 0.47329885781250003 1 0.6195742937500001 0.999650615625 0.58836265625 0.885688440625 0.42485094375 0.740757071875 0.5976795625 0.7393595359375 0.606064778125 0.7442509109375 0.6125866140625 0.7487929046875 0.6149158390625
0 0.748380528125 0.5804432859374999 0.8825439828125001 0.4253167890625 0.8930255031250001 0.42345340781249996 0.899314415625 0.42857770625 0.999238240625 0.5785799046875 0.999238240625 0.5445731953124999 0.8916279687499999 0.3875833171875 0.7406940796875 0.56460454375 0.7410434640625 0.571126378125 0.7434891515625 0.5785799046875 0.748380528125 0.5804432859374999
0 0.7417422328125001 0.5352562875 0.7434891515625 0.536187978125 0.748380528125 0.5357221328125 0.879399528125 0.379663946875 0.8884835109375 0.376868875 0.8937242718749999 0.377800565625 0.8986156484375 0.3847882453125 0.9999370078125001 0.52593938125 0.9995876234375001 0.49472774375000006 0.8891822796875 0.3382037109375 0.88533905625 0.33866955781249997 0.741392846875 0.51848585625 0.742790384375 0.5226784640625 0.7431397671875 0.5273369171875 0.7417422328125001 0.5352562875
0 0.7438385359375 0.4979886609375 0.749079296875 0.5026471140625 0.877303225 0.3414646296875 0.8870859765624999 0.3354086390625 0.8958205765624999 0.33587448593749997 0.902458871875 0.34099878437500003 0.9999370078125001 0.4770256203125 1 0.44441644843750006 0.8909292000000001 0.29488009531250003 0.7448866875 0.4788890015625 0.7448866875 0.482615765625 0.7462842234375 0.4914668265625 0.7438385359375 0.4979886609375