0 0.28067541875 0.2951672046875 0.2765925359375 0.2934862171875 0.20398776718749997 0.362602059375 0.18241303749999999 0.3876625 0.1841695578125 0.3937963484375 0.18895774062499998 0.39560130781249997 0.269379390625 0.320634990625 0.2755977125 0.320283165625 0.281925796875 0.3238037375 0.3380371125 0.415546059375 0.343475696875 0.41553880000000004 0.345799115625 0.40775936562500004 0.28067541875 0.2951672046875
0 0.3486120625 0.38320856718749996 0.28148602500000003 0.26496640312499997 0.276788065625 0.26943860000000003 0.266483096875 0.27725993125000004 0.1847240421875 0.35771710625 0.184627521875 0.36353355625 0.18715094375000002 0.365903690625 0.191214265625 0.369989434375 0.2720081203125 0.292680340625 0.277094059375 0.292611090625 0.2831635 0.29319638124999997 0.3413515640625 0.3901201546875 0.34623374375 0.389051821875 0.3486120625 0.38320856718749996
0 0.27031864375 0.24855414374999998 0.18653519062499999 0.3287091921875 0.186327646875 0.3368605890625 0.190669184375 0.3414768953125 0.276196321875 0.264036546875 0.28289660625 0.26521436249999997 0.2890758234375 0.2696720640625 0.346519490625 0.371281371875 0.35377998437499997 0.36436980625 0.283797446875 0.2412907421875 0.27031864375 0.24855414374999998
0 0.35432437499999997 0.349534659375 0.3576312953125 0.34240974375 0.29073237343749997 0.21361142812499997 0.27886793125 0.2221218890625 0.189943653125 0.300409975 0.188493953125 0.3049715484375 0.189939871875 0.309560478125 0.1938738734375 0.3121785703125 0.2788055046875 0.2384866640625 0.281497346875 0.237514934375 0.2879194296875 0.2381622046875 0.293745990625 0.2425579109375 0.3491835515625 0.34766771093750004 0.35432437499999997 0.349534659375
0 0.520637446875 0.43897511875 0.46742930937500005 0.328959190625 0.462825346875 0.330558084375 0.3750739140625 0.410328375 0.375104109375 0.41724552812500004 0.3764207234375 0.4203668078125 0.3816359859375 0.421765209375 0.45698745937499996 0.35361385312500004 0.4636328640625 0.3528554484375 0.4706467015625 0.35890479375 0.5106144796875001 0.438176509375 0.5145838031250001 0.44513556718749997 0.520637446875 0.43897511875
0 0.5269964125000001 0.412639478125 0.4735649546875 0.3040292109375 0.4665864703125 0.30232085937500003 0.457468765625 0.311795803125 0.38118406562499996 0.38213480624999996 0.38118489218749996 0.39037933125 0.3838571734375 0.3918123671875 0.387810715625 0.3920257125 0.463514884375 0.3239363328125 0.46796996562500004 0.3232745546875 0.4742784875 0.3291999046875 0.516452365625 0.4151207390625 0.52179693125 0.417986790625 0.5269964125000001 0.412639478125
0 0.5310124171874999 0.396488040625 0.531294396875 0.387868096875 0.475598175 0.279823003125 0.4709197734375 0.28189044375 0.4214912375 0.3237737609375 0.38281014375 0.3582116046875 0.3826616765625 0.36511204531249997 0.3839782578125 0.36823331875 0.388562678125 0.36903919531249996 0.46512100624999997 0.3001366890625 0.471617528125 0.3003154109375 0.47781629218750005 0.30236834218749997 0.480727671875 0.30914144062500004 0.524754990625 0.40164940312499997 0.5310124171874999 0.396488040625
0 0.486596425 0.25622944375 0.478877303125 0.2500561328125 0.473046978125 0.25481091875 0.3868694390625 0.334063496875 0.38630924218749996 0.3421528796875 0.392637340625 0.34567347656249997 0.4707002171875 0.27414562187499997 0.4767696734375 0.274730903125 0.4826706734375 0.27865805312499997 0.527125059375 0.370759446875 0.5324147609375001 0.3716893015625 0.5356276984375 0.3674377015625 0.486596425 0.25622944375
0 0.616043978125 0.356158015625 0.612443059375 0.3560066796875 0.607392459375 0.3604168765625 0.52754729375 0.43785371093750003 0.5280249640625 0.4447196671875 0.5335928640625001 0.44618008124999997 0.607384896875 0.378717859375 0.612878375 0.380646821875 0.6179447546875 0.3829823390625 0.65648239375 0.464410840625 0.6606592578125 0.46321852343750003 0.6653376578125 0.46115108437499996 0.616043978125 0.356158015625
0 0.6282414859375 0.3501143078125 0.6171681046875 0.33082873749999997 0.6013110171875 0.343935390625 0.5316092265625 0.41399737031250006 0.5314687671875 0.42076142031249997 0.5370171109374999 0.424626578125 0.6078586390625 0.355200803125 0.6148567 0.354504390625 0.62138854375 0.3590240890625 0.6609841234375 0.44063856250000005 0.6667949015625 0.43828854531249994 0.6688754609374999 0.434319521875 0.6282414859375 0.3501143078125
0 0.6238601874999999 0.3069598375 0.6132574453124999 0.31665537499999996 0.5359356046875 0.390187515625 0.535488534375 0.39545949999999996 0.5387721140624999 0.39988983125 0.6121566234375 0.330429421875 0.6218465078125 0.328761296875 0.6276730703125 0.3331569953125 0.6691769859375001 0.4232948078125 0.6726681109375 0.419573740625 0.67623370625 0.4153841328125 0.6238601874999999 0.3069598375
0 0.68147983125 0.38692631875 0.633283178125 0.2773096953125 0.630387575 0.2772823328125 0.54149861875 0.3599113828125 0.5416632953125 0.36572000625 0.5425527812500001 0.3692478359375 0.5477680390625 0.370646259375 0.620447265625 0.3010618609375 0.6262580484375 0.29871183437500004 0.6344982515625001 0.301605265625 0.6736080703125 0.3908405953125 0.678286471875 0.3887731546875 0.68147983125 0.38692631875
0 0.8130186343749999 0.405932603125 0.809327496875 0.399504078125 0.8020670328125 0.40641567187499994 0.7933764265625001 0.4154840484375 0.7175210296875 0.49112151718749997 0.718409128125 0.49718888593750005 0.7231033124999999 0.5018671593749999 0.7972126453125 0.4301259578125 0.8035994046875 0.426432271875 0.810299671875 0.42761008437500003 0.8479440296874999 0.5146612359375 0.854887190625 0.51202864375 0.8571361734374999 0.504717734375 0.8130186343749999 0.405932603125
0 0.8182843390625001 0.3750700265625 0.8148127546874999 0.37638634375 0.8096877125 0.3812651078125 0.73413243125 0.448417353125 0.723157515625 0.46045569531249997 0.7237297 0.46826248281250005 0.7263079968749999 0.47256885625 0.8090493109375 0.3989735453125 0.8138570156249999 0.398373753125 0.8189782984375 0.402645471875 0.8557684546875001 0.49050977500000004 0.862452971875 0.48494187968749997 0.8626605187499999 0.4767904609375 0.8182843390625001 0.3750700265625
0 0.869478140625 0.4635397140625 0.8239733421875 0.35295137187500003 0.7860956906250001 0.38145271875 0.72889215 0.434946434375 0.7283803062499999 0.443553109375 0.73201655 0.44804541093749994 0.8129201953124999 0.37460873906250003 0.817226396875 0.37488405468749997 0.8230725015625 0.3768750046875 0.8259290187499999 0.381711896875 0.8625507546875 0.4729180640625 0.8692157 0.4697549109375 0.869478140625 0.4635397140625
0 0.8787484843750001 0.44397718125 0.8342309531250001 0.324892875 0.8248546093750001 0.331432503125 0.8007730953125 0.3483914625 0.73771738125 0.4050621625 0.736467171875 0.41318645 0.741866671875 0.41798870781249997 0.8187580796875 0.35155296875 0.8271313843750001 0.3467635703125 0.834164765625 0.3504081234375 0.8370956906250001 0.3547764640625 0.8703556406249999 0.45117134999999997 0.8751633468750001 0.45057155781249997 0.8787484843750001 0.44397718125
0 0.9463193390625 0.42348884218749994 0.9416056140625001 0.42121531718750005 0.9326367890625 0.42975315625 0.8572106734375 0.5015851640625 0.8574461781249999 0.5128636328125 0.8605455578125 0.5138900937499999 0.9315908671875001 0.4454634046875 0.9381069296875 0.44323736562500005 0.9449914328125001 0.44781903593749994 0.977757371875 0.52678805625 0.9811545109375001 0.5259403078125 0.9848689890625 0.520813584375 0.9463193390625 0.42348884218749994
0 0.957446925 0.401362928125 0.953885125 0.39640205625 0.950264665625 0.39865546875 0.9085785828124999 0.43515686093749995 0.863530721875 0.47684695312500003 0.8635465 0.4835926890625 0.8670534046875 0.48661733749999997 0.9411980921875 0.4192171296875 0.9476946125 0.4193958390625 0.9520556812500001 0.4216073734375 0.9831681937500001 0.504138846875 0.98845789375 0.505068703125 0.9910399578125 0.500224571875 0.957446925 0.401362928125
0 0.9995659046875 0.4853475515625 0.9705182062500001 0.392101325 0.96360214375 0.3740281953125 0.9513301640625 0.3805404671875 0.882960934375 0.4412497015625 0.8714315687499999 0.453137609375 0.8717040109375 0.46190796250000005 0.8781847562499999 0.4553409390625 0.9517692453125 0.396030115625 0.9550175046874999 0.39611948125 0.9611418265625 0.39864096875 0.9652404859375 0.40706768281250005 0.9928618406249999 0.49332023906250005 0.9983199984375 0.4909082140625 0.9995659046875 0.4853475515625
0 1 0.4344391953125 0.9872452375 0.3849272703125 0.97460039375 0.3504346375 0.9702002109375 0.3530326171875 0.9552363703125 0.36051661562500004 0.9167083343750001 0.39083018593749996 0.8947231625000001 0.4105658359375 0.8817616765625 0.4236998625 0.8814992390624999 0.4299150375 0.8844497375 0.4318786125 0.9587199656250001 0.37509653906249996 0.9650518312499999 0.3694666296875 0.9715288078125001 0.37205011093749996 0.9742364125 0.37782411250000003 0.9980139875 0.46773571875000003 1 0.46868243906249996 1 0.4344391953125
0 0.181045540625 0.5938983312499999 0.1554858578125 0.549429203125 0.1337819734375 0.51719724375 0.123755209375 0.5255491109375 0.108270290625 0.53631298125 0.08314661718750001 0.5598316828125001 0.052137706250000006 0.586168965625 0.038843121875 0.596836234375 0.041123664062499996 0.603016796875 0.0465427 0.6054143062499999 0.1231363515625 0.5408527765625 0.13507145468749998 0.54102425 0.140396478125 0.5462950703125 0.19153541406250002 0.6328285609375001 0.198071021875 0.628197753125 0.19883499531249998 0.6211074562500001 0.181045540625 0.5938983312499999
0 0.20129151875 0.6056451703125 0.2011268609375 0.5998365515625 0.14783672187500002 0.5085901515625 0.13687310156250002 0.49317700000000003 0.1300043796875 0.49534104531249995 0.12159199375 0.504939984375 0.095206603125 0.52727360625 0.054950648437500006 0.561618190625 0.04349374375 0.5721268640625 0.042878665625 0.5782800499999999 0.047945046875 0.5806155671875 0.119190334375 0.5223384640625001 0.1305532578125 0.5147031078125 0.13498879375 0.5164460984375 0.1418928390625 0.5186230187499999 0.14621481875 0.5256440703124999 0.195555178125 0.607526640625 0.20129151875 0.6056451703125
0 0.203172065625 0.5915265562500001 0.2059030125 0.5857452890625 0.141077103125 0.4712789359375 0.135748284375 0.4751585921875 0.12553731875000002 0.4801066109375 0.0524543359375 0.5385423046875 0.043825631250000004 0.546494578125 0.042796006250000004 0.5537018984375 0.045448746875 0.557539684375 0.050033150000000005 0.5583455578125001 0.1307487796875 0.4906555109375 0.136391140625 0.49164735937500004 0.1424410234375 0.49463739531249995 0.147617165625 0.5008453312500001 0.1978432484375 0.5954062140625 0.203172065625 0.5915265562500001
0 0.208806175 0.5674716796875 0.1455788296875 0.44750665625 0.13891388437500002 0.4506698078125 0.0499384765625 0.5178711875 0.04728195625 0.5231838843750001 0.04440213125 0.5299022453125 0.0473879546875 0.5362067859375 0.1348783421875 0.46922599375 0.14079888437500002 0.47074839687500003 0.1476284875 0.47339386406250006 0.1530828484375 0.48013233906249997 0.20104416875000003 0.5752583953125 0.206000790625 0.57372149375 0.208806175 0.5674716796875
0 0.133803275 0.8011710234375 0.13810947812500002 0.8014463390625 0.14096975625 0.7971327687499999 0.13997047812500002 0.78973249375 0.0634838578125 0.6847757 0.06157175625 0.68540284375 0.053605973437499996 0.692190453125 0.012778481250000001 0.7320787171875 0.013068696874999999 0.7487051296875 0.057164010937499996 0.706301809375 0.062880809375 0.706825109375 0.0692088734375 0.7103457 0.133803275 0.8011710234375
0 0.1395471453125 0.780988565625 0.1439473609375 0.778390590625 0.144934625 0.7698946249999999 0.0677074 0.660472865625 0.0631778765625 0.6616032125 0.053002235937499996 0.6708921734375 0.0124040328125 0.7106266078125001 0.012700357812499998 0.7276029687500001 0.0603296109375 0.6818130234375 0.065842634375 0.6813372156249999 0.0749880984375 0.6945042109374999 0.1395471453125 0.780988565625
0 0.07861612031250001 0.673949815625 0.14239544375 0.7607787593750001 0.146795628125 0.7581807578124999 0.1485626484375 0.7493402296875 0.0692195390625 0.63954655 0.055944515625 0.6478090515625 0.0410513515625 0.6639749875 0.012099690625 0.6931908124999999 0.0123738765625 0.7088988765625001 0.057570871875 0.6649523359375 0.0659441765625 0.660162915625 0.0706579 0.662436440625 0.07861612031250001 0.673949815625
0 0.14533769531250001 0.7376956109374999 0.149980771875 0.7312872046875001 0.1511169171875 0.7218541453125 0.0738896921875 0.6124323859375 0.0647562078125 0.615161603125 0.05041947812499999 0.6323886390625 0.0245709484375 0.6581881265625 0.011729007812500001 0.6719544140625 0.011991260937500001 0.6869788546875 0.0655088609375 0.6355227734375 0.07087300156250001 0.6359840812499999 0.07879586718750001 0.6431564859375001 0.14533769531250001 0.7376956109374999
0 0.24464859843750003 0.715419590625 0.2233687046875 0.7352792406249999 0.1557092390625 0.8089752234375001 0.155548321875 0.815350521875 0.16111623749999998 0.8168109375 0.2339089921875 0.7419484640625 0.24178075781250002 0.738034165625 0.249668334375 0.7408656109375 0.31233481875 0.8255723578125 0.317346303125 0.8259716750000001 0.31846290312500003 0.8189433625 0.24464859843750003 0.715419590625
0 0.247238221875 0.692274475 0.2388491390625 0.6903181609375 0.165088665625 0.77127183125 0.1532948828125 0.7884642265624999 0.15409041875 0.794865378125 0.158228165625 0.7984825734375 0.2346060546875 0.7170257453125 0.24140033593750002 0.715330246875 0.2498443171875 0.7192227625000001 0.316558328125 0.8012695390625 0.319567490625 0.7960188328125 0.3202570265625 0.78939708125 0.247238221875 0.692274475
0 0.2492872203125 0.6748140031250001 0.2420696046875 0.667765571875 0.23427228125 0.6712113000000001 0.162627690625 0.7525369140625 0.15087199375 0.7658494124999999 0.15053614531249998 0.7716035406249999 0.155712321875 0.7778114609375 0.229770553125 0.6949835796875 0.23962886249999998 0.6899735703125 0.2469404625 0.694148684375 0.314786884375 0.7759128921875 0.318705109375 0.77178525 0.3210285296875 0.764005815625 0.2492872203125 0.6748140031250001
0 0.3219842375 0.7420183796875001 0.253248325 0.6567263640625 0.2435268484375 0.6449030328124999 0.23667770312499997 0.6446623140625001 0.1759531578125 0.7120134109375 0.161487090625 0.7277727921875 0.15353708906250002 0.7413061140625 0.15290245156249999 0.7498640671875 0.154571690625 0.7530473328125 0.22198075468749998 0.6801283406249999 0.2302089421875 0.667125553125 0.237802521875 0.6626807218749999 0.245263003125 0.6659187203125 0.31470419375 0.7513347359375 0.3185284328125 0.7500804109375 0.3219842375 0.7420183796875001
0 0.8791993031249999 0.6195761421875 0.8727967640625 0.616524115625 0.8682281218749999 0.622463975 0.8498829546875 0.6375414421875 0.7952615640625 0.6930396156249999 0.7956940484375 0.7002617375 0.8001295531249999 0.7020047234375 0.8624098140625 0.6431149796875 0.8689454218750001 0.638484171875 0.8767585578125001 0.6417841625 0.9098260234375 0.7097284703125 0.91366980625 0.706069396875 0.9149901828125 0.7000401921875 0.8791993031249999 0.6195761421875
0 0.8852567109375 0.6042652109375 0.8819378078125 0.5954939125 0.877055625 0.5965622671874999 0.8366312671875 0.6342487171875 0.79820986875 0.6693488421875 0.7999175562499999 0.6759589171875 0.804537296875 0.6811057593750001 0.8705320015625 0.6170892890624999 0.8756179281250001 0.6170200359375 0.880813646875 0.6208232078125 0.913602925 0.68823698125 0.9175016046875 0.686514109375 0.9193783859375 0.6815459781250001 0.8852567109375 0.6042652109375
0 0.8893118296875 0.5833042609375 0.883579253125 0.5760352375 0.81849740625 0.632024303125 0.8042546578125 0.646378021875 0.8020605406250001 0.6556251265624999 0.805920103125 0.65871176875 0.8742344624999999 0.596066346875 0.8810287453125 0.5943708484375 0.885593590625 0.5975814671874999 0.9173407062500001 0.671555003125 0.9213686921875001 0.6712997796875 0.9236725703124999 0.6659250937500001 0.8893118296875 0.5833042609375
0 0.891791659375 0.5562867218750001 0.8767142953124999 0.5690487984375 0.8099916281249999 0.6276991015625 0.8080277625000001 0.6340370109375 0.8129452625000001 0.6373096453125 0.8810716296875001 0.58041083125 0.8871801703125 0.5761865828125 0.8935631359375 0.581643375 0.9220424484375 0.657932315625 0.9265915109374999 0.6543972203124999 0.9307879515625 0.6508001390625 0.891791659375 0.5562867218750001
0 0.785059746875 0.696465825 0.7852477453125 0.690719196875 0.7482342328125 0.604260571875 0.7422587921875 0.60080196875 0.71476058125 0.6210134218750001 0.659571446875 0.6728004875 0.6599799156249999 0.6783316734375 0.661500278125 0.6824520328125 0.6654538359375 0.68266538125 0.7334508640624999 0.6242989109375 0.738129265625 0.6222314703125 0.7442535875 0.6247529593750001 0.7478702828125 0.631650053125 0.7787670046875 0.6972862 0.785059746875 0.696465825
0 0.791900675 0.671659825 0.75138029375 0.5821765359375 0.74553415625 0.5801855812500001 0.73405770625 0.593099025 0.71136721875 0.6127106906249999 0.6642854609375 0.653394721875 0.665222278125 0.65902434375 0.67013978125 0.6622969546874999 0.7245835828125 0.6116624703125 0.7404211296875001 0.600960565625 0.7480304890625 0.6032614703125 0.7529088703125 0.611343615625 0.7835273734375 0.6764492234375 0.7883155687500001 0.6782542078125 0.791900675 0.671659825
0 0.7552864968749999 0.5621526875 0.7501261328125 0.5626904859375 0.6848404921875 0.6176804640625 0.6718594453125 0.6332192375 0.6701120015625001 0.6396550234375 0.6738226843749999 0.6436787796875 0.7464432171875 0.5813086671875001 0.752085575 0.582300515625 0.7575399359375 0.589038990625 0.790752515625 0.6651966875 0.795634696875 0.6641283328124999 0.7983656375 0.6583470859375 0.7552864968749999 0.5621526875
0 0.8028087375 0.64178909375 0.8001048640624999 0.6268646015625 0.7879773375 0.5982425828125 0.7699525453125 0.5565429 0.7620139015625 0.5426247609375 0.7514502765625 0.5475107859375 0.7226707890624999 0.568941928125 0.6963402796875 0.593211771875 0.675507009375 0.61026009375 0.6734069125000001 0.616633865625 0.67732136875 0.621656728125 0.7522615578125 0.56065766875 0.7582565406249999 0.5617115015625 0.7629702984375 0.5639850328125 0.7662147625 0.5732248765625 0.7916729015625 0.6388682828125 0.7983145406250001 0.6472603859375 0.8028087375 0.64178909375
0 0.6024033453125 0.5675557765625 0.580547478125 0.588759075 0.522271653125 0.6421611921875 0.5218681671875001 0.6478001812499999 0.5252261890625001 0.651761965625 0.593818740625 0.5896470578125 0.598124940625 0.58992239375 0.6059380437499999 0.5932223796875 0.6423635625 0.665128475 0.646317140625 0.6653418046875 0.6492518609375 0.660559665625 0.6024033453125 0.5675557765625
0 0.6532520515625 0.6376624875 0.6127669890624999 0.5525201656250001 0.6067366515625 0.5471253609375 0.5997739453125 0.552162734375 0.5622098671875 0.58553558125 0.52908973125 0.618066684375 0.52456755 0.628527484375 0.5296339328124999 0.630863003125 0.5992844234375 0.5689340656249999 0.6047974453125 0.5684582578125 0.611254846875 0.573446503125 0.6468262046875 0.6461657140625 0.6507797484375 0.646379059375 0.653918246875 0.64259600625 0.6532520515625 0.6376624875
0 0.61303695625 0.5280040015624999 0.6115519500000001 0.5282245999999999 0.6006161234375 0.53545339375 0.539989325 0.5907806890625 0.5313120484375 0.5989455718750001 0.5296805796874999 0.6077525015624999 0.53263108125 0.6097160765625 0.6036921656249999 0.5480351015625 0.6107450921875001 0.5492749078125 0.6156625906250001 0.552547540625 0.6516768265625 0.6316059109375 0.6557048078125 0.6313507078125 0.65830645 0.6241017921875 0.61303695625 0.5280040015624999
0 0.6640112312500001 0.6087288734375 0.626739078125 0.519334934375 0.6190590734375 0.508352109375 0.5914119640625 0.529500675 0.5384652 0.5727419921875 0.532920621875 0.5827951484375 0.5362591015625 0.58916168125 0.608378128125 0.5276666875 0.6171942765625 0.5292164421875001 0.6211831734375 0.53377075 0.6263397734375 0.54238344375 0.6582357734375 0.6154198546874999 0.66178179375 0.6136350125 0.6640112312500001 0.6087288734375
0 0.4524868921875 0.5519086359375 0.44379628593750003 0.5609770125 0.43170850781250003 0.570893134375 0.36870342031250003 0.6320636671875 0.36829213437499997 0.6392159625 0.37215169375 0.642302625 0.44616704531250007 0.5734347421875 0.44793026874999997 0.5737446921875 0.45490875 0.575453065625 0.498849646875 0.6525333609375 0.502877634375 0.6522781375 0.5077988984374999 0.646400265625 0.4524868921875 0.5519086359375
0 0.5108156171875 0.622848596875 0.4647626390625 0.5362458593749999 0.46044065781250004 0.5292248078124999 0.45496295625 0.5340415796875 0.43106564687500004 0.5544043890625 0.37521693906250003 0.606193828125 0.3744277796875 0.614285984375 0.3795685984375 0.6161529546875 0.45072366875 0.5515986859375 0.4554569359375 0.551467440625 0.46039401093750004 0.552335309375 0.463752034375 0.556297071875 0.5050206140625 0.6319443484375 0.5109998203125 0.6262524468749999 0.5108156171875 0.622848596875
0 0.5144007562499999 0.61625421875 0.5150353625 0.6076962609375001 0.46659207968749994 0.5110405640625 0.46334382031250004 0.5109511984374999 0.457607478125 0.5128326671875 0.3989867984375 0.5646594859375 0.37790080000000004 0.582456571875 0.3768136265625 0.5901417625 0.379819021875 0.5940415609375 0.448744653125 0.534393409375 0.45917894062500003 0.5280397296875 0.463763359375 0.5288456046875 0.46979369687499994 0.5342404109375 0.5071635999999999 0.6116105375 0.5117088984375 0.617225946875 0.5144007562499999 0.61625421875
0 0.5205521828124999 0.5980699546875 0.5208145890625 0.5918547734375 0.4717246828125 0.48786081562500005 0.4146476984375 0.5322527671875 0.3837021609375 0.5596286546875 0.3816680109375 0.566431475 0.38480271250000003 0.5717989218749999 0.44680099375 0.521529103125 0.465255925 0.5103240328124999 0.46961702499999997 0.512535571875 0.47418186562500003 0.5157462109375001 0.48154456406249996 0.5310080265625 0.5154271421875001 0.6029487203125 0.5205521828124999 0.5980699546875
0 0.36305729531250003 0.640222325 0.36606645625 0.6349716171875001 0.311349975 0.5367315265625 0.3071377546875 0.53358289375 0.302459353125 0.535650334375 0.27180309999999996 0.562049609375 0.2311749640625 0.5987369515625 0.21638046718749998 0.611876203125 0.216540459375 0.61783819375 0.2201022609375 0.622799065625 0.2930205828125 0.5585547515625 0.300112628125 0.554985021875 0.3065347078125 0.5556323015625 0.31297257031250003 0.56302529375 0.354037371875 0.6376734625 0.357599171875 0.6426343328125 0.36305729531250003 0.640222325
0 0.36728083906250003 0.615919490625 0.36633645625 0.610455459375 0.3182811203125 0.518202715625 0.31390427656250003 0.509245446875 0.31030335937500003 0.5090940875000001 0.2901009484375 0.5267349390625 0.2416754703125 0.566868028125 0.2211204234375 0.5844468671875 0.21922408125 0.591819765625 0.22570104375 0.59440324375 0.296797453125 0.5370632343749999 0.30468879375 0.5307441953125001 0.30997849375 0.53167405 0.3162125765625 0.5380679578125 0.359334634375 0.620302334375 0.36243401249999996 0.621328815625 0.36728083906250003 0.615919490625
0 0.3708697421875 0.6001746296875 0.3704268640625 0.5938354703125001 0.3165487640625 0.488036528125 0.3094371796875 0.4940110046875 0.234888734375 0.550262540625 0.22113716718749998 0.56140365 0.2201798046875 0.56983233125 0.2250424078125 0.5711687640625 0.3028037953125 0.5106656078125 0.307482196875 0.5085981671875001 0.312623015625 0.5104651375 0.31846911875 0.5124560875 0.3377947140625 0.5505313078125 0.366653759375 0.60617648125 0.3708697421875 0.6001746296875
0 0.32670862968750003 0.4720018203125 0.32116028750000003 0.46813666249999997 0.2470584796875 0.5215768828125 0.227828775 0.5398162140625 0.22405068749999998 0.5454675265625 0.229023071875 0.5506763578125 0.3122425640625 0.487761190625 0.3176067046875 0.4882224984375 0.3252709609375 0.4924596046875 0.37063440625 0.585684071875 0.3738278046875 0.583837221875 0.3767820671875 0.5766503125 0.32670862968750003 0.4720018203125
0 0.41996611875 0.7389033734375 0.40921829374999996 0.7403855265625 0.39417624687499997 0.757488578125 0.3265213265625 0.8220191265624999 0.32444755625 0.8290365484375 0.3284364515625 0.8335908640625 0.40310218750000004 0.7629107578125 0.4211654109375 0.75645321875 0.474400653125 0.8457633953125001 0.47716691874999995 0.8443231156250001 0.48002719843749997 0.8400095234375 0.42603177812500004 0.74863914375 0.41996611875 0.7389033734375
0 0.4252633796875 0.7215322453125 0.419342834375 0.7200098640625 0.40941005312499995 0.725488415625 0.3511224859375 0.7797819968749999 0.3277620375 0.8036106484375001 0.3266100828125 0.8062979890624999 0.32981925625 0.8111968718749999 0.4126349734375 0.7371330296874999 0.42091429687500004 0.7352169265625 0.4263881984375 0.739550653125 0.476116540625 0.8258361609374999 0.48166867968749993 0.820550840625 0.48137468281249995 0.813274565625 0.4252633796875 0.7215322453125
0 0.48542976875 0.7923136109375 0.43308028125 0.7156817515625 0.42684996093749994 0.7001373609375 0.418962384375 0.6973059171875 0.345910990625 0.7692330890625 0.327879359375 0.7891820828125 0.32804401875 0.7949907031250001 0.3308456375 0.79789139375 0.41533439375 0.71786031875 0.42268507812499995 0.7172259140625 0.4275830359375 0.7229032953125001 0.478259521875 0.8055023703125 0.482953703125 0.810180665625 0.48572376406249995 0.7995898859375 0.48542976875 0.7923136109375
0 0.42752745000000003 0.6776193968750001 0.3739574015625 0.7250360125 0.332100928125 0.768077934375 0.3298148015625 0.7769996703125 0.33402698750000004 0.78014831875 0.42143092343750005 0.6977398515625 0.42785300312499996 0.69838713125 0.432249425 0.7049396359375 0.48454028437499996 0.7887857828125 0.4897750875 0.7877794140625001 0.4918202921875 0.77946941875 0.42752745000000003 0.6776193968750001
0 0.5707601875 0.746130184375 0.5558866 0.75989135625 0.5122493015625 0.8018294062500001 0.48269200156250003 0.8314052859375 0.4832976109375 0.8357529140625 0.4869338671875 0.840245240625 0.562602678125 0.7678149109375 0.5687660859375 0.765526859375 0.5743889 0.7689234765624999 0.6205554046875 0.8502481281250001 0.624026990625 0.8489318109375 0.62542180625 0.8424340593749999 0.5707601875 0.746130184375
0 0.576484546875 0.7283525015625 0.5704504453125 0.73210818125 0.5295440921875 0.7682649828125 0.4852198296875 0.81378319375 0.486478975 0.8180098625 0.48857531249999997 0.8207865515625 0.56920074375 0.746819321875 0.5738595671875 0.7471566453125 0.580317003125 0.7521448953125 0.6246458484375 0.83362814375 0.628767846875 0.8304996093750001 0.6312950140625 0.8237192546875001 0.576484546875 0.7283525015625
0 0.5790741734375 0.705207365625 0.5744153125 0.70487005625 0.5661164484375 0.7091909078125 0.5497187046875001 0.7279822 0.48805644218750005 0.790795446875 0.48904905625 0.797269496875 0.4957689 0.7960425453125 0.5654975906249999 0.7244945765625 0.57468596875 0.7237015812500001 0.58229153125 0.7351529640625001 0.6291475734375 0.8098558640625001 0.6337162171874999 0.8039160046875 0.63158455625 0.7967983265624999 0.5790741734375 0.705207365625
0 0.5937011015625 0.704407103125 0.580511840625 0.684749590625 0.5720640953125 0.6900075578125 0.5161706265625 0.7452036203125 0.4914892953125 0.7726097859375 0.4909882609375 0.7759365984375 0.495329815625 0.7805529078125 0.5716490140625 0.7063103328125 0.579019275 0.7032711640625 0.5848262937500001 0.7100716328125001 0.6341861953125 0.7895494328125 0.6380299765624999 0.785890359375 0.63793975625 0.7796131921875 0.5937011015625 0.704407103125
0 0.722605953125 0.744512990625 0.7206938171874999 0.7451401515625 0.6456754234375001 0.8157582640625 0.640530821875 0.823041796875 0.6392653421875 0.8310072015625 0.6431248968750001 0.8340938843749999 0.7103813078125001 0.771262446875 0.7200554140625 0.7628485875 0.7250278125 0.768057421875 0.7638474296875 0.8408659984375 0.7678754156250001 0.840610775 0.770457475 0.8357666437500001 0.722605953125 0.744512990625
0 0.6491154453125 0.8009504968750001 0.649098828125 0.8003153281250001 0.6425053640625 0.8060498671874999 0.644135503125 0.8140426484375001 0.7202862921875 0.7431419625 0.7250195921875 0.7430107234375 0.769646196875 0.8226197640624999 0.7741757203125 0.8214894171875 0.774661475 0.8138685796875 0.7265670562500001 0.726425353125 0.7204780562499999 0.7282448296874999 0.6491154453125 0.8009504968750001
0 0.6463640234375 0.7850200968750001 0.6448130078125 0.7915246765624999 0.6472973265624999 0.7987043453125 0.720442734375 0.7239038640625 0.7272918796875001 0.72414458125 0.7766164609375 0.7992814171875 0.7802015984375 0.792687040625 0.72835738125 0.70602956875 0.7171982359375 0.7146640125 0.6463640234375 0.7850200968750001
0 0.7268603625 0.6903539390625 0.7094242171875 0.706554509375 0.6491109890625 0.766753315625 0.6460822703125 0.7744087687500001 0.6488643296875 0.7797142265625 0.728655140625 0.704155359375 0.73314554375 0.707834546875 0.776345803125 0.7804498953125 0.7817294875 0.778506434375 0.780342228125 0.7667032218750001 0.7316876406249999 0.6873494046874999 0.7268603625 0.6903539390625
0 0.850863353125 0.7540545703125 0.8436615453125 0.75375188125 0.8252968031249999 0.7712341125 0.7823843625 0.8108913984375 0.7670530328125 0.8261086234375 0.7700499562500001 0.833768434375 0.8328866156249999 0.7759397875 0.8421336265624999 0.7679324828125 0.8479248671875 0.7679872140625 0.882140521875 0.8423946843750001 0.885259446875 0.841016375 0.8877670703125 0.836640790625 0.8859685265625 0.8319898765625 0.850863353125 0.7540545703125
0 0.8499069515625 0.73269431875 0.845859428125 0.735354290625 0.8103367578125 0.7695676328125 0.773159903125 0.8047797296875 0.774959234375 0.8119943703124999 0.8423449640625 0.75063060625 0.847524871875 0.7476880375 0.8512551281249999 0.74930705 0.88309623125 0.8204072484375 0.8882175046875 0.8246789874999999 0.8914499875 0.81802261875 0.85391539375 0.734843865625 0.8499069515625 0.73269431875
0 0.850212271875 0.7125191265625 0.8419878531249999 0.716371409375 0.7826815640625 0.77393389375 0.7770473234375 0.7897243578124999 0.8424465109374999 0.7294563046875 0.84692113125 0.7263897781249999 0.85065135625 0.7280087640625 0.88386773125 0.7950159828125 0.8881348140625 0.8001008328125 0.8923507984375 0.79409898125 0.8542207124999999 0.7146686734375 0.850212271875 0.7125191265625
0 0.8109669437499999 0.7268124765625 0.7797792234375 0.7596932015625 0.7822896890625 0.770417028125 0.8448676765625001 0.7096530484375 0.85060401875 0.7077715796875 0.8551493156250001 0.7133869890625 0.891947040625 0.7829502875000001 0.8949915546874999 0.7820405515625 0.8967389953125 0.7756047875000001 0.8528567953125 0.6913102140625 0.8109669437499999 0.7268124765625