0 0 0.6530795546875 0.148457746875 0.531760484375 0.1768796015625 0.5412964125 0.2723356421875 0.7536206937500001 0.2925074390625 0.7449452421875 0.3013115875 0.7208498578125 0.1943054703125 0.4830296484375 0.1795148171875 0.46811478281249996 0 0.6077638249999999 0 0.6530795546875
0 0 0.5888114156250001 0.15909978281249998 0.46335557187500004 0.1785377875 0.45789698124999995 0.19699604375 0.471234490625 0.28365066250000004 0.6786402515625001 0.2930020875 0.6847728609375 0.30632788125 0.6771075484375 0.31146442812499997 0.65458951875 0.2089218765625 0.4008268078125 0.19663664218750002 0.393054690625 0 0.5451414703124999 0 0.5888114156250001
0 0 0.525621278125 0.19902044531250002 0.39348010312500004 0.2151570671875 0.3952439125 0.3066373765625 0.6358730718750001 0.3256483578125 0.621410771875 0.3341471 0.5950290093749999 0.22799911874999998 0.3316953671875 0 0.48546647343749993 0 0.525621278125
0 0 0.4657624546875 0.21424629999999997 0.3303569734375 0.2297721109375 0.327548025 0.24058975624999998 0.3417538640625 0.3250416359375 0.5733171593749999 0.346804 0.5504183671875 0.2485425828125 0.27063715781250003 0.004948515625 0.4213384765625 0 0.44303219531250004 0 0.4657624546875
0 0.319768478125 0.7486943187499999 0.4862862296875 0.5842379281250001 0.5074350578125 0.58578028125 0.5816233796875 0.760830975 0.59219779375 0.7616021484375 0.6029573578125 0.743435421875 0.5079297046875 0.5256079031249999 0.30864678749999996 0.7176951500000001 0.3085224421875 0.73999171875 0.319768478125 0.7486943187499999
0 0.3355443359375 0.6867852812499999 0.49167010156249996 0.5316337109375 0.5147757078125 0.5245977671875 0.598560053125 0.704708784375 0.605406059375 0.7036986484375001 0.6167156281249999 0.6867460125 0.5177757765625 0.471568134375 0.3249726484375 0.6570002015624999 0.321425303125 0.6798018406249999 0.3355443359375 0.6867852812499999
0 0.3387281921875 0.6293246953125 0.512947359375 0.467358640625 0.524316375 0.46827162187500004 0.6090791109375 0.6440934890625 0.62075353125 0.64729285 0.6272954921875 0.629489384375 0.5251772359375 0.413744284375 0.3293173203125 0.6053264656249999 0.32772675625000003 0.6195498078125 0.3387281921875 0.6293246953125
0 0.5321462203125 0.40494453124999996 0.5465098515625 0.410855684375 0.6307225828125 0.5854634625 0.6454551546875 0.568005759375 0.54382609375 0.3501160875 0.3522459546875 0.53018671875 0.35126620000000003 0.54898281875 0.364651440625 0.5591831203125001 0.5321462203125 0.40494453124999996
0 0.5934815890625 0.7595993828125 0.5907910171874999 0.7713945390625 0.6009978515625 0.7810276218750001 0.7253354812499999 0.6637247109375 0.7516816640624999 0.6461077015625001 0.763966896875 0.6538798203125 0.8096117484375001 0.8126772531249999 0.8225699656250001 0.81387384375 0.8283173250000001 0.795928571875 0.7629939593749999 0.6001411625 0.6080925421875001 0.735424346875 0.5934815890625 0.7595993828125
0 0.615856128125 0.7267663953125 0.7639723484375 0.5958520140625 0.7771751625000001 0.59597631875 0.8289930359375 0.76033914375 0.8358998484375 0.762687675 0.8439093953125001 0.7384504859375001 0.7804806359375001 0.545233065625 0.6135358609375 0.7006857453124999 0.6101114953125 0.7156977640625 0.615856128125 0.7267663953125
0 0.7735738234375 0.542884534375 0.7857374390625 0.5439393203125 0.8495351390625 0.7137878843750001 0.8610893046875001 0.6957629609375 0.7919767203125 0.4948355734375 0.62063055 0.65508246875 0.62032378125 0.667303040625 0.6283914109375 0.675438421875 0.7735738234375 0.542884534375
0 0.6467334984375 0.62403079375 0.7904483250000001 0.4979106296875 0.801451125 0.49317856562499995 0.8554703765625 0.6478908062500001 0.8668988359375 0.66666940625 0.8801030125 0.6522867578125 0.807262021875 0.44957805781250004 0.6346942265625 0.6006794375 0.6376874781249999 0.6201845609375 0.6467334984375 0.62403079375
0 0.22549726093750003 0.9372032375 0.25075856406249997 0.942468434375 0.17862805937499998 0.7982741890625 0.055941801562500004 0.9047124249999999 0.0791247078125 0.9118385859375 0.1648103421875 0.8370979843749999 0.1756901609375 0.8401555374999999 0.22549726093750003 0.9372032375
0 0.1683508734375 0.8868311 0.18998480625 0.9297497328125001 0.22533132500000003 0.9379306796875 0.1786239703125 0.84179504375 0.16303735156250002 0.8412453265625001 0.0805744390625 0.909108375 0.10614114687500001 0.9166599515625 0.1574102453125 0.8804148796875 0.1683508734375 0.8868311
0 0.585637490625 0.16385849218749998 0.592862028125 0.17024078125 0.7087489515625001 0.10892478125 0.7283866984375 0.122106034375 0.7544008609375 0.2612036140625 0.7623519359375 0.2544737734375 0.737146940625 0.1134833984375 0.7210252640625 0.0881971375 0.7168129000000001 0.0884639984375 0.5898504765625 0.15697085 0.585637490625 0.16385849218749998
0 0.5669772953125001 0.13811920625000002 0.5696823281250001 0.1477693390625 0.7086712937499999 0.044739181249999996 0.7324677640624999 0.0347255203125 0.7397484296875 0.03755273125 0.77731796875 0.10944775 0.785040803125 0.1566629265625 0.79505611875 0.1508107734375 0.7868028796875 0.10757533125 0.7381325765625 0.014855184375 0.726192403125 0.020873128125 0.5669772953125001 0.13811920625000002
0 0.60098396875 0.12636256562499998 0.59850033125 0.135596028125 0.60352124375 0.14005715937500002 0.7126295328125 0.077022140625 0.7224209640625 0.07876952499999999 0.74060875 0.085071121875 0.765563971875 0.21226583125 0.774295840625 0.20873113124999998 0.74962000625 0.0770025828125 0.7314895921875 0.053904339062499994 0.7242360578125 0.059230764062499996 0.60098396875 0.12636256562499998
0 0.74809588125 0.2656807203125 0.7544002390625 0.2678243984375 0.8532983249999999 0.206532359375 0.8615552937500001 0.21004309999999998 0.8770368015625 0.21993612968749998 0.89987165625 0.3498082375 0.9070413125 0.34650404218749997 0.8836489234375 0.2124580390625 0.8643750671875001 0.1860999390625 0.76176665 0.24876702812499998 0.76129175 0.255812471875 0.7487934187499999 0.2642773046875 0.74809588125 0.2656807203125
0 0.7605966984375 0.230732753125 0.7660080078125 0.23679145468749999 0.86577076875 0.17667232500000002 0.8740277390625 0.180183065625 0.8925497953124999 0.1916373125 0.9112296546875 0.30497963281249996 0.9206590640625001 0.3000415140625 0.901449421875 0.1840581515625 0.8791627703125 0.1576716859375 0.7699150968749999 0.2196632296875 0.7605966984375 0.230732753125
0 0.7832534609375 0.1777345390625 0.7856242234375 0.1822320234375 0.7874096984375 0.1810227609375 0.8518533390625 0.1466864390625 0.8668895671874999 0.14529541562499998 0.8801113218750001 0.1568223671875 0.8997478234375 0.18324518437499998 0.9043203453125 0.2095261765625 0.9206097796874999 0.230767978125 0.92414986875 0.2599205203125 0.9348065968749999 0.256220028125 0.927697421875 0.2096236609375 0.8734751812500001 0.1230429078125 0.7888892765625 0.16957291875 0.7832534609375 0.1777345390625
0 1 0.28658893124999996 0.9032187234375 0.3549892515625 0.9080718781250001 0.363494840625 0.9949465296875 0.3036221953125 1 0.30328064062500004 1 0.28658893124999996
0 0.8161510468750001 0.1280612984375 0.8146211062500001 0.1288764671875 0.8192100421875 0.13586189843750002 0.8863284359374999 0.1032235171875 0.8922882984375 0.110090871875 0.8992615359375 0.11605086875 0.9045413859375 0.17067783593750002 0.91703609375 0.19721086875 0.9052829093750001 0.102616059375 0.91551634375 0.089570203125 0.9130736328125 0.07788950312500001 0.8161510468750001 0.1280612984375