0 0.422164428125 0.3861035515625 0.44084133750000004 0.3903123609375 0.4520346984375 0.382122909375 0.4542369953125 0.371538709375 0.11727107187500001 0.1792697515625 0.0748589375 0.18265754843749998 0.0046387015625 0.2657510765625 0.0055854921875 0.319992625 0.08924401875 0.22018148593750003 0.1131715171875 0.215338696875 0.168117725 0.24402704218750002 0.422164428125 0.3861035515625
0 0.1184299 0.174803796875 0.4144964015625 0.3394681703125 0.4258025296875 0.3434254421875 0.439310953125 0.33679851250000004 0.4445615421875 0.3277469125 0.10045816249999999 0.12803656562500002 0.051408478125000004 0.13114290312500002 0.0033288703125 0.1907108546875 0.0044304546875 0.2538206234375 0.0523594484375 0.1868897296875 0.0677214796875 0.17521615937499999 0.09820961875 0.169553303125 0.1184299 0.174803796875
0 0.41226864062499996 0.2970294390625 0.42886381250000005 0.292485875 0.43616028125 0.28114145156250003 0.4198394875 0.2685514953125 0.0852270828125 0.0783958265625 0.03486475 0.0837650625 0.0021980265624999998 0.1259248234375 0.0032092265624999996 0.18385645 0.043922334375 0.129239071875 0.07051358125 0.120421246875 0.10682652968749999 0.12446268125 0.41226864062499996 0.2970294390625
0 0.40467492343749994 0.26199001875 0.423431340625 0.256805921875 0.43049708593749997 0.2421569171875 0.067411759375 0.023337217187500002 0.017821114062499997 0.02922729375 0.000875946875 0.05018294375 0.0021474875 0.12302946249999999 0.0336700640625 0.0771858203125 0.0611483625 0.0705411265625 0.09618711875 0.077396221875 0.40467492343749994 0.26199001875
0 0.39936978125 0.4914247234375 0.4127602421875 0.493639934375 0.43140129531250004 0.48680354843750007 0.43109625625000003 0.4719030046875 0.11269707656250001 0.2612017 0.0061614484375 0.352989146875 0.00716609375 0.41054527343749997 0.1061977578125 0.32608989374999997 0.1258027703125 0.3225281671875 0.1391163234375 0.323641853125 0.39936978125 0.4914247234375
0 0.423189196875 0.61141360625 0.140710628125 0.430729396875 0.0097488203125 0.5244471109375 0.0127867234375 0.567957446875 0.12066702968750001 0.491199325 0.14745055 0.4851353171875 0.1765465359375 0.49112826875 0.3948212484375 0.6263796015625 0.4165490515625 0.6216265796875 0.423189196875 0.61141360625
0 0.393790771875 0.5800256796875 0.40420985 0.5818098203125001 0.41984106250000003 0.573991596875 0.4228535 0.5644790000000001 0.13377843125 0.37356965781249996 0.008094784375 0.463749871875 0.008922284375 0.511157340625 0.11369637968749999 0.43348882343749995 0.1316041984375 0.426682359375 0.150898978125 0.42920895468750003 0.393790771875 0.5800256796875
0 0.451229240625 0.5180297031250001 0.4306602703125 0.518316771875 0.4007567390625 0.5007577828125 0.1762726703125 0.350294521875 0.1579033984375 0.350491821875 0.1455127546875 0.362596465625 0.1455101546875 0.3730908984375 0.43524154531250003 0.5628687875 0.5900154890625 0.46265599531249996 0.7137577328125 0.381384234375 0.7142243828125 0.36700453125 0.7027259828125 0.360293440625 0.691727490625 0.360742278125 0.451229240625 0.5180297031250001
0 0.1522968390625 0.2385970140625 0.1334250609375 0.2421288203125 0.1317226703125 0.25987294843750003 0.43931563437500004 0.47377691093749996 0.7324632171875 0.270154275 0.7291867937500001 0.25482265625 0.713945321875 0.2471596515625 0.45576738125 0.42505255937499997 0.43230393125 0.42601007968750004 0.3975780078125 0.402572225 0.1522968390625 0.2385970140625
0 0.7283454796875 0.37968425625 0.44492739062500003 0.56468285 0.451985340625 0.581517146875 0.4675755 0.5836425921874999 0.70089264375 0.4393518796875 0.7167930390625 0.4353890015625 0.7309167328124999 0.43757429062500003 0.906199896875 0.578446403125 0.9270791015625001 0.5720710109375 0.9337192484375001 0.561858040625 0.7283454796875 0.37968425625
0 0.91009159375 0.6025902390625 0.7118911375 0.4389030421875 0.43932031875 0.6107553109375 0.4368103859375 0.616933403125 0.445414309375 0.6243149484375 0.46173770156250005 0.62641046875 0.6773777546875 0.4922308046875 0.7025025375 0.48347282343750003 0.7198283453125 0.48939376875 0.8916017609375 0.6221241171874999 0.9092788515624999 0.6120130687499999 0.91009159375 0.6025902390625
0 0.9254385484375 0.49591600468749997 0.7071794203125 0.29769806718749997 0.4217128546875 0.49548391875000003 0.4200515171875 0.5032843796875001 0.4293886734375 0.5106360015625 0.44868345156249995 0.5131625984375 0.67494005 0.36253202500000004 0.698752184375 0.3560369421875 0.7247614203125 0.359946528125 0.891050921875 0.508918325 0.9129709937499999 0.506919121875 0.9254385484375 0.49591600468749997
0 0.7512326234375 0.2124980125 0.7121405609375 0.2107793234375 0.4120093390625 0.40916362656249994 0.4162523203125 0.41727546875000004 0.4335012171875 0.42209488906250003 0.7159527484375 0.24431606718749999 0.7366755375 0.2462320546875 0.911484259375 0.43296716718750006 0.9225212046875001 0.43306909375 0.9355655765625001 0.4303274328125 0.9386549234375 0.4219163640625 0.7512326234375 0.2124980125
0 0.7771779375000001 0.16283390312499998 0.7430646859375 0.1587027 0.4231003234375 0.3468497140625 0.4297737296875 0.3581763734375 0.44987865156250006 0.3617745734375 0.7203625359375 0.202158796875 0.7494226640625 0.19710655 0.7765112234375 0.2059430859375 0.9275847171875 0.4002748078125 0.9424031906250001 0.40187941250000003 0.9557577953124999 0.393049428125 0.7771779375000001 0.16283390312499998
0 0.7976034828125 0.11836604531249999 0.751604690625 0.11251055000000001 0.43260428749999996 0.303932221875 0.43661394218750005 0.31923391875 0.45378593125 0.3229518078125 0.7304459140625 0.1570083265625 0.7607802343750001 0.14914241718750001 0.7916503203125 0.15948163125 0.94407231875 0.36259565 0.9582729234375 0.36588246875 0.9738656796875 0.3575134796875 0.7976034828125 0.11836604531249999
0 0.807843275 0.0649241984375 0.769176809375 0.058769478124999996 0.4355860640625 0.2623855640625 0.4401751359375 0.2754542796875 0.4609363796875 0.27792103125 0.7539223500000001 0.1035786390625 0.77657565625 0.1015495125 0.803510396875 0.10818299375 0.9612546999999999 0.3243358078125 0.9746451609375001 0.3265510203125 0.9881920390625 0.32047485625 0.807843275 0.0649241984375
0 0.2631412859375 0.815127903125 0.046270689062499995 0.931683128125 0.0491241125 0.9409563421874999 0.0706954984375 0.9444947015625 0.24592045156250003 0.85283698125 0.2715835953125 0.8517896921875 0.29184233437499996 0.8575909484375 0.437619503125 0.9339395406250001 0.457996203125 0.9308986546875 0.4654849453125 0.9223080515625 0.2631412859375 0.815127903125
0 0.4513690453125 0.8886394609374999 0.259329096875 0.7815911578125 0.22795390625 0.785080884375 0.0348211359375 0.883545065625 0.036090132812499995 0.9017202703124999 0.2258643765625 0.807811809375 0.245430934375 0.8036993171875 0.26322079062500003 0.8057349968749999 0.43222548437499997 0.8988103515624999 0.44827969687499997 0.8970505281250001 0.4513690453125 0.8886394609374999
0 0.4598627984375 0.873379846875 0.2867356828125 0.7528560718749999 0.259336890625 0.750107859375 0.032513867187500003 0.850499240625 0.033744410937500004 0.8681236828125 0.2177655578125 0.7866013265625 0.248487021875 0.77374861875 0.2854178390625 0.7761078390625 0.4368608046875 0.88094653125 0.451525459375 0.88034808125 0.4598627984375 0.873379846875
0 0.031555103125 0.826235715625 0.033480425 0.8432794687499999 0.267712684375 0.7436903859374999 0.28550254218750004 0.745726065625 0.443426640625 0.8591376000000001 0.45951930625 0.8579285390625 0.46129600625 0.8517803703125001 0.2958499046875 0.7254198109375001 0.26559509062500003 0.723892815625 0.031555103125 0.826235715625
0 0.2703509671875 0.6866924203125 0.02998106875 0.7931599671875 0.031250065625000004 0.8113351718749999 0.2612752015625 0.7146794453124999 0.2802238890625 0.7122491671875 0.3049973875 0.7195231796875 0.45118976093749996 0.833413471875 0.4673977890625 0.8338567046875 0.47357388437500003 0.8275290015625 0.30581532031249997 0.6891114843749999 0.2703509671875 0.6866924203125
0 0.1284298015625 1 0.23659836875 0.9404860265625 0.27615708125 0.9278250109374999 0.3045967421875 0.9349494109375 0.4486408609375 0.9970080687499999 0.46681786406250003 0.99405695 0.4692508859375 0.9867773312500001 0.273308853125 0.897562928125 0.0838050875 1 0.1284298015625 1
0 0.2818462578125 0.8618652093750001 0.071305575 0.974295784375 0.0778251625 0.9834193890625 0.09781471875 0.9853653 0.2609208046875 0.8991731375 0.280525815625 0.8956114124999999 0.30055382812500003 0.898108084375 0.44968952343749996 0.9699009546875 0.4729606984375 0.9661896140625 0.4768217328125 0.9582993859375 0.2818462578125 0.8618652093750001
0 0.4853487484375 0.9645794046875 0.48368741093749995 0.9723798625000001 0.495765225 0.9768579781250001 0.6849600546875 0.88518249375 0.6990068390624999 0.8862662562500001 0.8129858203125 0.9600461734374999 0.82684033125 0.958376115625 0.8424715453125 0.9505578921875 0.699863228125 0.8564053250000001 0.4853487484375 0.9645794046875
0 0.846799228125 0.9282879625 0.71179501875 0.8271970828124999 0.537959621875 0.9176934296875 0.5216362296875 0.91559790625 0.48099559843749995 0.9338264031250001 0.480377728125 0.935508615625 0.48701268124999997 0.9462845124999999 0.5063074578125 0.9488111078125 0.6735822125 0.859134828125 0.6916823062499999 0.8550821828125 0.710938628125 0.8570580140624999 0.81634954375 0.9345015828125 0.8376132921874999 0.9336338296875001 0.846799228125 0.9282879625
0 0.5127631265625 0.904361015625 0.5186263890625 0.9146160671875 0.5380749859375 0.9193457203125 0.7190119828125 0.825245565625 0.745949321875 0.8213846124999999 0.7633135828125 0.8278563234374999 0.8621254031250001 0.9055691937500001 0.8832737875 0.90304915 0.8879065078125 0.8956797640625 0.74711594375 0.7854353578125 0.5127631265625 0.904361015625
0 0.537101146875 0.8000815265625001 0.5332401156250001 0.8079717562500001 0.5467074843749999 0.8112884953125 0.753276965625 0.6841069890625 0.7672083875 0.6835384609374999 0.9264477328125 0.784192659375 0.9372565484375001 0.770495571875 0.7803733171875 0.6614602234375 0.741627346875 0.6646984109375 0.537101146875 0.8000815265625001
0 0.7711052781250001 0.6866934312499999 0.744014121875 0.688351328125 0.5319633234375 0.8212798515624999 0.5326170484375 0.8306428359375 0.5451973703124999 0.8317864437500001 0.7296903609375 0.7148955203125 0.7513027984375 0.70849020625 0.7609501859375001 0.70975350625 0.9166413296875 0.8017151734375 0.9298779734375 0.8017273312500001 0.933700553125 0.793286340625 0.7711052781250001 0.6866934312499999
0 0.92431715 0.8168672546875 0.7730280015625 0.7142316171875 0.7406888515625 0.71444668125 0.5304890640625 0.8528229984375001 0.529484053125 0.8594920078125 0.5442256171875 0.8599950843749999 0.7262086765625 0.7492822515625 0.74820825625 0.7378901421874999 0.767426125 0.7393152125 0.8945622421874999 0.822500190625 0.912698190625 0.829492740625 0.9276730796875 0.8228059671875 0.92431715 0.8168672546875
0 0.7706282375 0.743050865625 0.74631619375 0.74238601875 0.536352328125 0.86307805 0.5357703140625001 0.8758054625 0.551322021875 0.87738014375 0.7336511703124999 0.771624184375 0.7509026671875 0.76594916875 0.7739020625 0.7688769171875001 0.8990692093750001 0.8554562484374999 0.914313278125 0.8526248187500001 0.9219942937500001 0.8467880328125 0.7706282375 0.743050865625
0 1 0.8103099796875 0.9138492265625 0.8565100875 0.8803127937499999 0.8606403421875 0.8164576234375 0.8096699078125 0.7657595953125 0.7681045359375 0.750438615625 0.7698344390625 0.740673265625 0.7774132812500001 0.8778745750000001 0.8889088265625 1 0.82868246875 1 0.8103099796875
0 1 0.8487028609375 0.8884064171875 0.9028396921875 0.8661761109375 0.9109272171875 0.7423985203125001 0.8231865171875 0.7279261375 0.8265387875 0.7248367906250001 0.8349498546874999 0.8612690109375001 0.9354301265625 1 0.8705566625 1 0.8487028609375