0 0.1938272359375 0.19615539531249998 0.2139146171875 0.20194725156249999 0.357783665625 0.3872873484375 0.371899134375 0.3735316453125 0.1997991484375 0.14620043124999998 0.039028884375 0.365904409375 0.04235751875 0.374979609375 0.053758476562500004 0.3793235015625 0.1938272359375 0.19615539531249998
0 0.192198525 0.1404085765625 0.2155433296875 0.1476484109375 0.361583978125 0.3460202125 0.3702704234375 0.32647262499999996 0.19599888125 0.0919015921875 0.1737398546875 0.1201369921875 0.033128184375 0.3134408890625 0.03747140625 0.323576696875 0.0456149421875 0.3243006640625 0.192198525 0.1404085765625
0 0.1889411015625 0.07452595 0.20034203750000001 0.0738019828125 0.2150003953125 0.083213778125 0.361583978125 0.2960652640625 0.3735278453125 0.2772417015625 0.203056571875 0.0274669515625 0.0287717828125 0.2418423421875 0.033128184375 0.25117823281249996 0.03910011875 0.2591420484375 0.1889411015625 0.07452595
0 0.19274145781250002 0.2598660453125 0.2150003953125 0.26203800781250003 0.359955265625 0.4394142578125 0.3735278453125 0.4256585859375 0.201427859375 0.2120830578125 0.0456227328125 0.43037760937499997 0.0488723421875 0.44231018593749993 0.057558789062500004 0.448102040625 0.19274145781250002 0.2598660453125
0 0.5325981421875 0.272173784375 0.5391129875 0.268553859375 0.555942990625 0.2700018234375 0.6791818125 0.43869028906249996 0.685696659375 0.4379662640625 0.6911255484375001 0.42276259843749997 0.5456278343750001 0.2222188359375 0.38923558593749996 0.42451640937499996 0.3919865171875 0.43651832968750004 0.4012158515625 0.4430342109375 0.5325981421875 0.272173784375
0 0.534226896875 0.213531021875 0.5429133 0.2070151390625 0.5586574343749999 0.21063506406250002 0.684067903125 0.39090730156250003 0.6927543046875 0.3742556125 0.5472565 0.1606801296875 0.38996823593749996 0.36688127656249997 0.39252940468749997 0.3771515703125 0.40338745156250005 0.38294342656249997 0.534226896875 0.213531021875
0 0.5407416546875 0.1534403109375 0.5575716578125001 0.1519923171875 0.57060135 0.1599561640625 0.6911255484375001 0.35398405781250003 0.7025265734375 0.3366084015625 0.558114546875 0.103485346875 0.3848396859375 0.308269275 0.3876432703125 0.31706081406250003 0.3963297171875 0.323576696875 0.5407416546875 0.1534403109375
0 0.5505139234375 0.0926255734375 0.5619148593750001 0.0882816671875 0.5760303265625 0.0940735375 0.692211415625 0.29823722343750003 0.69926915 0.3011331515625 0.7079555515625 0.2888254140625 0.5673439265625 0.0419466421875 0.38996823593749996 0.2398886078125 0.3930722953125 0.2490063015625 0.4012158515625 0.2547981578125 0.5505139234375 0.0926255734375
0 0.8539289468750001 0.2716479015625 0.8648286890625 0.2666164625 0.8811782687499999 0.2710888421875 0.9872410453124999 0.4432761140625 0.99814085625 0.42874081249999996 0.8711169812499999 0.2196562953125 0.706197678125 0.4205863390625 0.7088786875 0.4320951203125 0.7168438874999999 0.4354494265625 0.8539289468750001 0.2716479015625
0 0.8602172390625 0.214624834375 0.8698593156250001 0.2129477046875 0.8849512640625001 0.21518389375 0.9901755859374999 0.39016641406249997 0.9956255265625 0.38401688125 0.9989792078124999 0.37171776875 0.8753091859375 0.1671056546875 0.7113939828125 0.367804425 0.7143285578125 0.3767492296875 0.722293725 0.38401688125 0.8602172390625 0.214624834375
0 0.862313359375 0.16431038281250002 0.875728396875 0.16207421718749998 0.8908203453124999 0.17101897500000002 0.9993984875 0.35438724062500004 1 0.32084425781250003 0.9050738390624999 0.16039706250000002 0.8786629375 0.12014548750000001 0.8551866125 0.1458617484375 0.712986565625 0.3172443625 0.7139093125 0.326993790625 0.720616884375 0.3337024296875 0.862313359375 0.16431038281250002
0 1 0.26270309687500004 0.8870473499999999 0.0664767171875 0.862313359375 0.093311096875 0.8078146828125 0.147538903125 0.7175124921875 0.26444189218749997 0.7185207296875 0.2755612453125 0.7239706 0.2850650859375 0.8732131015625001 0.11231877812499999 0.8807590578125 0.1117597296875 0.898366303125 0.11846834531249999 1 0.3035137296875 1 0.26270309687500004
0 0.24779441093750001 0.7036620078125 0.2555114421875 0.700231678125 0.2679444375 0.70194683125 0.37855538125 0.8454495640624999 0.3867011625 0.8425908734374999 0.391417125 0.8311564171875 0.2679444375 0.6682151484375 0.2585124765625 0.6602109984375 0.1228128453125 0.8266325531250001 0.126894025 0.8363019234375001 0.133324896875 0.8431626296875001 0.24779441093750001 0.7036620078125
0 0.2490805890625 0.65678066875 0.25508269375000003 0.6556372015624999 0.26580082968749996 0.658495821875 0.379841559375 0.8008550640625 0.3875586265625 0.798568153125 0.39184583906250003 0.788277140625 0.2683731859375 0.6270510375 0.2559401578125 0.6167600125 0.1233914125 0.7826614828125 0.1264653109375 0.7899923171875 0.135468521875 0.7974247109375 0.2490805890625 0.65678066875
0 0.2499380171875 0.6144731015625 0.264514653125 0.6144731015625 0.3867011625 0.7745557734374999 0.393132015625 0.7579757640625 0.254653978125 0.5784544984375 0.1157471921875 0.7442543984375 0.11703337031250001 0.7505433703125 0.1264653109375 0.7562606109375001 0.2499380171875 0.6144731015625
0 0.246079484375 0.5778827875 0.25508269375000003 0.5715938140625 0.27137422031249997 0.5773110546875 0.38370009375 0.73453509375 0.39098841093750003 0.73453509375 0.39527565781249996 0.7242440578125 0.25979865625 0.535575215625 0.11587004375000001 0.703976409375 0.1183195296875 0.7116661343749999 0.12517915156249998 0.7116661343749999 0.246079484375 0.5778827875
0 0.53289623125 0.7025185890625 0.5418995125 0.696801325 0.555189934375 0.7008034109375 0.6627998796875 0.8311564171875 0.66880195 0.8311564171875 0.673517946875 0.8174350499999999 0.5431856546875 0.6556372015624999 0.413831903125 0.8320325093750001 0.4171406109375 0.8397322765625 0.4244289296875 0.8431626296875001 0.53289623125 0.7025185890625
0 0.534611159375 0.6556372015624999 0.5418995125 0.6527786046874999 0.5539037921875 0.6550654921875 0.6627998796875 0.7917074703125 0.667944590625 0.78884885 0.671803090625 0.7762709265625001 0.5474728671875 0.6144731015625 0.41267476875 0.7842043265624999 0.41456825625000004 0.7939943796875 0.424000215625 0.7974247109375 0.534611159375 0.6556372015624999
0 0.5320388046875 0.6121862046875 0.5436143703125 0.6087558625 0.5547612203125001 0.6098993296875 0.666658378125 0.759690940625 0.6752328734375 0.7476847515625 0.545329296875 0.5721655359375 0.41209620312500006 0.7410046796875001 0.41371082656249997 0.74882819375 0.41971296718750006 0.7539737015625 0.5320388046875 0.6121862046875
0 0.5358973015624999 0.575595878125 0.546186725 0.569306928125 0.5603346453125 0.57502415625 0.6683732359375 0.725959234375 0.673517946875 0.7231006375 0.6765190171875 0.7093792718749999 0.5496165093750001 0.5321448734375 0.43085978437500005 0.666499971875 0.4103605015625 0.6978050312499999 0.410709721875 0.7082358046875 0.416711896875 0.7128096015625001 0.5358973015624999 0.575595878125
0 0.8015626484375 0.6974125625 0.813469815625 0.6935797796875 0.8229134203124999 0.6974125625 0.91734979375 0.8249902890625 0.9288463124999999 0.8167771484375 0.8147015640624999 0.6541566046875 0.6789194875 0.8145746031250001 0.680848375 0.8255378640625001 0.68782845 0.8315608359375 0.8015626484375 0.6974125625
0 0.8077215234375 0.6547041359375 0.8171651265625 0.6514188625 0.827840546875 0.6541566046875 0.926382815625 0.788852409375 0.935005253125 0.7768064421875 0.828251128125 0.6240416765625 0.8183969421875 0.6152809734375 0.68002768125 0.7768959734374999 0.6833119375 0.7861146890625 0.692344959375 0.7915901296875 0.8077215234375 0.6547041359375
0 0.819628690625 0.6125432515625 0.8335888390624999 0.6114481796875 0.9382900515625 0.7625702859375 0.9460912562500001 0.7472390671875 0.8253769828124999 0.5764053390625 0.686186084375 0.7406685421875 0.6865966671875 0.7477865984375 0.692344959375 0.7549046765625 0.819628690625 0.6125432515625
0 0.819628690625 0.5758577984375 0.8331782546875001 0.5725725359375 0.8438536750000001 0.5769528921875 0.9415747124999999 0.726432384375 0.9522501312499999 0.7165766078125 0.8348206546875 0.5342444546875 0.6886496484375 0.69850766875 0.6894708140625 0.7078158921875 0.6956297218749999 0.7149339703125001 0.819628690625 0.5758577984375
0 0.17712598125 0.8625493437499999 0.18694096875 0.8625493437499999 0.310445821875 0.99943525625 0.315353315625 0.9863465671875 0.17671699999999999 0.8325544328125 0.06588977968750001 0.9874372859375 0.0691614203125 0.9956177234375 0.074886825 0.9988899078125 0.17712598125 0.8625493437499999
0 0.17671699999999999 0.9023607828125 0.1816244953125 0.894725740625 0.1898036296875 0.8979979015625 0.2822278296875 0.9983445359375 0.3063562546875 0.9988899078125 0.1824424203125 0.865276178125 0.081021175 0.9988899078125 0.088791346875 0.9983445359375 0.09778839375000001 0.9983445359375 0.17671699999999999 0.9023607828125
0 0.187758828125 0.9339917859375 0.196755925 0.9356278781249999 0.25319194375 0.9983445359375 0.2773203359375 1 0.1898036296875 0.9050875953125 0.1160463015625 0.9997072109375 0.124370565625 0.9988899078125 0.134594484375 0.99943525625 0.187758828125 0.9339917859375
0 0.1836692609375 0.9727125046875 0.191030503125 0.9683496234375 0.1988006578125 0.967804253125 0.22374704374999999 0.9983445359375 0.24869339531249998 0.99943525625 0.1992096390625 0.94271759375 0.19143945 0.9394454109374999 0.1403294453125 0.9997072109375 0.1484990078125 0.99943525625 0.160767709375 0.99943525625 0.1836692609375 0.9727125046875
0 0.46952994375 0.8663668765624999 0.477709078125 0.8598225312500001 0.5926259171875 0.9814383140625 0.5946706500000001 0.96998569375 0.47157474375 0.8325544328125 0.36442809375 0.9879826578124999 0.36769976875 0.9950723734375 0.3705624625 0.99943525625 0.46952994375 0.8663668765624999
0 0.471165796875 0.8287368765625001 0.47607329218750005 0.8287368765625001 0.588945328125 0.9492619390625 0.5922169703125 0.94817121875 0.5946706500000001 0.9372639703125 0.47075685 0.80365021875 0.3587027046875 0.9568970046875 0.36074750624999996 0.9656228125 0.3656549671875 0.9688949734375001 0.471165796875 0.8287368765625001
0 0.4732105296875 0.8952710671874999 0.4858882140625 0.896361809375 0.576676659375 0.99943525625 0.588945328125 0.9972538156249999 0.476891184375 0.8685483390625001 0.374330653125 0.9982355046875 0.3820132375 0.9988899078125 0.391419246875 0.9988899078125 0.4732105296875 0.8952710671874999
0 0.480162825 0.9301742546874999 0.4887509078125 0.9318103453125 0.544369 0.9988899078125 0.5709512046875 0.9999806265625001 0.47893598437499996 0.8985432515625 0.3969581296875 0.9982355046875 0.4073685359375 0.99943525625 0.42004621875000003 1 0.480162825 0.9301742546874999
0 0.7072237453125 0.877941171875 0.7175381875 0.8795282703125 0.8083848359375001 0.99591515625 0.814335475 0.987450603125 0.7127776828125 0.8525476859375001 0.5997152640625 0.9885086828125 0.5989218296875001 0.9953860953125 0.6013020984375 0.999089309375 0.7072237453125 0.877941171875
0 0.7111908484375 0.84302511875 0.8060045671875 0.9578249078125 0.8099716703125001 0.9440700625 0.7052402078125 0.8144574359375 0.5961448609375 0.9578249078125 0.5997152640625 0.9684054890624999 0.7016698046875 0.8435541359375 0.7111908484375 0.84302511875
0 0.7068270109375 0.9128572234375 0.7175381875 0.911799165625 0.7857723484375 0.999089309375 0.8024341968750001 0.999089309375 0.7119842484375 0.8816443859374999 0.6099235171874999 0.99760939375 0.6183606312500001 0.9980312296875 0.6298652421875001 0.9996183265624999 0.7068270109375 0.9128572234375
0 0.9273979109375 0.90016048125 0.9357288171875 0.9022765984375001 0.9995991765625 0.9911538609375 1 0.969992565625 0.93374525 0.8752960140624999 0.8262101890625001 0.9983232109375001 0.8333775921875001 0.9985602484375 0.840121665625 0.9996183265624999 0.9273979109375 0.90016048125
0 0.99721890625 0.95253455 1 0.932960396875 0.9373156859374999 0.8467283328124999 0.8219272859375 0.9833330453125001 0.8246499500000001 0.9922118984375 0.9373156859374999 0.8700057234375 0.99721890625 0.95253455
0 1 0.9017475578124999 0.9349354171875 0.813399378125 0.8242532515625 0.955708746875 0.8250466515625 0.9620571171875 0.8274269203125 0.9641732781250001 0.93096828125 0.842496078125 0.94048935625 0.8419670390625 1 0.9197346140624999 1 0.9017475578124999