0 0.05245989375 0.48353884531249997 0.132387625 0.34558881874999997 0.14237860625 0.3285448046875 0.157964515625 0.3237511734375 0.1691544109375 0.3248164203125 0.3274113421875 0.5170942546874999 0.343396865625 0.52561625625 0.35019074843750003 0.524551021875 0.349791096875 0.5064417359375 0.1587637796875 0.2800758734375 0.1503713671875 0.28060850312499996 0.0400577890625 0.46537629999999996 0.0388721671875 0.47128844843750006 0.0444671140625 0.4792778328125 0.05245989375 0.48353884531249997
0 0.0496624109375 0.5346708984374999 0.131588359375 0.405775503125 0.14357752031249998 0.3908619953125 0.157964515625 0.388198859375 0.1671561921875 0.3887315015625 0.17754682500000002 0.3977861203125 0.33620336875 0.5852703359375 0.34019976875 0.5788788296875 0.3390008515625 0.56503058125 0.16555766249999998 0.35570870781249997 0.1547674 0.3402625578125 0.1451760703125 0.34452357031249997 0.0444671140625 0.5080396125 0.036461578125 0.5245139859375 0.040470734375 0.5288120109375 0.0444671140625 0.5325404046875 0.0496624109375 0.5346708984374999
0 0.1463749859375 0.5562714390625 0.15316885 0.548814671875 0.16955402656250002 0.550945190625 0.1819428375 0.5568040562500001 0.3346048390625 0.7144612578125 0.339400503125 0.7117980968750001 0.34459578281250003 0.70593923125 0.3449954328125 0.6984824890625 0.17554860625 0.5205855328125 0.16555766249999998 0.507269878125 0.1567655984375 0.5088677546875 0.0764382171875 0.6372305328125 0.051260978125 0.68197108125 0.045152420312500004 0.6995295734375 0.0496624109375 0.7054065890625 0.0544580765625 0.7054065890625 0.1463749859375 0.5562714390625
0 0.1535684828125 0.509400396875 0.16755584375000002 0.5030088890625 0.1751489921875 0.5051393828124999 0.186738503125 0.51472664375 0.3298091734375 0.673981696875 0.3449954328125 0.683036315625 0.34819253125 0.6787753265625 0.3477929171875 0.6697207093750001 0.1703533265625 0.4683882203125 0.1627601796875 0.466257725 0.0700439859375 0.603675121875 0.059253740624999995 0.6223170015624999 0.056240735937499994 0.632000728125 0.0588541078125 0.6388284093750001 0.0692447203125 0.6409589046875 0.1535684828125 0.509400396875
0 0.149572103125 0.4601033109375 0.160362346875 0.45690755781250003 0.1703533265625 0.4558423234375 0.1811435734375 0.46649481875000004 0.32900987187499997 0.6369350328125 0.3382015875 0.6470548859374999 0.3425976 0.6380002671875 0.34419616875000003 0.6252172546875 0.3386012015625 0.6161626359375 0.1759482578125 0.43240678906249996 0.1595630828125 0.4142975296875 0.15596631562500002 0.41536276406250006 0.075638934375 0.5330730234375001 0.050861326562499996 0.5767483109375 0.0463511578125 0.5864487265625 0.0496624109375 0.5937923609375 0.058054825 0.6028469796875 0.149572103125 0.4601033109375
0 0.168754759375 0.6540374421874999 0.17914535468749998 0.6487111703124999 0.1935323484375 0.6513743062499999 0.20512189531249997 0.6572331953125 0.3553860265625 0.8005094578125 0.35938242656249997 0.7973137046875001 0.36098099375000003 0.7893243203125 0.36018169218749996 0.7824002203125 0.19273308281249998 0.615155759375 0.180743921875 0.60503588125 0.0872284625 0.75683416875 0.07883605 0.7738781953125 0.073622421875 0.7942297875000001 0.07683785 0.7946505921875 0.0836317140625 0.7951832343749999 0.168754759375 0.6540374421874999
0 0.1463749859375 0.6274061546875 0.162360528125 0.601840128125 0.1711525921875 0.599709634375 0.1851399359375 0.601840128125 0.19593017968749998 0.6087642515625 0.3453950828125 0.760029921875 0.34819253125 0.75683416875 0.3529881953125 0.7477795265625 0.3521889296875 0.7397901421874999 0.1803442703125 0.5714804703125 0.1751489921875 0.56136058125 0.168355109375 0.5624258281250001 0.0704436375 0.7147567578125 0.0628504890625 0.7307355234374999 0.061251940625 0.742453278125 0.0628504890625 0.749377403125 0.071642553125 0.7541710328125 0.1463749859375 0.6274061546875
0 0.18394101875 0.7003758671875 0.197129096875 0.6982453484375 0.211915740625 0.705169496875 0.36138060781250003 0.8404563749999999 0.3685741046875 0.837260621875 0.3713715890625 0.8282060031249999 0.18593923750000002 0.6567005546875 0.0824327984375 0.8298038796875 0.0826129484375 0.8397817890624999 0.0868288109375 0.8425868937500001 0.0924237609375 0.8431195359375 0.18394101875 0.7003758671875
0 0.480043371875 0.32163208593750003 0.49602893281249993 0.31364270156249996 0.5108155765625 0.3163058265625 0.5256021859375 0.3301540984375 0.6826602 0.4830176453125 0.6878555515625 0.48141976875000003 0.6930508296875 0.47502826093749995 0.6926512171875 0.46650623593749996 0.49003435156249997 0.26144539375 0.354956459375 0.5085836734375 0.35175934375 0.5266929328125001 0.356555009375 0.53201918125 0.36774490625 0.5277581921875 0.480043371875 0.32163208593750003
0 0.48244120312499994 0.41910257656249994 0.4936311 0.398862796875 0.51201449375 0.38927553593750003 0.5268011015625 0.39247129062499997 0.5427866625 0.40685217968750004 0.69385013125 0.5586504671875 0.701043628125 0.5490632078125001 0.7026421593750001 0.54320431875 0.506819178125 0.34080660625000003 0.3745387515625 0.55811785 0.3664139078125 0.5792563046875 0.37054238906250003 0.585814371875 0.3817322484375 0.5852817546875 0.48244120312499994 0.41910257656249994
0 0.5116148421875 0.6999732140625 0.5248029203125 0.6903859531250001 0.5415877453125 0.6871902000000001 0.5527776421875 0.6919838296874999 0.69704719375 0.8208792015625 0.706638521875 0.8155529781249999 0.70983565625 0.8086288296875 0.5503798093750001 0.6616241734375 0.5407884796875 0.6515042703125 0.5307975 0.6451127640625 0.5248029203125 0.6504390359375 0.41330371875000005 0.8166182140625 0.4035747515625 0.837384315625 0.406110221875 0.84537999375 0.41450263437499996 0.8464452296875 0.5116148421875 0.6999732140625
0 0.41450263437499996 0.7990415703125 0.5208065203125 0.637656021875 0.5280000171875 0.63019925625 0.5387902625 0.6286013796875001 0.5455841453125 0.6280687609375 0.5567740046874999 0.6344602687500001 0.7118338750000001 0.7724103078125 0.7186276828125 0.7644209234375 0.7174287671874999 0.756431515625 0.5483815921875 0.5966438453125 0.5383906484375001 0.5918502140624999 0.5268011015625 0.5918502140624999 0.4101066203125 0.774008184375 0.4032750671875 0.7862382078125 0.40331273906250004 0.7947805812500001 0.4113055375 0.8006394453125001 0.41450263437499996 0.7990415703125
0 0.40491130625 0.7686819109374999 0.5124141078125 0.5977091046874999 0.5260018359374999 0.5913175984375 0.5347939 0.5913175984375 0.543985578125 0.5929154734375001 0.5547758234375 0.6030353515625 0.7034414625000001 0.7383222546875 0.7070382109375 0.73565911875 0.711034571875 0.7303328703124999 0.711034571875 0.7239413640625 0.5331953328125 0.5556316671875 0.5252025703125 0.5503054203125 0.5196076046875 0.5535011734374999 0.3918870671875 0.7538723125 0.39292214375 0.762823046875 0.397717809375 0.7654861578125 0.40491130625 0.7686819109374999
0 0.510016275 0.5446836484375 0.5188083390625 0.5404226359375001 0.5319964171875 0.5377595234375 0.5415877453125 0.5425531546875 0.6990454109375001 0.6884925765625 0.7038410749999999 0.6895578109375 0.7090363546875 0.6821010703125 0.7078374390625 0.668252771875 0.5240036546875 0.4983452234375 0.5204069062500001 0.4956820875 0.5136130234375 0.50473673125 0.393721409375 0.6980798359375 0.3915873828125 0.7115169421875 0.3941210609375 0.7199174687500001 0.401714209375 0.7172543578125 0.510016275 0.5446836484375
0 0.510016275 0.4984637703125 0.5252025703125 0.49633327656250004 0.535992815625 0.49899641250000004 0.5467830609375001 0.5059205359375001 0.7002443265625 0.64866418125 0.7070382109375 0.644935834375 0.7090363546875 0.6326854140625 0.51601085625 0.44892959218749995 0.39252249375 0.6507946984374999 0.38452973125 0.6699692203125001 0.3869275640625 0.6811543578125 0.39651889218749997 0.6811543578125 0.49882641562499996 0.5101815484375 0.510016275 0.4984637703125
0 0.500824596875 0.45425586406249996 0.5136130234375 0.449462234375 0.5280000171875 0.448396975 0.5395895640624999 0.4553210984375 0.6950490484375 0.6028583984375 0.7030417734375 0.5969995078125 0.7062389078125 0.5895427421874999 0.5108155765625 0.40152593281250004 0.389725046875 0.6023257562500001 0.37853515 0.6337506984375 0.38452973125 0.6369464515625001 0.3905243125 0.636413809375 0.500824596875 0.45425586406249996
0 0.7407952328125 0.4832020640625 0.9067270265625 0.29528028281249996 0.92430105625 0.28602037343750003 0.9349272546874999 0.2849309625 0.9475968984375 0.2925567828125 0.999910390625 0.3660913875 1 0.33558813593750003 0.9410577390625001 0.24189960312499997 0.93451854375 0.23590789218750002 0.930431540625 0.2369972953125 0.7305777453125 0.4612937796875 0.7273081671875 0.4712186296875 0.7322125546875 0.4832020640625 0.7407952328125 0.4832020640625
0 0.7293516484375 0.6812401765625 0.873622409375 0.5074806234375 0.888335571875 0.5020336109375 0.9022313109375 0.5009442140625 0.9189879937500001 0.5167405328125 1 0.61151846875 0.999910390625 0.5831940359375001 0.9026400234375 0.46335986093750003 0.89446605625 0.45954695156250003 0.8879268609375 0.4628151546875 0.7158313734374999 0.6639003140625 0.71709068125 0.673069665625 0.7236298765625 0.6796060749999999 0.7293516484375 0.6812401765625
0 0.7309864578124999 0.647157015625 0.878935471875 0.4635928359375 0.8940573453124999 0.4581458109375 0.9050922171875 0.4586905296875 0.9185792828125001 0.4706739375 0.9995016796874999 0.5578260546875 0.9995016796874999 0.5311357234375 0.9116314125 0.4260084828125 0.8965095390625001 0.4123909453125 0.8887442453125001 0.417293253125 0.73139516875 0.6166537390625 0.715218415625 0.6412944671874999 0.7183167765625 0.6493357859375 0.722812490625 0.6509698890625 0.7309864578124999 0.647157015625
0 0.8817963765625001 0.4162038671875 0.893648634375 0.4069439453125 0.9091792203125 0.4047651515625 0.9263445750000001 0.417293253125 0.999910390625 0.5093477015625 1 0.4804785515625 0.9116314125 0.36445728593750004 0.9046835062499999 0.3590102859375 0.8985530203125001 0.36282318281250003 0.7293516484375 0.56490718125 0.720360296875 0.5839716921875 0.722812490625 0.5932316390625 0.7342560359375 0.5905081015625 0.8817963765625001 0.4162038671875
0 0.8842485703125 0.363367875 0.8952834421875 0.35574206875000003 0.9079531218750001 0.3524738640625 0.9198053796875 0.3551973640625 0.92675325 0.3600996703125 0.9995016796874999 0.46577162968749997 0.999910390625 0.42546376406249997 0.917761896875 0.3105319078125 0.9079531218750001 0.30345079375 0.7211776828125 0.5196970078125001 0.7161378515625 0.53055360625 0.7199515859375001 0.5409403390625 0.7293516484375 0.5436638515625 0.8842485703125 0.363367875
0 0.8728049875 0.6060714703125 0.888335571875 0.6033479578125001 0.9022313109375 0.6055267765625 0.9087705078124999 0.610429084375 0.9995016796874999 0.7041176109375 0.9995016796874999 0.6785166640625 0.8952834421875 0.5701212171875001 0.8838398578125 0.5706659109375 0.876074603125 0.5777470359375 0.8613614406250001 0.5935433421874999 0.744882234375 0.7302632734375 0.725264684375 0.7574982953125 0.7231868546875 0.7693288828125 0.7256733578125 0.77383931875 0.7318038437500001 0.7732946015625 0.8728049875 0.6060714703125
0 0.8777093734375001 0.5712106265625 0.8867007640625 0.5663083203125 0.900596540625 0.5646742171875 0.9120400875 0.5728447296875 0.999910390625 0.675793178125 0.9990929671875 0.64311113125 0.89691825 0.5254557609375 0.8891529578125 0.5216428390625001 0.8805702796875 0.5298133515625 0.73629955625 0.7013940984375 0.72226741875 0.7300996484375 0.7244472625 0.7373443484375 0.73139516875 0.7378890671875 0.8777093734375001 0.5712106265625
0 0.8719876015624999 0.6750059921875 0.8842485703125 0.6673801734375 0.897326925 0.665201378125 0.908361796875 0.6684695828125 0.9995016796874999 0.762158109375 1 0.736012471875 0.8993704453125 0.6308852296875 0.8871094749999999 0.6281617171875 0.7309864578124999 0.807912975 0.7283969875 0.8281727343749999 0.7322125546875 0.8318798171875 0.7379343265625 0.8313351000000001 0.8719876015624999 0.6750059921875