0 0.412662384375 0.560751403125 0.44100256406250005 0.5827223609375001 0.455421784375 0.57810773125 0.4589113828125 0.566851340625 0.4304872515625 0.5457742046875 0.200516234375 0.372233859375 0.1659223359375 0.3715257796875 0.0056286921875 0.4837285953125 0.0059956921875 0.5152685499999999 0.1696208953125 0.40336179375 0.1922238734375 0.402253315625 0.229557240625 0.42558669687500006 0.412662384375 0.560751403125
0 0.368177371875 0.49055420625 0.4392586921875 0.543023590625 0.45299441093750004 0.53921195625 0.45734728437500005 0.5317125125 0.191146178125 0.3295666765625 0.1540701390625 0.32938910625 0.00964885625 0.4362390359375 0.005518671875000001 0.4742735546875 0.005555146875 0.47740815000000003 0.1593574484375 0.363732165625 0.1866728390625 0.3642441328125 0.208436265625 0.3720738890625 0.368177371875 0.49055420625
0 0.440812790625 0.4811608875 0.1871300546875 0.28816385625 0.1469723328125 0.2884259703125 0.0143503375 0.38618492187500003 0.009804904687500001 0.4281037953125 0.1512284578125 0.3207997265625 0.18226705781250002 0.32051592812499996 0.206818328125 0.33103438125 0.25119020000000003 0.3635929359375 0.4363577078125 0.50269625 0.45014726562499996 0.5047852953125 0.458139390625 0.49738391093749995 0.440812790625 0.4811608875
0 0.4601424515625 0.46958455624999995 0.18487059374999998 0.24748043437499997 0.14432321406249998 0.2454171578125 0.0182423859375 0.338274540625 0.0136668359375 0.38698791875 0.1486751546875 0.283244684375 0.1855832828125 0.285209903125 0.216015940625 0.3043249640625 0.43382812499999995 0.47783639375 0.45206637031249997 0.4778797640625 0.4601424515625 0.46958455624999995
0 0.2164374625 0.507001 0.40369105625 0.6627381015625 0.42363212499999997 0.6576001890625001 0.42412399375 0.6458896562499999 0.1857000296875 0.43933975937499997 0.0061176124999999994 0.5257463828125 0.0065599000000000005 0.563756471875 0.1474057140625 0.497449596875 0.175896478125 0.4854480375 0.19859526875 0.4897933265625 0.2164374625 0.507001
0 0.3693526296875 0.7758397687499999 0.3857502609375 0.7760575671875001 0.3941320421875 0.7709815671875 0.3967282546875 0.762762728125 0.179533871875 0.5762000281249999 0.00755495 0.64927088125 0.007970120312499999 0.6849504328125 0.14973540937500002 0.6215455390625 0.175809734375 0.622322765625 0.2056729609375 0.6345524953125 0.3693526296875 0.7758397687499999
0 0.39658499375 0.7319185906250001 0.401021821875 0.723525325 0.1817112359375 0.527123340625 0.007018735937499999 0.6031887359375 0.0074077859375 0.6366235765625 0.17096045625 0.5703684921875001 0.1950381125 0.5794553828125 0.3774113828125 0.7353596859375 0.39658499375 0.7319185906250001
0 0.199158303125 0.5161683484374999 0.1936601796875 0.5293868140625 0.41661001875 0.725886853125 0.680862946875 0.6186066703125 0.6826378640625 0.6061839703125 0.6676793296875 0.597118765625 0.435208734375 0.6897231484375 0.4128996015625 0.6877032468750001 0.22004659843750002 0.513893559375 0.199158303125 0.5161683484374999
0 0.2057551703125 0.42651351875000004 0.2026552296875 0.44009529687500004 0.43462198125 0.65065294375 0.7102845390625 0.5319563984375 0.706399815625 0.515050121875 0.6939352796875 0.5118019968749999 0.4552292203125 0.6125271624999999 0.43643340625000004 0.6119460515624999 0.42220035312500004 0.6016309390625 0.2424652703125 0.43706088750000005 0.2223626875 0.42449675937500003 0.2057551703125 0.42651351875000004
0 0.6853609359374999 0.551297428125 0.5177918953125 0.6197387203125 0.41205458437500003 0.6708042 0.41716851562499996 0.681097625 0.43794274062499994 0.6865111671874999 0.647558490625 0.5976967328125 0.6714025375 0.5963229984375 0.694754715625 0.6066597953125 0.8200753000000001 0.7484816671875001 0.8424683890625 0.7496077453125001 0.85362615625 0.7408728531250001 0.6853609359374999 0.551297428125
0 0.46618535312500003 0.4958832046875 0.48451941718749997 0.5013803453125 0.7407081265625 0.40874296250000003 0.7801522296875001 0.4160783484375 0.90099308125 0.6120673625 0.9214917171874999 0.607467190625 0.7906748671875 0.3882098515625 0.7629999328125 0.3785779921875 0.461071421875 0.48558977812500004 0.46618535312500003 0.4958832046875
0 0.7376383015625 0.41553023749999995 0.4498652859375 0.5142612703125 0.44954132500000005 0.52418415625 0.46925425 0.5344228984375 0.720700428125 0.4469595703125 0.7403056765625 0.44539695156250003 0.7667815171875 0.45484715312499996 0.880919684375 0.6380357 0.9002730671875 0.6391545515625 0.906646325 0.6360406249999999 0.775031903125 0.425274609375 0.7376383015625 0.41553023749999995
0 0.7278949796874999 0.44804950625 0.43588316562499996 0.5465916578125001 0.4439108734375 0.5582330453125001 0.4606561828125 0.56122314375 0.6723580203124999 0.48904249999999994 0.7111250171875 0.47769119375 0.7410603421874999 0.4826795078125 0.86328645 0.6639204375000001 0.881608653125 0.6630699859375 0.8875502734375 0.658077584375 0.75745250625 0.4570600265625 0.7278949796874999 0.44804950625
0 0.4176020125 0.592322165625 0.42498819687499995 0.6043196375 0.44754919531250004 0.603658071875 0.69025405 0.5121508546875 0.7108904796875 0.5125575375 0.8482612859374999 0.6879339265625 0.8670151234375 0.68896195 0.8724411546875 0.6829849 0.7299025765625 0.49141440000000003 0.698378503125 0.4839190453125 0.4176020125 0.592322165625
0 0.6911391828125 0.6192569234375 0.4240682953125 0.7306429125 0.4240500390625 0.7437850078125 0.4399019625 0.7498126593750001 0.6596260421875 0.6634361265625001 0.6763175140625 0.66052554375 0.6944416875 0.6682572421875 0.8278921890625 0.8076845828125 0.8501474859375 0.80380380625 0.85569945 0.79648601875 0.6911391828125 0.6192569234375
0 0.4100980390625 0.769320890625 0.4139709 0.7798795734375 0.4281501171875 0.7842940046875 0.6519870625 0.699447090625 0.6757590140625 0.705314771875 0.8081363578125 0.8432197218749999 0.8285090625 0.8399602843749999 0.8315788875000001 0.8331730078125 0.6765812390625 0.6641916671875 0.4100980390625 0.769320890625
0 0.38755994843749997 1 0.3878993125 0.9993660703125 0.2554993921875 0.868090190625 0.22108308906250002 0.8622702109375 0.010629028124999999 0.9134564781250001 0.010809448437499999 0.9289616859375001 0.06804795625 0.9160599578124999 0.17908615625 0.8895460375 0.21920272187499998 0.882289446875 0.2499632421875 0.8924043359375 0.3621844421875 1 0.38755994843749997 1
0 0.2596280046875 0.8717461171875 0.3778904609375 0.9890614390625 0.39460564374999996 0.9885632375 0.3964817375 0.98157434375 0.2633283328125 0.845335575 0.23457995 0.8397681625000001 0.010388915625 0.89282116875 0.0105506734375 0.906722703125 0.20800355 0.8630161453125 0.23498444687500003 0.85710308125 0.25036470781250003 0.8621605265625 0.2596280046875 0.8717461171875
0 0.2803961578125 0.849739540625 0.3817591796875 0.96085813125 0.401091734375 0.9671204203125001 0.40961375 0.9629566265625 0.2771821109375 0.81470535 0.2429622625 0.8067938078125 0.010043465625000001 0.8631333984375 0.010247453125 0.880663934375 0.22105564531250002 0.8322644703125001 0.2395706546875 0.829917609375 0.26898039375 0.83710044375 0.2803961578125 0.849739540625
0 0.35876331875 1 0.22374010625000001 0.8902499484374999 0.1932760953125 0.8856348125 0.0109705125 0.942803528125 0.01104115 0.9488740609375 0.028812349999999997 0.9528919234375 0.18307016874999998 0.9077262781250001 0.20101594375 0.907111459375 0.2247016328125 0.9146393171874999 0.3298491765625 0.998450984375 0.339980725 1 0.35876331875 1
0 0.1350398453125 0.968938403125 0.19016816875 0.9533493937499999 0.20696754999999997 0.951954809375 0.2343450125 0.9591328140625001 0.2754188265625 0.9892959375 0.32145955625 0.9968769546875 0.21961880156250002 0.9211424078125001 0.0914322359375 0.9614229421875 0.1350398453125 0.968938403125
0 0.7667335078125 1 0.6938164234374999 0.9323715765625 0.6679020015625 0.926930446875 0.48247160781250004 1 0.5224811890625001 1 0.6575557484375001 0.9505158874999999 0.6807405375 0.950391703125 0.6964655109375 0.9561074640625 0.7440063078125 1 0.7667335078125 1
0 0.8048303984375 1 0.696827325 0.9046444046875 0.6678263578125 0.90176614375 0.45833956249999996 0.9982185906250001 0.46210046250000003 1 0.47852250312500005 1 0.66606618125 0.9248340531249999 0.6796026937499999 0.9235512531250001 0.6916078265625 0.9299156609375 0.7728650953125 1 0.8048303984375 1
0 0.82946313125 1 0.8289996921875 0.9907319125 0.6982427890625 0.880918184375 0.676653440625 0.8770414203125 0.46583599531250003 0.9660191656249999 0.462701246875 0.9734234718750001 0.4736722453125 0.9778129359375001 0.661925984375 0.899660084375 0.6794068578125 0.8953382796874999 0.6896042359375001 0.8993074968749999 0.808415590625 1 0.82946313125 1
0 0.7103126046875 0.86062431875 0.6759884265625 0.8581518015625 0.4698127 0.9496510218750001 0.46893474843750005 0.9546698062500001 0.47873128437499995 0.958578296875 0.6725327546875 0.87762934375 0.6868709515625 0.8764679937500001 0.6989602781250001 0.8819360203125 0.8195399390624999 0.983237884375 0.8340623859375 0.9887714671875001 0.8389890296875 0.9752746515625 0.7103126046875 0.86062431875
0 0.6997463125000001 1 0.6659130296875 0.965419053125 0.5557591562499999 1 0.6180055484375 1 0.624641515625 0.9979565656249999 0.642839878125 0.9946525953125 0.668416409375 1 0.6997463125000001 1
0 0.7301298093749999 1 0.68541031875 0.9526143843750001 0.6664023421875 0.951553053125 0.6604897640625 0.9582334859375001 0.700147396875 1 0.7301298093749999 1