0 0.40721856718750005 0.2807327671875 0.39714582656249997 0.269149971875 0.399847309375 0.26210374375 0.2426583171875 0.051051215625 0.21168312656250002 0.0427543359375 0.080320346875 0.10905128906249999 0.06811962656250001 0.1442435140625 0.207822440625 0.0761616046875 0.225621159375 0.0798314609375 0.237302878125 0.0917760875 0.30763116562500004 0.1841291875 0.386630284375 0.2910775296875 0.4015299578125 0.30374581875 0.4173008203125 0.2976420421875 0.40721856718750005 0.2807327671875
0 0.20324477968750002 0 0.09561291250000001 0.060245190625 0.0828147671875 0.0986307796875 0.1967905796875 0.0340809109375 0.2129636859375 0.028067590625 0.2289558671875 0.0333278171875 0.2685470734375 0.08183102656249999 0.40334615156250003 0.25124356875 0.41200034687500003 0.256517465625 0.4257671125 0.2539562609375 0.42957298593750004 0.24616007812500001 0.23734120781249998 0.000605296875 0.2343030203125 0 0.20324477968750002 0
0 0.25108244375 0 0.2583602546875 0.006330437499999999 0.3397704625 0.11248990781249998 0.4216828796875 0.21842954374999998 0.4378631125 0.2164110859375 0.4419712640625 0.20901565 0.42967072812499996 0.1882798046875 0.28711025 0 0.25108244375 0
0 0.28922130468749996 0 0.39036516250000003 0.130855996875 0.4310631359375 0.17994087187500002 0.44383736406249996 0.1844774359375 0.4550811921875 0.17635729375 0.32628505625000004 0 0.28922130468749996 0
0 0.1974235046875 0.1071002171875 0.060929137499999994 0.17057930625 0.045327165625 0.2149897953125 0.165648428125 0.157524025 0.18324008125 0.1578196015625 0.19490991875000002 0.1631061234375 0.3524797671875 0.36226452187499997 0.3581111875 0.3635309328125 0.37288 0.359198440625 0.377188084375 0.3511824234375 0.1974235046875 0.1071002171875
0 0.1513911796875 0.223201528125 0.0270379671875 0.2744362359375 0.0148080125 0.3123972015625 0.119275084375 0.27066684375 0.1355552859375 0.268338096875 0.151154728125 0.2788343484375 0.286853509375 0.445454275 0.3038619953125 0.45693294218749997 0.3187647671875 0.4521846625 0.32176377343749996 0.442875940625 0.1513911796875 0.223201528125
0 0.15712747031250002 0.1705825265625 0.044029971875000004 0.22035519531249997 0.0312318265625 0.2587407859375 0.136098765625 0.215769265625 0.153395271875 0.2196589546875 0.1715224078125 0.23837739062500002 0.30601920625 0.40738918437500005 0.31416881406249997 0.41155129375 0.326726471875 0.40738709375 0.3311321484375 0.3977291640625 0.15712747031250002 0.1705825265625
0 0.8081750624999999 0.4195983265625 0.7349123296875 0.190143225 0.7031718140625001 0.1781817421875 0.3990196125 0.2622823734375 0.39813319687500004 0.2680197453125 0.40285975 0.278729825 0.4153011984375 0.2789303828125 0.6817017484375001 0.20600540625 0.7062528984374999 0.2089292328125 0.7178185296875 0.22080625937499998 0.780035853125 0.41586760937499995 0.7930505218749999 0.42324692031250005 0.8081750624999999 0.4195983265625
0 0.7617637703125 0.15308112499999998 0.7303549953124999 0.138596934375 0.42093746875000004 0.22411079374999998 0.4206216234375 0.235542146875 0.43666438125000007 0.24397346875 0.7050818921875 0.170759984375 0.730084196875 0.1752694453125 0.7488286000000001 0.190245034375 0.807914321875 0.3890546703125 0.820700759375 0.3941563921875 0.8303343953125 0.39112820937500004 0.7617637703125 0.15308112499999998
0 0.78534635625 0.115714328125 0.7528123375 0.098750821875 0.43813478593750005 0.1886474609375 0.4402844078125 0.199891165625 0.45464459843749994 0.20757306406249998 0.727204840625 0.1319518078125 0.7412173890625 0.13324776875 0.7673634875 0.1506299625 0.8266800906249999 0.353201965625 0.841717015625 0.3632623171875 0.85302791875 0.35801401093749996 0.78534635625 0.115714328125
0 0.7716602953125 0.0536850125 0.45228353125 0.150702696875 0.458378740625 0.164629553125 0.47284509375 0.168995925 0.756379196875 0.08767952343749999 0.7846590203125 0.10739677968750001 0.8472319374999999 0.3132983859375 0.8599201609374999 0.3261699546875 0.8751508687499999 0.3192058328125 0.7976816796875 0.063989315625 0.7716602953125 0.0536850125
0 0.419162534375 0.30725602812499997 0.3879952375 0.3024732984375 0.3437284734375 0.24279848906249998 0.23900628125 0.0960614640625 0.2257739859375 0.0923436546875 0.21390045937500002 0.09635230312500001 0.2043888875 0.104973603125 0.21248852187499997 0.1216368546875 0.383040284375 0.3521921140625 0.67705734375 0.241323321875 0.67782434375 0.23147760625 0.6709693671875 0.22140201249999997 0.6579599984375 0.21699225000000003 0.419162534375 0.30725602812499997
0 0.39117966718749997 0.3911269765625 0.36427451718750004 0.38804481874999996 0.34788941875 0.376197109375 0.2157552671875 0.19361204062499998 0.1972549953125 0.1898226859375 0.181806659375 0.20044830937499997 0.1914800484375 0.2196917359375 0.3566126234375 0.42824981875 0.389995959375 0.41868911875 0.633169684375 0.3312647109375 0.635279559375 0.32023680312499997 0.623716578125 0.30984455 0.6129576984375 0.3103934171875 0.39117966718749997 0.3911269765625
0 0.729746859375 0.5615102984375 0.6120658156250001 0.37586772812499997 0.34524855312499997 0.46650913281250006 0.34594118906250004 0.47779622968749996 0.3573900546875 0.4870496859375 0.5683162875 0.4176043921875 0.58646626875 0.4135230328125 0.60059558125 0.41744256718750006 0.6090243078124999 0.4300983359375 0.707692975 0.5762161156250001 0.7278546140625 0.5688767 0.729746859375 0.5615102984375
0 0.640229040625 0.3302549265625 0.36681153125 0.42794606875 0.3624511703125 0.434015346875 0.3679632734375 0.4452731265625 0.37962711875 0.44938030625 0.6008557765625 0.3748309609375 0.6217021 0.374324321875 0.63326508125 0.3847165734375 0.728926859375 0.541660534375 0.7446193234375 0.542221146875 0.7549111453124999 0.5311779999999999 0.640229040625 0.3302549265625
0 0.6434590265625 0.256030303125 0.38001749687499997 0.3541096515625 0.372183190625 0.360510828125 0.3576212703125 0.3653990796875 0.36133934375 0.3762534140625 0.3769309421875 0.3830991 0.5007006374999999 0.33783703125 0.60005184375 0.3011833546875 0.62460034375 0.3026224046875 0.6416568796875 0.31387901875 0.7344126328125 0.47536408750000003 0.7529102546875001 0.4776686671875 0.76701836875 0.46971000625 0.6434590265625 0.256030303125
0 0 0.5907161765625 0.11399331875 0.5813124640625 0.1301001203125 0.5854729625 0.147441 0.597717053125 0.21404343125 0.73974535 0.227872640625 0.7433936546875 0.235425490625 0.738362790625 0.15797421250000002 0.576936753125 0.1366480234375 0.5640656093749999 0.1201426796875 0.5643914609375 0 0.57491364375 0 0.5907161765625
0 0 0.5734114703125 0.1303832 0.5618492328125 0.14282814375 0.5643787125 0.1598398046875 0.5743953687500001 0.16603338125 0.5822483968750001 0.22284778125 0.707001740625 0.233692784375 0.724245215625 0.24427021093749998 0.7282389484375 0.25296281875000004 0.7240027484375 0.17281425781249998 0.554702415625 0.14140927187500002 0.54387151875 0 0.5577593281250001 0 0.5734114703125
0 0 0.55457833125 0.15246418281250002 0.5420507812500001 0.174271696875 0.55126171875 0.1831567859375 0.563757646875 0.2455332453125 0.7069889953125 0.2615591859375 0.71140048125 0.26748710625 0.7070808984375 0.190499853125 0.5323004671875 0.1654367109375 0.52128069375 0 0.53746954375 0 0.55457833125
0 0 0.53350474375 0.16998613125 0.51907368125 0.1841387890625 0.521718025 0.193341559375 0.5299785953125 0.261349403125 0.6849741671875 0.274123559375 0.6897310828125 0.2821692703125 0.687502803125 0.2131468703125 0.5107450828125 0.1842601421875 0.49859627656249994 0.074508140625 0.507830946875 0 0.51660779375 0 0.53350474375
0 0 0.6422287828125001 0.07505073906250001 0.629620015625 0.096282609375 0.6352022265625 0.1097151984375 0.6444140093749999 0.19783641875 0.7705550546875 0.215649015625 0.77375328125 0.2231190796875 0.7678962734375 0.11314420624999999 0.6066931296875 0.1047596671875 0.6013083140625 0 0.6205362109375 0 0.6422287828125001
0 0 0.7107131140625 0.029895240625000003 0.7047937453124999 0.0638743546875 0.7000530265625 0.08600724062500001 0.709337134375 0.180776453125 0.8245911546875 0.20046040937499998 0.82847939375 0.2072797328125 0.8224760484375 0.0854528640625 0.67206633125 0 0.6893014203125001 0 0.7107131140625
0 0 0.6826930609375 0.0752027296875 0.6692229015625 0.0922818 0.6714486453124999 0.10839629218749999 0.67991766875 0.1965079015625 0.8006730531249999 0.2074106984375 0.8047399578125001 0.222283425 0.800816859375 0.22113597812500002 0.795713671875 0.10865630156249999 0.6433683578125 0.0876823984375 0.645650228125 0.0718374046875 0.651508078125 0 0.6637772546875 0 0.6826930609375
0 0.6304555109375001 0.699266365625 0.607440859375 0.695063078125 0.50899330625 0.718946784375 0.39959475625 0.7507391625000001 0.40137044531250005 0.7582687890625001 0.41038343125 0.7615920765624999 0.5889674203124999 0.71197553125 0.6074686359375 0.710626359375 0.624122259375 0.7163161031249999 0.7106703515625 0.82717688125 0.7252585140625001 0.8275405640625 0.7268093828125 0.81881439375 0.6304555109375001 0.699266365625
0 0.613560865625 0.6682422375 0.4059303234375 0.7349863625 0.4039807390625 0.7397336109375 0.4102536625 0.743737125 0.6101670343750001 0.686601209375 0.624759825 0.689558778125 0.7241435390625 0.8062230078124999 0.7362906703125 0.8102511124999999 0.7424477109375001 0.8041813140625 0.6406902421875 0.6740190687500001 0.613560865625 0.6682422375
0 0.6510292796875 0.6523603812500001 0.628404084375 0.6469482531249999 0.41313752968750006 0.7139197984375001 0.41442408437499995 0.721663534375 0.419811478125 0.7231991734375 0.6183548203125 0.666403371875 0.6319647171875 0.667195271875 0.639512621875 0.6724578218749999 0.7362536328125 0.7895000703124999 0.7473181953125 0.790367778125 0.7542610875 0.785771125 0.6510292796875 0.6523603812500001
0 0.6640063890625 0.627729796875 0.6409847937500001 0.6196356875 0.5382439906250001 0.6516288546875 0.4201453796875 0.690863775 0.4186872421875 0.69669385625 0.429269615625 0.701666490625 0.633388134375 0.6419110890625 0.6490611796875 0.646732109375 0.6608304328125 0.6584537515625 0.74306675625 0.7670484656250001 0.7592196765625 0.7664676187499999 0.7645931828125 0.760221615625 0.6640063890625 0.627729796875
0 0.677571571875 0.8777482984375 0.6277615937500001 0.7806590859375 0.607533446875 0.7469406796875 0.37850408125 0.782295971875 0.37802652187499997 0.78899478125 0.390470375 0.794710134375 0.5691006578125 0.7710323906250001 0.5803599453125 0.7712956796875 0.5935827031249999 0.7745933578125 0.6006437921875001 0.7813669562500001 0.6545638640625 0.87743583125 0.6696457859375 0.880179290625 0.677571571875 0.8777482984375
0 0.6212680421875 0.9273147328125001 0.5407726828125 0.8067955484375 0.322126334375 0.8451340125 0.320867553125 0.8529535562499999 0.327142790625 0.8582540078124999 0.33830702968750004 0.860116446875 0.5044934640625 0.8307233484375001 0.5227049015625 0.8315777421874999 0.537503990625 0.840415590625 0.5972843859375 0.9287274171875 0.6125610328125 0.9308664546875001 0.6212680421875 0.9273147328125001
0 0.6379704203125 0.9054665265624999 0.5625541625 0.778311028125 0.3350037640625 0.8195086984375 0.336276434375 0.8194707953125 0.334234115625 0.8271141343749999 0.3466779671875 0.8328294890624999 0.5267663875 0.8033216624999999 0.54243480625 0.8055488046875 0.5560562765625 0.81282540625 0.6096773140625 0.9059100890625 0.627601290625 0.91026499375 0.6379704203125 0.9054665265624999
0 0.6743456453125 0.863788440625 0.7182338265625 0.8593859578125 0.8636979796875 0.8372801921875 0.8693519546875 0.8210358078125 0.7017476703125001 0.845298728125 0.6877276906249999 0.8405240328125 0.6298128765625 0.726621540625 0.6180502890625 0.7239763328125 0.6091482781249999 0.7320298296875001 0.6743456453125 0.863788440625
0 0.6368815703124999 0.8991530781250001 0.8551276781249999 0.8664922031250001 0.857160071875 0.85235269375 0.682013334375 0.8778387578125001 0.6647731218749999 0.8804490843749999 0.649187115625 0.8766196859375001 0.5908987453125001 0.773012965625 0.5767836390625 0.7698387171875 0.5671925843750001 0.7761154171875 0.6368815703124999 0.8991530781250001