0 0.1782251828125 0.4267469515625 0.21736246874999998 0.44435873125 0.41124256406250004 0.5513841562499999 0.4413481703125 0.568995934375 0.4551967484375 0.5622221734374999 0.457605196875 0.5504809890625 0.4274995921875 0.533772378125 0.18364419062499998 0.39558765 0.1493238015625 0.4001034921875 0.0006021125 0.5364818828125 0.0006021125 0.570802271875 0.155947034375 0.4312627921875 0.1782251828125 0.4267469515625
0 0.1691935 0.38971705624999997 0.1914716484375 0.3942328984375 0.36066514843749997 0.4881623859375 0.4359291609375 0.5297081203125 0.4491756265625 0.523837528125 0.45278830000000003 0.5157090140625 0.170397725 0.3544935 0.13366888593749998 0.359912509375 0.0006021125 0.4881623859375 0 0.5301597046875 0.14209845625 0.3933297296875 0.1691935 0.38971705624999997
0 0.16076393125 0.3468165703125 0.1860526390625 0.35359033125 0.2330173828125 0.3793306234375 0.42930592812499996 0.48996872187499996 0.44315450624999997 0.48996872187499996 0.45037985156250004 0.481388625 0.43171437656249995 0.4678411015625 0.1625702671875 0.3138509328125 0.12283086875 0.320173109375 0.0006021125 0.43758496874999997 0 0.480033871875 0.1300562140625 0.35178399531250004 0.16076393125 0.3468165703125
0 0 0.4384881375 0.1240350921875 0.3147541 0.16076393125 0.311141428125 0.192675871875 0.32559211875 0.42448903125 0.46558318125 0.44255239375000005 0.4628736765625 0.4497777390625 0.4533904125 0.1565491453125 0.27365995 0.11620763593750001 0.27772420625 0 0.3892654734375 0 0.4384881375
0 0.1697956125 0.5120963421875 0.192675871875 0.5129995093749999 0.21194345937499998 0.5274502015625 0.4118446765625 0.654345325 0.43111226406250003 0.6462168125 0.4305101515625 0.6344756265625 0.175214621875 0.46468001406250004 0.0018063359375 0.5802855375 0 0.621831271875 0.1427005671875 0.52835336875 0.1697956125 0.5120963421875
0 0.1824399671875 0.6484747328125 0.2131476828125 0.6561516625 0.3883623046875 0.7722087703125 0.40461933281249995 0.7699508500000001 0.4124467890625 0.763628671875 0.414253125 0.755048575 0.1818378546875 0.601961571875 0.0024084484375 0.71034175 0 0.75008115 0.1565491453125 0.6516358203125 0.1824399671875 0.6484747328125
0 0.19749276875 0.6028647421875 0.3925770890625 0.730663034375 0.41124256406250004 0.72434085625 0.41485523750000003 0.715309175 0.17942940624999998 0.552738909375 0.0012042234375000001 0.6624738390625 0.0006021125 0.697697396875 0.1728061734375 0.5974457328125 0.19749276875 0.6028647421875
0 0.6821930109375 0.5685443515624999 0.6827951234375 0.555899996875 0.6671402078125 0.5491262359375 0.44556295468749996 0.6764729453125 0.42328480781250005 0.6778276984375 0.21615824374999998 0.533772378125 0.1956864328125 0.5391913875000001 0.1914716484375 0.5531904937500001 0.4305101515625 0.715309175 0.6821930109375 0.5685443515624999
0 0.6852035703125 0.4601641734375 0.4582073078125 0.5965425640625 0.43954183281250003 0.598800484375 0.42448903125 0.5906719703125 0.231211046875 0.45384199687500004 0.21013712343750002 0.44435873125 0.19388009687500002 0.4488745703125 0.1920737609375 0.4628736765625 0.4413481703125 0.6376367140625 0.703266934375 0.477775953125 0.697847925 0.461518925 0.6852035703125 0.4601641734375
0 0.6472705078125001 0.552738909375 0.6707528796875 0.547771484375 0.6948373640625001 0.5545452453124999 0.8321189234374999 0.6769245296874999 0.8543970703125 0.674666609375 0.8646329765624999 0.664280175 0.6803866734375 0.5008067406250001 0.5208269671875 0.59428464375 0.4208763578125 0.6611190875 0.42689747968749997 0.6706023515624999 0.44797140312500006 0.6728602734375 0.6472705078125001 0.552738909375
0 0.7616718078125 0.35178399531250004 0.8995554796875 0.5288049515625 0.9194251781249999 0.5211280234375 0.7694992640625 0.32243102968750004 0.7411999953125 0.317012021875 0.4521861875 0.4691958546875 0.4582073078125 0.47867912031250004 0.47687278437499997 0.481388625 0.721932409375 0.35042924375 0.7616718078125 0.35178399531250004
0 0.7249429703125 0.387007553125 0.7520380140625 0.3924265609375 0.8820942281249999 0.5577063328125 0.9013618140625 0.555899996875 0.9073829359375001 0.551835740625 0.7574570234375 0.36171884374999996 0.7195239609375 0.3576545875 0.44375661875 0.49945198749999997 0.4443587296875 0.5093868374999999 0.46483054218750003 0.5166121828125 0.7056753828125 0.39152339375 0.7249429703125 0.387007553125
0 0.6990521484375 0.42358586249999997 0.7291577546875 0.424037446875 0.867041425 0.58615613125 0.8851047890625001 0.5825434578124999 0.890523796875 0.5766728640625 0.7430063328125 0.396039234375 0.7129007265625 0.39152339375 0.4329186015625 0.533772378125 0.44195028281250004 0.5441588109375 0.45880942031250005 0.5446103953125 0.6617211984375 0.4407460578125 0.6990521484375 0.42358586249999997
0 0.702062709375 0.45835783750000003 0.8543970703125 0.61234800625 0.8730625453125 0.6105416703125 0.8778794421875 0.6037679093749999 0.7189218484375 0.43442387968749996 0.6870099078125 0.43171437656249995 0.419070021875 0.5820918734375 0.4274995921875 0.592929890625 0.4497777390625 0.5888656343750001 0.6815908984375 0.4610673421875 0.702062709375 0.45835783750000003
0 0.6653338718749999 0.6164122640625 0.6815908984375 0.6109932546875 0.7002563734375 0.615960678125 0.8453653890625 0.734727290625 0.867041425 0.727501946875 0.871858321875 0.7193734328125 0.6924289156250001 0.5676411828125 0.438337609375 0.7189218484375 0.43954183281250003 0.7320177859375 0.4557988609375 0.735630459375 0.6653338718749999 0.6164122640625
0 0.6611190859375 0.6534421578125 0.6852035703125 0.655700078125 0.8291083625000001 0.7731119375 0.8489780625 0.7667897609375001 0.8513865109375001 0.759564415625 0.6821930109375 0.614605928125 0.42810170468750003 0.759564415625 0.4329186015625 0.769499265625 0.447369290625 0.7717571859375 0.6611190859375 0.6534421578125
0 0.10305481406250001 0.9573832531249999 0.21053776562499998 0.914208921875 0.24958587968749998 0.9009245124999999 0.28098539218749996 0.90635904375 0.405375775 0.99904799375 0.4246985515625 0.99904799375 0.4275164578125 0.9921038703124999 0.28420585625 0.8812998171875 0.24958587968749998 0.8806959796875 0.033412303125 0.9685542343750001 0.0237509140625 0.9739887656249999 0.0181151046875 0.9776117859375001 0.0273739359375 0.9854616640625 0.0422685765625 0.9809328890625 0.10305481406250001 0.9573832531249999
0 0.031802071875 0.9619120296875 0.2367040265625 0.8834132453124999 0.2628702890625 0.8734499375 0.2785700453125 0.8761672031250001 0.28863399218749997 0.884319 0.4166473953125 0.9833482359374999 0.4331522671875 0.980329053125 0.4343599421875 0.973083009375 0.28984166718750004 0.8574482625 0.2608575 0.8562405890625 0.0257637046875 0.9501372124999999 0.022543240625 0.9534583140624999 0.024153471875 0.9604024375 0.031802071875 0.9619120296875
0 0.24676797343749998 0.8508060578125001 0.264883078125 0.8456734453125 0.29467236093750004 0.848390709375 0.3071516546875 0.8592597734374999 0.41785506874999995 0.9546659875 0.43758040468750004 0.9579870906249999 0.4456315609375 0.952552559375 0.300710728125 0.8248410749999999 0.2660907515625 0.822123809375 0.0245560296875 0.919945371875 0.0297892828125 0.9283990859375001 0.041060903125 0.9314182703125 0.24676797343749998 0.8508060578125001
0 0.233886121875 0.9283990859375001 0.2580395953125 0.9323240265624999 0.3699506828125 0.9999537484375001 0.4033629859375 1 0.25481913125 0.9081705546875 0.2242247328125 0.9081705546875 0.038242998437499995 0.9978403203124999 0.067629721875 1 0.2161735765625 0.9317201890625 0.233886121875 0.9283990859375001
0 0.24395006874999997 0.9721772546875 0.2717265625 0.9751964390625 0.3152028109375 0.99904799375 0.3614969671875 0.9996518296874999 0.2536114578125 0.9395700687499999 0.13042875 0.99904799375 0.1743075578125 0.9999537484375001 0.2274451953125 0.9761021937500001 0.24395006874999997 0.9721772546875
0 0.7290323015625 0.9024341046875 0.8397357156249999 0.9815367265624999 0.8570457046875 0.9745926015625 0.7242016078125 0.8791863875000001 0.6980353453125 0.8776767953125001 0.4967564109375 0.9924057875000001 0.5120536109375 0.9987460734375 0.6899841890625 0.9027360234374999 0.7129299875 0.8991130015625 0.7290323015625 0.9024341046875
0 0.7093069671875 0.8725441828125 0.7217862609375 0.877072959375 0.838125484375 0.95406215 0.8518124515625001 0.9573832531249999 0.8618763984375001 0.9516468046875 0.8574482625 0.9413815781249999 0.724604165625 0.851107975 0.6956199984375 0.8526175671875 0.49715896875 0.980329053125 0.508833146875 0.983952071875 0.69602255625 0.8758652859374999 0.7093069671875 0.8725441828125
0 0.6895816296875 0.8514098953125 0.7064890609375001 0.8444657718749999 0.716955565625 0.8468811171875 0.8510073359374999 0.9338336187499999 0.8650968609374999 0.9280971687499999 0.8634866296875 0.9169261875 0.72379905 0.827256421875 0.702060925 0.8266525859374999 0.5015871046875 0.947118028125 0.4991717578125 0.9549679062499999 0.5104433796875 0.9576851718749999 0.6895816296875 0.8514098953125
0 0.6980353453125 0.827860259375 0.7121248718750001 0.82453915625 0.724604165625 0.8281621781249999 0.8534226828125 0.91088781875 0.8683173249999999 0.914208921875 0.8719403453125001 0.90001875625 0.733862996875 0.8052163796875 0.6996455765625 0.80793364375 0.504002453125 0.9302105968750001 0.5035998953124999 0.9353432109375 0.5136638421875 0.93775855625 0.6980353453125 0.827860259375
0 0.679517684375 0.9489295390624999 0.706086503125 0.9504391312499999 0.7636522796875 0.9987460734375 0.8039080656250001 0.9996518296874999 0.6996455765625 0.9163223500000001 0.5269482515624999 0.9996518296874999 0.5672040390624999 1 0.6618051375 0.9549679062499999 0.679517684375 0.9489295390624999
0 0.9999537484375001 0.9220588015625 0.999551190625 0.9075667171875 0.8417485046875001 0.9836501546875001 0.8184001484375001 0.9842539921875 0.7177606812499999 0.90062259375 0.6988404609375001 0.9024341046875 0.693607209375 0.9099820640624999 0.8014927187499999 0.99904799375 0.8369178109375 0.9999537484375001 0.9999537484375001 0.9220588015625