0 0.22902220468749998 0.6416221078125 0.2477445515625 0.645105334375 0.26559609375000004 0.6613603953125 0.5041971734375 0.9516293499999999 0.5172592765624999 0.9458239703125001 0.5250965375 0.9388575156250001 0.524661134375 0.92492460625 0.2294576078125 0.5574441109375 0.0021770171875 0.8587432843749999 0 0.9260856828125 0.21204147031249998 0.6497496375 0.22902220468749998 0.6416221078125
0 0.21813711875 0.5586051859375 0.23294083593749998 0.5586051859375 0.244696728125 0.5632494890624999 0.2595004453125 0.5795045515624999 0.48591022968750003 0.8697735046874999 0.5002785421875 0.8837064140625 0.516823871875 0.8773204984375 0.5211779062499999 0.8662902765625 0.5224841171875 0.8529379046875001 0.2255389765625 0.4725694671875 0.001306209375 0.7645800359375 0.0008708062500000001 0.8302969265625 0.204204209375 0.5678937921875 0.21813711875 0.5586051859375
0 0.21987873281249998 0.47140839218749997 0.23729487031250002 0.4748916203125 0.25296939375 0.48882452968749995 0.4963599125 0.8127646828125 0.5102928203125 0.8092814546874999 0.5155176625 0.798251234375 0.5176946796874999 0.7848988625 0.22423276718750002 0.3843160953125 0.0017416140625 0.66703805625 0.0008708062500000001 0.7332309890625 0.2020271921875 0.478374846875 0.21987873281249998 0.47140839218749997
0 0.214653890625 0.386638246875 0.231199221875 0.3848966328125 0.24513213281250001 0.3918630890625 0.2599358484375 0.4075376109375 0.4933120875 0.7448301359375 0.5076804015625 0.741927446875 0.516823871875 0.7303166890624999 0.5203070999999999 0.7169643171875 0.22771599375 0.2954937953125 0.001306209375 0.5718298390625 0 0.6414943890625 0.1976731578125 0.40057115625 0.214653890625 0.386638246875
0 0.2294576078125 0.2966548703125 0.24121350156250002 0.3007186359375 0.2568880234375 0.3181347734375 0.49766612187500003 0.6676185953125 0.5059387859375 0.6699407453124999 0.5155176625 0.66587698125 0.5216133109375 0.6478803046875 0.522919521875 0.635689009375 0.22379736249999999 0.20492988125 0.001306209375 0.4853296921875 0.00043540312500000005 0.5567358546875 0.208993646875 0.2960743328125 0.2294576078125 0.2966548703125
0 0.70945793125 0.4492970515625 0.822308303125 0.300934325 0.8345403359375 0.289359928125 0.8455886250000001 0.2862032734375 0.85584775 0.2919904734375 0.9604119046875 0.45034927031249994 0.96633063125 0.4529798140625 0.9714601937499999 0.4461403984375 0.9690927031250001 0.43509210937500004 0.8574260765625 0.2562150640625 0.8424319703125001 0.2404317953125 0.6964367359375 0.42983102031250003 0.6972258984375 0.4382487640625 0.700777134375 0.4461403984375 0.70945793125 0.4492970515625
0 0.7157712390625 0.3882684125 0.8447994624999999 0.23254016093750002 0.8542694234375 0.23148794218750002 0.863344803125 0.23464459531249998 0.8708418546875001 0.245166775 0.9229266421875 0.3303964265625 0.9710656125 0.4066822265625 0.9765897562499999 0.40299946249999996 0.9785626640625 0.3935295015625 0.8593989843750001 0.1915036609375 0.8526910953125 0.18624257187499998 0.7043283687499999 0.3661718359375 0.70353920625 0.37090681718749996 0.7070904421875001 0.38142899531249996 0.7157712390625 0.3882684125
0 0.700777134375 0.8496659703124999 0.8187570687499999 0.6776283390625 0.8266487031249999 0.6686844875 0.837696990625 0.669210596875 0.8455886250000001 0.6755239046875 0.9540985984375 0.8081033609375 0.957649834375 0.8091555796875 0.9608064875 0.8038944906250001 0.96120106875 0.7975811828125 0.9568606703125001 0.7875851125 0.8290161921875001 0.621860790625 0.6952529890625 0.823360521875 0.6877559375 0.8370393546875 0.6893342640625 0.8449309890625001 0.696042153125 0.8507181875000001 0.700777134375 0.8496659703124999
0 0.703144625 0.7886373296875 0.8207299765625 0.6281740984375 0.8290161921875001 0.6197563546875 0.8388807359375001 0.6165997015625 0.8467723703125 0.6181780265625 0.8526910953125 0.6276479890625 0.9505473625 0.7665407546874999 0.9552823421875001 0.7691712984375 0.9619902328125001 0.7618057734375 0.9615956515624999 0.7523358124999999 0.8365132453124999 0.569776003125 0.69328008125 0.7733801703125 0.6913071734375 0.7770629328124999 0.689728846875 0.7823240234375 0.6964367359375 0.7886373296875 0.703144625 0.7886373296875
0 0.6995933890625 0.7260303640625 0.8159949953125001 0.5739848750000001 0.8266487031249999 0.5608321515625 0.8384861546875 0.5571493890625 0.8455886250000001 0.5587277140625 0.8526910953125 0.566093240625 0.9446286374999999 0.7070904421875001 0.9533094343749999 0.7139298578125 0.9592281593750001 0.7086687687500001 0.9592281593750001 0.700251025 0.8349349187499999 0.510325690625 0.6901234265625 0.7039337875 0.6889396828125001 0.7123515312500001 0.689728846875 0.7170865109375 0.6936746625 0.7212953828125 0.6995933890625 0.7260303640625
0 0.6972258984375 0.6749977953124999 0.8128383421875001 0.5092734734375 0.8207299765625 0.5003296203125001 0.8329620109375 0.49875129375 0.8432211359374999 0.5045384921875 0.8712364375 0.5450488828125 0.95094194375 0.6502706734375 0.9572552515625 0.6439573671875001 0.9592281593750001 0.6381701671875 0.827043284375 0.4529798140625 0.6995933890625 0.6350135140625001 0.6865721921875 0.6586884171875 0.68736135625 0.6655278328125 0.6920963359375001 0.6718411421875 0.6972258984375 0.6749977953124999
0 0.7011717156249999 0.6160735921875 0.8148112515625 0.46244977499999995 0.8242812125000001 0.45034927031249994 0.832172846875 0.447718725 0.8420373906249999 0.447192615625 0.8507181875000001 0.45718868593749995 0.937526165625 0.5792459640625001 0.9548877625 0.6029208671874999 0.96120106875 0.5992381046874999 0.9631739781249999 0.5913464703125 0.8341457546875001 0.4008950265625 0.7110362578125 0.5713543296875 0.6980150625 0.5850331625 0.6885451 0.60186865 0.68815051875 0.6087080671875 0.6944638265624999 0.6160735921875 0.7011717156249999 0.6160735921875
0 0.7003825531250001 0.5639888046875 0.816389578125 0.4024733546875 0.8238866296875 0.3945817203125 0.8341457546875001 0.39563393750000003 0.8416428078125 0.3993167 0.8503236062499999 0.40878666093750005 0.9493636171875 0.5487316453125 0.9544931796875 0.5497838625 0.9592281593750001 0.5429444453125 0.958833578125 0.5361050296875 0.831383684375 0.3493363484375 0.696042153125 0.53400059375 0.6877559375 0.5508360796875 0.689728846875 0.5571493890625 0.69328008125 0.5613582593750001 0.7003825531250001 0.5639888046875
0 0.701960878125 0.5050646015625 0.8207299765625 0.3514407859375 0.8301999390624999 0.3414447140625 0.8436157171875 0.3424969328125 0.8570314953124999 0.35617576562500003 0.8574260765625 0.36406740000000004 0.8649231296875 0.37301125156250003 0.868079784375 0.380376778125 0.8751822546874999 0.3908989578125 0.885046796875 0.3987905921875 0.890176359375 0.4098388796875 0.894911340625 0.4140477515625 0.9252941328125001 0.46034533906249997 0.955676925 0.5034862734375001 0.96120106875 0.49927740312499996 0.9623848140625 0.49033355 0.8357240812500001 0.2993559984375 0.700777134375 0.4724458453125 0.6905180093750001 0.490859659375 0.690912590625 0.4955946390625 0.6936746625 0.5013818390625 0.701960878125 0.5050646015625