0 0.35726215781250004 0.454584596875 0.2144347625 0.2015903296875 0.20610076406250002 0.200851009375 0.061618523437499996 0.367167778125 0.059294029687500006 0.372843365625 0.0632100953125 0.38159941875 0.070210134375 0.38702535312499997 0.175695925 0.26248374218750004 0.18884240937500002 0.24711383593749997 0.205067528125 0.24471946249999998 0.215830615625 0.2474633453125 0.333223775 0.4617553046875 0.3472238203125 0.47260715 0.35409502656249997 0.47257776875 0.35726215781250004 0.454584596875
0 0.33516714062499997 0.5109739234374999 0.20623250468749998 0.2775117546875 0.1986875609375 0.2605874015625 0.18844520468749998 0.263359175 0.0575575453125 0.4100809734375 0.046469875 0.42518647343750005 0.0495564296875 0.43004776875 0.05274240625 0.43434305625 0.0574180375 0.4372369765625 0.163083709375 0.3219633890625 0.1777708328125 0.309004840625 0.19240162968750002 0.3085392390625 0.201310003125 0.31045409375 0.20971921093749998 0.32098886875 0.3284463046875 0.5305942296875 0.33362116406250003 0.524868215625 0.33516714062499997 0.5109739234374999
0 0.183626065625 0.4422902421875 0.1764462015625 0.4275962765625 0.1675109640625 0.42785150156249996 0.0635174703125 0.5428389499999999 0.030036646875 0.5833433140625 0.020596028125 0.599808703125 0.023863365625 0.606309203125 0.0285658359375 0.607033065625 0.1480060328125 0.47322496562499994 0.156133346875 0.466866321875 0.171781396875 0.47144927968749994 0.1827780125 0.4791210421875 0.3014889578125 0.6582851703125 0.30671481875 0.6563718187500001 0.3129605796875 0.6513542171875 0.3148179375 0.64403045 0.183626065625 0.4422902421875
0 0.1887900796875 0.3898173015625 0.181763196875 0.386561446875 0.0638421390625 0.508645315625 0.0495978953125 0.5254768750000001 0.0447403015625 0.53461146875 0.04596104375 0.54176709375 0.055731028125000005 0.5454452015625 0.1642712984375 0.427896378125 0.1792429625 0.423678409375 0.18626984687499998 0.4269342640625 0.1957499546875 0.43817744999999997 0.30474193125000004 0.6174761359375001 0.317853571875 0.6287347671875 0.3218259515625 0.6249978656249999 0.32321360781249997 0.6159711484375 0.1887900796875 0.3898173015625
0 0.3247262796875 0.5615474796875 0.2013477109375 0.35503094062499996 0.18883996249999999 0.33462492187500004 0.1851037421875 0.33513687812500004 0.0832037859375 0.43957559375 0.05032418281249999 0.47908539843750003 0.043995239062500004 0.488010534375 0.0457989 0.4957824234375 0.052248721875 0.5060155828124999 0.1700409328125 0.378476371875 0.18124955 0.3769404453125 0.1912557234375 0.37739364062499997 0.1997427484375 0.3895710390625 0.311238940625 0.5806697671875 0.3182631796875 0.5920784296875 0.3243532671875 0.5837755687499999 0.328433015625 0.5713583890625 0.3247262796875 0.5615474796875
0 0.181890715625 0.538532921875 0.17212339999999998 0.526701984375 0.050592334375000006 0.6629059890625 0.0390133515625 0.6785171953125 0.029901343749999997 0.6978835546875 0.032971584375 0.6987855984375 0.0395287421875 0.7003385234375 0.150736953125 0.57341646875 0.161972396875 0.5697104578125 0.17555642031250002 0.5745192359375 0.1857693 0.58207038125 0.3049552578125 0.74663174375 0.30950205625 0.7440703484375 0.3126397109375 0.7364000921875 0.31321673437499997 0.7294228078125 0.181890715625 0.538532921875
0 0.313753453125 0.6860214390625 0.17832615624999998 0.49341317656249994 0.1752207015625 0.48260770312499995 0.168349490625 0.4826370953125 0.042403160937500003 0.6187050140625 0.031817265625 0.63338198125 0.0279468921875 0.6447442859375 0.028153578125000002 0.651842234375 0.03583269375 0.6579162453125 0.1340259328125 0.5436666203125 0.1547253140625 0.52076255625 0.1637652265625 0.5199799046875 0.1770620484375 0.52420090625 0.1862818046875 0.5326862593749999 0.303113909375 0.7050385546875 0.3064850546875 0.7022961859375 0.3129670328125 0.694053625 0.313753453125 0.6860214390625
0 0.029764825 0.744348784375 0.033347473437500004 0.7477629078125 0.0387290171875 0.7491348671875 0.1565212078125 0.621595653125 0.1698717109375 0.6214765156250001 0.1830102015625 0.6305651125 0.30298258125 0.787094290625 0.310664346875 0.7850154671875 0.315186971875 0.776471321875 0.1670641 0.578647478125 0.031549134374999996 0.734440896875 0.029764825 0.744348784375
0 0.5429291593750001 0.23314370312500002 0.3619061875 0.45748533125 0.3552121890625 0.4749355765625 0.35886789375 0.48093379531249997 0.3706777484375 0.4784033359375 0.5213038484375 0.2912359515625 0.5385489140625 0.2857372859375 0.5525248234375 0.2906063765625 0.5643024828125001 0.30655163124999996 0.688266109375 0.4816323484375 0.6936745296875 0.4808342296875 0.70002496875 0.47528917656249997 0.7013079546875 0.46678986250000004 0.5429291593750001 0.23314370312500002
0 0.54379095 0.314265225 0.3713729859375 0.509492671875 0.3592516953125 0.5291988046875 0.362011090625 0.536316134375 0.373088171875 0.537477715625 0.504499215625 0.3881187265625 0.5194493796875 0.36976515625 0.5393597109375 0.3630461125 0.5532309078125001 0.3684426375 0.56607954375 0.38509629218749997 0.6843744734375 0.5582173046875 0.6933123609375 0.549809246875 0.696031275 0.544248725 0.54379095 0.314265225
0 0.5160387390625 0.62706315 0.5074980359375 0.619225865625 0.500573178125 0.623595415625 0.358581575 0.7713257140625001 0.34496051250000004 0.790420990625 0.3458753203125 0.798721475 0.3538952921875 0.8010430921875 0.4779064375 0.6706563640625001 0.49272241406250006 0.6631531328125 0.5098091171875 0.6625220359374999 0.5198394703125 0.6689579765625 0.635973615625 0.8183737328125 0.6464253171875 0.814547128125 0.650921121875 0.8081730203124999 0.5234548140624999 0.6385321796875 0.5160387390625 0.62706315
0 0.668625009375 0.7576303734375001 0.53426600625 0.5738833375 0.5254113109375 0.5676283671875 0.514046984375 0.5658790265625 0.3638207515625 0.72864825625 0.354718390625 0.7397279609375 0.3530765 0.74819279375 0.35976253125 0.755201015625 0.363211528125 0.7541012828125 0.4991666859375 0.610333725 0.5076858671875 0.6040354031249999 0.5185804546874999 0.6040817859375001 0.5253469875000001 0.6045798328124999 0.5350632703125 0.612598078125 0.6599985328125 0.7726089859374999 0.66823046875 0.76572290625 0.668625009375 0.7576303734375001
0 0.6674842375 0.73082085625 0.6687403609375 0.7244916234375001 0.5274349828125 0.5309785078125 0.5206443125 0.52449771875 0.5145300140625 0.526817825 0.3499125625 0.7059584875 0.34916843750000004 0.7149782515625 0.353347528125 0.718339278125 0.359773171875 0.722589690625 0.4987881265625 0.569509246875 0.5133679265625 0.565230959375 0.5219891328124999 0.56655804375 0.5306881578125 0.569527753125 0.5392798562500001 0.5811777234375 0.6584685328125001 0.737586290625 0.6625187718750001 0.735491996875 0.6674842375 0.73082085625
0 0.529680428125 0.47286279999999997 0.5266769625000001 0.46968271250000004 0.5182355984375 0.4776236625 0.36267614843749996 0.6509864703125 0.3579428 0.6639705484375 0.35877628437500003 0.6726716640625 0.36674525625 0.67118061875 0.5068579796875 0.5166384828125 0.5163166046875001 0.51374606875 0.5297717765625001 0.5130995265625 0.5382346234375001 0.519294178125 0.6639509328125001 0.6875785546875 0.6684440515625 0.6893572734375 0.67500384375 0.6827573625000001 0.67654983125 0.668863021875 0.529680428125 0.47286279999999997
0 0.3707934765625 0.6039810625 0.3591876703125 0.62176233125 0.35934069218750003 0.633200425 0.3687456296875 0.6346481515625 0.5026662703125 0.4807835234375 0.51594156875 0.4708689203125 0.531251453125 0.4710514203125 0.541308625 0.4753173015625 0.550528384375 0.48380265468749994 0.6729540203125 0.64831916875 0.6803486109375 0.6456526234375 0.6847154984375 0.6338231609375 0.5315546046875 0.4227221796875 0.3707934765625 0.6039810625
0 0.3775759890625 0.5555621000000001 0.3604276046875 0.58499185625 0.3656776328125 0.5890613015625 0.3716604 0.589438678125 0.515616690625 0.425704328125 0.5290986890625 0.4228877 0.5434154546875 0.424004409375 0.5534189828125 0.43261040937499995 0.676861909375 0.6021754875 0.685850759375 0.5975801093750001 0.6904512390625 0.5906785734375 0.5357765234375 0.3749961890625 0.3775759890625 0.5555621000000001
0 1 0.31018832500000004 0.9890290828125 0.281866303125 0.9837945156250001 0.2749459359375 0.979572834375 0.275407828125 0.7395218546875 0.4673528625 0.7343652859375001 0.47668750156249995 0.7368192625 0.48929445468750005 0.745235153125 0.49058993281249996 0.9448746234375 0.329544984375 0.963926984375 0.3230279375 0.9745607828124999 0.32355307031249997 0.9854855140625001 0.3330169609375 1 0.3648129765625 1 0.31018832500000004
0 0.9005686078125 0.49036053281249997 0.8935141890624999 0.492609859375 0.68524380625 0.6657595828125 0.684676590625 0.6750296796875 0.689804109375 0.6824894390625 0.6950935390625 0.68497126875 0.87070961875 0.5346810265624999 0.8862073593750001 0.5315079046875 0.9000471578125 0.5325265609375001 0.9133737578125001 0.5506982484375 0.974184746875 0.6567808109375 0.9796634781250001 0.6287188140625 0.907834378125 0.4953700796875 0.9005686078125 0.49036053281249997
0 0.9118399453125001 0.443972409375 0.9032621046875 0.44765485156249996 0.7097905140625 0.6213225437500001 0.6890854859375 0.6432814625 0.6905432765625 0.65171210625 0.6946304750000001 0.6540088749999999 0.703394940625 0.6514669390625001 0.8845446953125 0.49202279375 0.9004432046874999 0.4889113515625 0.91115658125 0.491116378125 0.9220264546875001 0.5050187859374999 0.9842482765625 0.6035362984375 0.9894937265625 0.577106009375 0.9239917 0.45973978281249994 0.9118399453125001 0.443972409375
0 0.9235852640625 0.395196025 0.717956453125 0.569771696875 0.705393084375 0.5872933 0.7059777671874999 0.5968331640625 0.7177341859374999 0.5958634640625 0.8966633515625 0.4455273609375 0.9101051359375001 0.43814665 0.9257621109375 0.4383332875 0.94013174375 0.4533302859375 0.9941764921875 0.5555919593749999 0.9999380109375 0.5270176046875 0.9360883515625 0.39878827499999997 0.9303459640625 0.39234561874999996 0.9235852640625 0.395196025
0 1 0.44930949218749994 0.95269765 0.346313628125 0.9444711421875001 0.337820959375 0.718826484375 0.523768215625 0.7117509453124999 0.5337583218749999 0.7134492640625 0.54461950625 0.7221314015625 0.548735340625 0.9094517453125001 0.39357628125 0.9217708734375 0.3876903890625 0.9348366421875 0.3863664015625 0.9459233250000001 0.390852359375 0.951772725 0.3967556203125 1 0.50702889375 1 0.44930949218749994
0 0.85930470625 0.604632975 0.8417730203125 0.618054559375 0.7006878125 0.7358609421875 0.676098996875 0.7598695203125 0.6717364796874999 0.7712712125000001 0.673288228125 0.7761130203125 0.6794066328125 0.7764989515625 0.8505320296875001 0.632187928125 0.866296059375 0.6318351546875001 0.8794935562499999 0.6360901812499999 0.8849422265625 0.6419317609374999 0.955497609375 0.7484025484375 0.9605289625 0.7230510296875 0.8796389578125 0.5999808578125 0.8683107109374999 0.5987929375000001 0.85930470625 0.604632975
0 0.87313341875 0.5578448875 0.697945578125 0.7059775578124999 0.6785446312500001 0.73228540625 0.6792583125 0.7397885484375 0.6859641453124999 0.7413766859375001 0.8621923078125 0.5984070046875 0.8719724171875001 0.59490963125 0.8859193046874999 0.5953888921875 0.8955347171874999 0.6052071015625 0.9614649765625 0.7204157703125 0.9670864375000001 0.6879287578125 0.8900200953124999 0.5559973328125001 0.8831550609375001 0.5510494593749999 0.87313341875 0.5578448875
0 0.671801584375 0.8106566656249999 0.6652807875 0.8303281765625 0.668293653125 0.8345750671875001 0.6740112875000001 0.8348993078125 0.8361828328125 0.7003274484374999 0.849704234375 0.6946266109375 0.8629566343749999 0.6944431046874999 0.8731347640625 0.6993450828125 0.9440909171874999 0.8058775625000001 0.949717953125 0.7800618765625 0.8717045921875 0.6607697484374999 0.8602171421874999 0.6562220859375001 0.671801584375 0.8106566656249999