0 0.048745459375 0.44385835937499996 0.15118852656249998 0.31020596718750004 0.15983351875000001 0.3073255203125 0.1697752375 0.3073255203125 0.18058148125 0.31539075781250003 0.2834568125 0.44961920156249996 0.291669521875 0.4450105171875 0.2925340453125 0.4323365671875 0.16674951875 0.2675754609375 0.1624270125 0.2681515390625 0.1425435359375 0.292347228125 0.0474487109375 0.41563003906249996 0.03923598125 0.421390934375 0.03577798125 0.4294561453125 0.0362102234375 0.4369453046875 0.03923598125 0.44213009531249997 0.048745459375 0.44385835937499996
0 0.045287459375 0.40065177343749997 0.1520530328125 0.264118934375 0.1594012546875 0.264118934375 0.16934301406250002 0.2646950140625 0.175394490625 0.2687276453125 0.2821600640625 0.40641261562500003 0.28994054999999996 0.40065177343749997 0.292101784375 0.39028219218750004 0.185768471875 0.2514450109375 0.16588499375000001 0.22667321718750003 0.1602657609375 0.2272493234375 0.1546465265625 0.235314534375 0.1481627890625 0.2422275890625 0.040532729687500005 0.3776082421875 0.033602349999999996 0.38752553125 0.0353457390625 0.3948908765625 0.0401004671875 0.4000756671875 0.045287459375 0.40065177343749997
0 0.043126225000000004 0.3551408171875 0.1524852734375 0.22091234843750002 0.15983351875000001 0.22091234843750002 0.17107198437499999 0.22148842656249998 0.179716996875 0.2289775859375 0.284753559375 0.3770321375 0.2895082875 0.376456084375 0.29512754218750004 0.368966925 0.2925340453125 0.3585973453125 0.1619947515625 0.18346663125 0.157240021875 0.1892275265625 0.14859503125 0.1972927390625 0.1403823015625 0.2076623203125 0.12438906875 0.22148842656249998 0.0383714765625 0.32979294531250003 0.033616728125 0.33843426249999997 0.0290644109375 0.3443070703125 0.0297264859375 0.3499560265625 0.0366424875 0.3557169234375 0.043126225000000004 0.3551408171875
0 0.0401004671875 0.310782046875 0.1563755171875 0.17770576093749998 0.1650205078125 0.17770576093749998 0.17280099531249998 0.1811622890625 0.18101374374999998 0.1874992640625 0.28259228593749997 0.3401625265625 0.288643803125 0.33843426249999997 0.29383079218749997 0.333249471875 0.2964242890625 0.3251842328125 0.1706397609375 0.1391078859375 0.1641560234375 0.1425644140625 0.153782021875 0.1535100734375 0.1403823015625 0.1656079171875 0.0277678578125 0.2941736546875 0.0288620015625 0.30386899375 0.034481234375 0.310782046875 0.0401004671875 0.310782046875
0 0.3495600984375 0.4485007671875 0.44681619531249994 0.3315549328125 0.45373215624999996 0.3275223265625 0.4623771671875 0.3280984046875 0.47102213906249996 0.33443537968750003 0.5505560109375 0.455413821875 0.5570397500000001 0.45368555781250003 0.5609299937500001 0.44619639843750003 0.4645384 0.294109215625 0.4576224 0.288924425 0.4520031859375 0.2975657421875 0.4459516703125 0.30505490156250004 0.337644221875 0.4350658375 0.3391861171875 0.44389205625 0.3426441171875 0.4479246625 0.3495600984375 0.4485007671875
0 0.3517213515625 0.40356591875000003 0.44940969218750004 0.2871961609375 0.457190178125 0.282011371875 0.46583515000000003 0.282011371875 0.4749123828125 0.290076609375 0.5544462546875 0.41566376250000003 0.561794478125 0.41105505156250005 0.5626589640625 0.4024137328125 0.4701576546875 0.2509026296875 0.45935140937499996 0.2485982875 0.45373215624999996 0.25205481406249997 0.43514546562499995 0.272793975 0.3668500625 0.35805496406250004 0.34283043750000003 0.38968645468749996 0.34221185625 0.3966528640625 0.34480535 0.40183765468750005 0.3517213515625 0.40356591875000003
0 0.3495600984375 0.3649680171875 0.44940969218750004 0.2468700234375 0.4567579140625 0.2468700234375 0.4641061390625 0.2468700234375 0.46972539218750003 0.249174365625 0.477505878125 0.2560874203125 0.5596332453125 0.3885876265625 0.5656847218750001 0.3834028359375 0.5700072265625 0.37476151875 0.466699634375 0.21115257031249998 0.463241653125 0.21115257031249998 0.45632565312500006 0.2203699796875 0.446383934375 0.2284352046875 0.358205090625 0.3304027484375 0.34218215937499996 0.3494932859375 0.3409151078125 0.3592071484375 0.3430763609375 0.36612020156249997 0.3495600984375 0.3649680171875
0 0.3512890890625 0.328674484375 0.4558934296875 0.20539170156250003 0.4615126421875 0.2048156078125 0.46972539218750003 0.2048156078125 0.47793814062499995 0.2140330171875 0.562226740625 0.3430766984375 0.5678459546875 0.339044065625 0.5687104796875 0.3315549328125 0.47188662499999995 0.16621772031249998 0.463673915625 0.1667938125 0.4567579140625 0.1754351296875 0.3525858359375 0.29814184843749997 0.33829249843750003 0.3114610390625 0.3409151078125 0.32176143125 0.34221185625 0.32521795781249996 0.3512890890625 0.328674484375
0 0.57970404375 0.4568552203125 0.6756633734374999 0.33990938437499996 0.680850365625 0.33990938437499996 0.69208883125 0.345094175 0.7673001984375001 0.4608878265625 0.7724871890625 0.4557030359375 0.7768096953125 0.45109435 0.68517283125 0.3047680359375 0.6782568703125 0.30937674843749996 0.6722053546875 0.31571369531250004 0.5700514953125 0.44457389843749995 0.571491296875 0.4505182453125 0.5719235578124999 0.453974771875 0.57970404375 0.4568552203125
0 0.5810007921875 0.42228995156250004 0.676960121875 0.3030397734375 0.6830115984375 0.3030397734375 0.6929533171875 0.30419195781249997 0.7668679359375 0.42228995156250004 0.771622703125 0.42171387187500003 0.77637743125 0.41595297656249997 0.7772419171875 0.4101921078125 0.6886308515625 0.27020276718749997 0.683443859375 0.267898425 0.676095596875 0.2725071109375 0.5713480484375 0.4082703921875 0.5710590328125 0.41537689687499996 0.5727880437499999 0.41883342343749996 0.5810007921875 0.42228995156250004
0 0.6743666265625 0.267898425 0.6804181015624999 0.2638657921875 0.690359821875 0.2632897140625 0.6990048328125 0.2661701609375 0.778538665625 0.39578992031250004 0.7832934328125 0.3906051296875 0.78415791875 0.3819638125 0.691224346875 0.23102878750000003 0.6881985890625 0.23102878750000003 0.680850365625 0.23506140625 0.575237709375 0.37110251562499996 0.5749492765625 0.3802355484375 0.5805685296875 0.3836920765625 0.6743666265625 0.267898425
0 0.588349015625 0.34106156875 0.68517283125 0.22065920625 0.6916565703125 0.21835486406250001 0.6994370562500001 0.21893094375 0.705056309375 0.2241157328125 0.7798354140625 0.34739854375 0.7871836765625 0.342213753125 0.7871836765625 0.33818112031249997 0.697708084375 0.183213503125 0.6938178421875 0.18551785781250002 0.5775066796874999 0.3265875015625 0.57883951875 0.3324202515625 0.5801362671875 0.3370289640625 0.588349015625 0.34106156875
0 0.9051877156250001 0.6765517453125 0.9112392312500001 0.6753995875000001 0.91815519375 0.675975665625 0.9760766171874999 0.7756388671875001 0.9829925796874999 0.7756388671875001 0.983857103125 0.7664214453125 0.9146971734375 0.6442908453125 0.9112392312500001 0.645443003125 0.9000007265625 0.6546604265625 0.80699670625 0.7674158015625 0.808796125 0.7756388671875001 0.813983115625 0.781975815625 0.9051877156250001 0.6765517453125
0 0.8183056203125 0.7485627578125 0.9090779609374999 0.6431386609375 0.916858446875 0.6419864765625001 0.9233421843749999 0.645443003125 0.979966859375 0.744530125 0.9864505984375 0.74222575625 0.9877473468750001 0.73473665 0.9233421843749999 0.6149103671875 0.9185874171874999 0.6114538390625001 0.9146971734375 0.613182103125 0.9051877156250001 0.6218234203125 0.8082932609375 0.7345697703125 0.8092283874999999 0.7410735984375 0.8122541062499999 0.7462583890625 0.8183056203125 0.7485627578125
0 0.9177229703125 0.61202991875 0.9229099625 0.6126059984375 0.9298259234374999 0.6166386296875 0.9890440953124999 0.7260953328124999 0.9942310843750001 0.7260953328124999 0.9989857734375001 0.7168779093750001 0.93241941875 0.5935951 0.9250711562499999 0.5820733609375 0.91815519375 0.588410309375 0.8308408359375001 0.686345246875 0.8163967218750001 0.706477771875 0.8148476 0.7163018046875 0.8213313390625 0.7209105421875 0.9177229703125 0.61202991875
0 0.8286796015625001 0.6869213265624999 0.922477659375 0.5820733609375 0.9298259234374999 0.5820733609375 0.9371741874999999 0.5855298875 0.9959600546875 0.699595275 0.9998502984375 0.6967148265625001 1 0.6828887203125 0.93241941875 0.5521167765625 0.9125359812499999 0.5676711484375 0.8675820328125001 0.6206712359375001 0.84337605 0.6431386609375 0.8206105203125 0.6757926640624999 0.8217636015625001 0.682312640625 0.8230603484374999 0.686345246875 0.8286796015625001 0.6869213265624999
0 0.6946823281250001 0.6563886890624999 0.7020305515625 0.6563886890624999 0.7072175421875 0.6569647671875 0.774648421875 0.7577801265625 0.782428909375 0.7508670734375 0.78459018125 0.7456822828125 0.7011660656250001 0.6241277625 0.6972758234375 0.6264321046875 0.6324384375000001 0.704780065625 0.5963067109375 0.7501284171875 0.6000197453125 0.759508390625 0.606071221875 0.7618127593749999 0.6946823281250001 0.6563886890624999
0 0.6946823281250001 0.6264321046875 0.6994370562500001 0.6229755781249999 0.70635305625 0.6229755781249999 0.7124045328124999 0.6241277625 0.778538665625 0.7266713859375 0.78372565625 0.7237909640625 0.7867514140625 0.7163018046875 0.7093788140624999 0.5924429421874999 0.6998693171875 0.5930190203125 0.61601298125 0.6915300375 0.6001963703125 0.7164180171875 0.60131649375 0.72436706875 0.606503484375 0.7278235953125 0.6946823281250001 0.6264321046875
0 0.70030158125 0.5935951 0.707649803125 0.5935951 0.71370128125 0.594747284375 0.782861171875 0.7070844078125 0.7871836765625 0.7018996171875 0.789777171875 0.6955626421875001 0.7167270390625 0.571127675 0.708946553125 0.5624863578125 0.7037595609375 0.5636385421875 0.6194709609375 0.6609973734375 0.6008842296875 0.686345246875 0.602613240625 0.6944104859375 0.6069357453124999 0.6961387484375 0.70030158125 0.5935951
0 0.6134194859375001 0.6650300062500001 0.7054885703125 0.5624863578125 0.715862553125 0.5630624640625 0.7214817671875 0.565942884375 0.7863191515625 0.6788561140625 0.793235153125 0.6777039296875 0.795828646875 0.6702147968750001 0.7162947749999999 0.5325298 0.7132690578124999 0.533681984375 0.6040860328125001 0.6472684796875 0.6047744734375 0.6569647671875 0.606503484375 0.6609973734375 0.6134194859375001 0.6650300062500001
0 0.3786265890625 0.7817013265625 0.47328917031250006 0.6618750421875 0.4819341421875 0.6607228843749999 0.48798565624999996 0.6641794109375 0.5683840140624999 0.7701795875 0.574003228125 0.764994796875 0.5783257328125 0.7592339015625 0.482366403125 0.63134240625 0.47804389843750006 0.6330706703125 0.470695675 0.6405598015625 0.36843737499999996 0.7678479859375 0.3686848484375 0.7736361140625 0.3725750921875 0.7782447984374999 0.3786265890625 0.7817013265625
0 0.382949075 0.740223003125 0.47717941406250003 0.6267336953125 0.482366403125 0.6267336953125 0.49101137499999997 0.6273097734374999 0.4961983671875 0.630190221875 0.5718419953125 0.7361903703125 0.57919021875 0.7304295015625 0.580919228125 0.7240925265625 0.48668890937500003 0.591592346875 0.48150191875 0.5979292953125 0.37603309375 0.725820790625 0.3764653359375 0.73330995 0.37732984062499997 0.7367664765625 0.382949075 0.740223003125
0 0.48150191875 0.591592346875 0.48885014218749995 0.5904401625 0.49792737656249997 0.59447276875 0.5035466296875 0.601385821875 0.5783257328125 0.71660339375 0.5822159765625 0.7119946828125 0.584809471875 0.7033533656250001 0.4940371328125 0.5650922890625 0.4901468890625 0.5656683953125 0.48279866718750003 0.573157528125 0.382949075 0.6791576765625 0.3742718671875 0.6939444171875 0.3764653359375 0.7010490234375 0.38208456874999996 0.7027772859375 0.48150191875 0.591592346875
0 0.3846780640625 0.6710924656249999 0.4875533953125 0.5616357640625 0.4961983671875 0.5616357640625 0.5052755999999999 0.566820553125 0.57919021875 0.6901033640625001 0.5839449859375 0.6895272578125 0.5865384828125 0.6780055203125 0.4983596390625 0.5305270203125 0.4961983671875 0.5316792046875001 0.3762166984375 0.6567765421875 0.37560083125 0.6630272265625 0.3786265890625 0.6676359390625 0.3846780640625 0.6710924656249999
0 0.147306834375 0.780406671875 0.24629188124999998 0.66922170625 0.2536401453125 0.6651891 0.26444635 0.6669173640625 0.2687688546875 0.670373890625 0.353921940625 0.7844393046875 0.3573799609375 0.7855914625 0.36602493125 0.7746457765625 0.36602493125 0.768308828125 0.2635818640625 0.63062383125 0.2588271359375 0.6311999109374999 0.2523433984375 0.6346564375 0.146874571875 0.7521783515625 0.1382296 0.7637001171875 0.1389473484375 0.770008909375 0.1399585703125 0.7763740390625 0.1403908328125 0.7786784078125 0.147306834375 0.780406671875
0 0.146874571875 0.739504428125 0.24931763906249998 0.6317760156250001 0.25493689375 0.629471646875 0.2583948734375 0.629471646875 0.26271737968750003 0.6300477515625 0.2687688546875 0.6323520953124999 0.27482033125 0.6352325421875 0.3573799609375 0.7521783515625 0.36602493125 0.745841403125 0.364728184375 0.7360479015625 0.26790437031250003 0.5966346421875001 0.2635818640625 0.5949063781249999 0.2579626109375 0.5977868265625 0.1490358046875 0.7141565562500001 0.137365075 0.7291348484375 0.137365075 0.7372000859375001 0.14168758125 0.73835224375 0.146874571875 0.739504428125
0 0.266607621875 0.5937542203125 0.27309136093749997 0.5983629046875001 0.3617024265625 0.7274065843749999 0.36732167968749996 0.7233739781249999 0.369915175 0.7118522140625 0.26444635 0.562645478125 0.257098125 0.566678084375 0.1421198421875 0.682471734375 0.136068328125 0.6980261062500001 0.1403908328125 0.7078196078125 0.25536911562500003 0.5926020359375 0.266607621875 0.5937542203125
0 0.143416590625 0.6726782328125 0.259691621875 0.5597650296875 0.26833659375 0.5620693734375 0.27827835156249997 0.5689824265625 0.3638637 0.6997543703125 0.37337315625 0.6962978421875 0.375102165625 0.6836239187500001 0.270065603125 0.5280801953125 0.2484531546875 0.5476671859375 0.13732665625 0.6559121734375 0.13520384218749998 0.664036915625 0.137365075 0.6680695484375 0.143416590625 0.6726782328125
0 0.861205709375 0.8580092703125001 0.8665621890624999 0.8580092703125001 0.9317849765625 0.9499753312499999 0.9355660078125 0.9461959046875 0.9361961703125001 0.9411566671875 0.8640414828124999 0.8328130890625 0.856164353125 0.8424716312499999 0.7685704453125 0.9596338734375 0.773296734375 0.9642531796875 0.854904 0.8617886968749999 0.861205709375 0.8580092703125001
0 0.8602604515625 0.8281938015625 0.8675074468749999 0.829873540625 0.93462075 0.9205797921875 0.9387168484374999 0.9180601749999999 0.9390319437500001 0.9096614421875 0.8662470921875001 0.8071969781250001 0.861205709375 0.8097165953125 0.854588903125 0.8181153296874999 0.76971860625 0.9302046359375 0.7720364078124999 0.9382171203125 0.77770795625 0.9377971890625 0.8602604515625 0.8281938015625
0 0.8539587421875 0.8130760828125 0.8615208031250001 0.8059371687500001 0.8675074468749999 0.8059371687500001 0.9374565234375 0.89286399375 0.9412375546874999 0.8911842546875001 0.9409224593750001 0.8811057828125 0.8649867406249999 0.779481178125 0.8482871953125001 0.7983783140625 0.7717213125 0.9046222046875 0.7710911515625 0.9134408687500001 0.7761325078125 0.9168003656250001 0.8539587421875 0.8130760828125
0 0.775817440625 0.89286399375 0.8630962249999999 0.7786412984375 0.8693979609375001 0.7786412984375 0.9396621062499999 0.8672478828125 0.9434431359375001 0.8655681234375001 0.94438839375 0.8584292203125001 0.8662470921875001 0.7551248671875 0.7718451187500001 0.8801134625 0.770460959375 0.884885209375 0.7707760546875 0.8899244453125 0.775817440625 0.89286399375
0 0.6627220625 0.874602475 0.6671332859375 0.8708230484374999 0.671859575 0.87040311875 0.6769009296874999 0.87040311875 0.74842545625 0.9682482765625 0.75724784375 0.9728675828125001 0.7610288734374999 0.9703479640625 0.7638646484375 0.9619492296875001 0.6728048328125 0.84268731875 0.582690246875 0.9556501859375001 0.571662234375 0.97076789375 0.5665185640625 0.98281611875 0.568196284375 0.9854656734375 0.5726074921875 0.98672548125 0.6627220625 0.874602475
0 0.6652427703125 0.839327821875 0.6709143156249999 0.8376480828125 0.675325509375 0.8397477515625 0.757878034375 0.9426321640624999 0.7619741328125 0.935493240625 0.7603987109375 0.9249948375000001 0.6724897375000001 0.8116120234374999 0.6642975109375 0.8170711890625 0.57103205625 0.9388527375000001 0.5653605109375001 0.9497710890625 0.56630576875 0.9548103250000001 0.5707169765625 0.9569099937500001 0.6652427703125 0.839327821875
0 0.6652427703125 0.8120319515625001 0.6731199 0.8099322734375001 0.678476378125 0.8141316406250001 0.7619741328125 0.914916365625 0.7657551625 0.9102970593749999 0.7660702578125 0.9018983453124999 0.6756406046875 0.7868357703125 0.6705992203125 0.7847360921875 0.66051648125 0.7910351375 0.5678812015625 0.9182758625 0.5678812015625 0.9291941953125 0.5741829265625 0.9300340734375 0.6652427703125 0.8120319515625001
0 0.6731199 0.89769896875 0.6806819609375 0.9052578234374999 0.7509461328125 0.9993235921875 0.755357328125 0.9972238843750001 0.7588232921875 0.990504909375 0.7556724234375001 0.9858856015624999 0.6901345390625 0.8934996109375 0.678476378125 0.8775420234375 0.668393609375 0.8699831687499999 0.6438169078125 0.8981189171875 0.568408796875 0.9988830984374999 0.5804846359375 1 0.6665030953125 0.8972790390625001 0.6731199 0.89769896875
0 0.45448631875 0.8658938968750001 0.46204838125 0.8621144703124999 0.469925509375 0.8688334640625 0.5638211281250001 0.9788567828125 0.5676021578125 0.9679384296875 0.5663418046875 0.957440028125 0.46330870468749996 0.8377581671875 0.4598427703125 0.83943790625 0.4210872 0.881851484375 0.346411834375 0.9817963296875 0.346411834375 0.9855757578125001 0.35145321875 0.9935545609374999 0.45448631875 0.8658938968750001
0 0.35617950781249996 0.9624792640625 0.45385612656249996 0.838178096875 0.46204838125 0.8352385484375 0.46803499375 0.8390179765625 0.5638211281250001 0.9511409828125 0.567917253125 0.941482440625 0.5694926734375 0.9335036562499999 0.46204838125 0.8050031328125 0.3599605390625 0.9318239171875 0.3474878203125 0.9509971984375 0.346411834375 0.9624792640625 0.350192865625 0.9658387609375 0.35617950781249996 0.9624792640625
0 0.454171221875 0.8902502171875 0.4607880265625 0.8873106515625 0.4661444796875 0.8873106515625 0.5572043234375 0.9994336578125 0.559725 0.9973339890625 0.5622457062499999 0.9868355671875 0.482844053125 0.888990409375 0.4642539640625 0.8625344187499999 0.45448631875 0.8684135140624999 0.437471678125 0.888990409375 0.3486174453125 0.9973339890625 0.36027560625 0.9990137265625 0.45133545 0.8923498859375 0.454171221875 0.8902502171875
0 0.4611031234375 0.9167062078124999 0.4674048328125 0.9175460671875 0.532312525 0.9990137265625 0.553423290625 0.9990137265625 0.4708707671875 0.8940296453125001 0.4611031234375 0.8885704593750001 0.4522807078125 0.8923498859375 0.3642636375 0.9985680609375001 0.385167403125 1 0.45385612656249996 0.9204856359375 0.4611031234375 0.9167062078124999
0 0.196548875 0.862113084375 0.2044260328125 0.8583336578124999 0.2119880953125 0.8583336578124999 0.3225832859375 0.9624778796875001 0.3266793828125 0.9624778796875001 0.3310906046875 0.9557589046875 0.3301453484375 0.9477801015624999 0.2066316421875 0.8272583703124999 0.194658359375 0.8331374765625 0.1039136109375 0.9645775671875001 0.0967956765625 0.9837612359374999 0.099187321875 0.9897737484375 0.1054890578125 0.9935531765625001 0.196548875 0.862113084375
0 0.194658359375 0.8251586921875 0.202535515625 0.8209593249999999 0.20789196875 0.8238988828125 0.2204954140625 0.8331374765625 0.32321341875 0.9293029140625 0.32699445 0.9196443703125 0.32699445 0.9104057781250001 0.2006450015625 0.7907239078125 0.1959187109375 0.7945033359375 0.1275450546875 0.8940282609375 0.097926996875 0.937701628125 0.09490544375 0.9506821578125001 0.097926996875 0.9570187140625 0.10422870625 0.9578585734375 0.194658359375 0.8251586921875
0 0.21513896406250002 0.8898288843750001 0.22018031875 0.8894089546874999 0.32825483125 0.9943930359375001 0.33235093125000004 0.9931332265625 0.3342414453125 0.9851544421874999 0.3339263796875 0.9775955890624999 0.2113579328125 0.8574937984375 0.2044260328125 0.8625330328124999 0.19276784375 0.8789105515625 0.110845509375 0.9981724625 0.1284903125 1 0.20726180625 0.8927684515625 0.21513896406250002 0.8898288843750001
0 0.21261825625 0.9242636781250001 0.220810509375 0.9221639890625 0.22837257187499999 0.9251035375000001 0.2995819734375 0.9994322718750001 0.32069276874999997 0.9994322718750001 0.2299479921875 0.905786471875 0.219865253125 0.8919285718750001 0.21387860937499997 0.8944481906249999 0.13649056875 0.9995131765625 0.1533821109375 0.9998522203125001 0.2082070640625 0.9280431046875 0.21261825625 0.9242636781250001