0 0.38328205 0.48611454062500004 0.3810629765625 0.47604975937500005 0.273918590625 0.3984582859375 0.19189655625 0.3400614359375 0.176912609375 0.381962996875 0.15869378125 0.433767003125 0.1258549984375 0.5498869734375 0.1313047984375 0.56060934375 0.14092758125 0.5635157546875 0.168899334375 0.4645481828125 0.197552684375 0.38792426562500004 0.2116660484375 0.3829439671875 0.22376025312499997 0.38621802031249997 0.2629077046875 0.41422475781249996 0.3754072171875 0.49750968437500004 0.38328205 0.48611454062500004
0 0.35892296875 0.4542993234375 0.3688380828125 0.45117242187500006 0.3657103328125 0.4344236859375 0.3324038421875 0.4055748921875 0.1779278671875 0.2903225109375 0.158993865625 0.33494036562499996 0.1352328171875 0.40037444375 0.10485904531250001 0.498040728125 0.11044784062499999 0.50924631875 0.1202788390625 0.509351796875 0.135123796875 0.466967015625 0.16105752499999998 0.3891125625 0.18074027343750002 0.3365233578125 0.19700745625 0.331981453125 0.218735003125 0.3464232125 0.2725133375 0.387698034375 0.35892296875 0.4542993234375
0 0.161845521875 0.24615953125 0.142469815625 0.2904166875 0.08539245 0.45738617968749995 0.0948869796875 0.47042117812499995 0.102315959375 0.46922536875 0.16485143124999999 0.291858178125 0.18002699375 0.28939581406250003 0.1986226375 0.2976488703125 0.3481116328125 0.4190621734375 0.357957340625 0.416868915625 0.358502021875 0.4011384640625 0.161845521875 0.24615953125
0 0.346043821875 0.3754500078125 0.34646440312500004 0.359288109375 0.15329098125 0.1952696265625 0.1293594390625 0.2377871015625 0.0960220015625 0.322799925 0.0663317234375 0.402868471875 0.0653642015625 0.40537945937500003 0.07469465 0.4143191828125 0.0824959265625 0.41441771562499996 0.1374111734375 0.268129890625 0.15442069375 0.23679530781250002 0.1712242546875 0.23764301406250002 0.193338809375 0.25108038125 0.3408086453125 0.3807480359375 0.346043821875 0.3754500078125
0 0.46418330625 0.27872844375 0.3925632484375 0.47489887187499996 0.3976191890625 0.4851786859375 0.40924644218750006 0.490572825 0.46943276093749997 0.32033188125 0.48324170781250003 0.3172557625 0.49989350625 0.3255227546875 0.6294056625 0.428412559375 0.6354831 0.4145120390625 0.46742585468750003 0.27686551718749997 0.46418330625 0.27872844375
0 0.6115435484375 0.3137682828125 0.6117890828125 0.300026284375 0.5507340578125001 0.23663599062500001 0.4867630796875 0.173324959375 0.44015988437500003 0.1295275078125 0.41482582656250006 0.1728110734375 0.3804749515625 0.24604816093749998 0.347357365625 0.32357295 0.35474400156249997 0.3390366109375 0.3617595265625 0.338614421875 0.432679525 0.17795880625 0.44691956250000003 0.1690836109375 0.46907666406250004 0.178975746875 0.5018081249999999 0.21103539218749998 0.545390878125 0.2589275109375 0.6020066125 0.31418184375 0.6115435484375 0.3137682828125
0 0.61933784375 0.339406609375 0.5194607984374999 0.24759463906249998 0.4468281890625 0.18336157343749998 0.41136162968749995 0.25855810468749996 0.3602521125 0.377160603125 0.3652897734375 0.3902960078125 0.37377897187500003 0.3935376671875 0.44449513906250004 0.2277947203125 0.4588710640625 0.22231108125 0.4720085390625 0.2256578890625 0.5167931921875 0.270430746875 0.6111152625 0.3560662046875 0.6193144125 0.35538035 0.61933784375 0.339406609375
0 0.48914905937500003 0.256057875 0.45307055625 0.229876565625 0.40909933125000003 0.3411858765625 0.37781340937499996 0.42799781093749995 0.383898809375 0.43747799218749994 0.396228928125 0.4438561703125 0.45816585 0.2709440421875 0.47267765937500006 0.268851959375 0.49738756406249995 0.28615968281250004 0.6160249999999999 0.38919075625 0.6242293078125 0.37538675312500003 0.5778664921875001 0.33096545 0.48914905937500003 0.256057875
0 0.8850422109375 0.3509353109375 0.8435315015624999 0.3117064875 0.73274834375 0.21262881875 0.7249802843750001 0.20751559999999997 0.6926700578125 0.28200901875 0.6451428031249999 0.407227478125 0.64989041875 0.4164353625 0.660062275 0.41531006093749995 0.7226603546875 0.26221130000000004 0.731086765625 0.2506390375 0.7480337687499999 0.2497154 0.7716279921875 0.26898256875 0.8752414640625 0.3679464625 0.884247971875 0.3642292359375 0.8850422109375 0.3509353109375
0 0.87574285 0.314226171875 0.81854701875 0.251116803125 0.71573575 0.162239684375 0.7089371718749999 0.178011759375 0.6345604812500001 0.3616792671875 0.6414166890625 0.3738392609375 0.649203021875 0.37609688750000003 0.7161462125 0.20891319843749998 0.7291843515624999 0.20315726562499997 0.7427843140625 0.2081119609375 0.7655032359375 0.22871472499999998 0.8154351999999999 0.26948943125 0.86740265625 0.32463862187500003 0.87574285 0.314226171875
0 0.8720532828125 0.2751267703125 0.7065408796875 0.12151513750000001 0.6269175421875001 0.30007805468750004 0.6226900421875 0.3204101296875 0.6233066875 0.3225539796875 0.6271110578125 0.3314016796875 0.635908578125 0.3357152671875 0.704670315625 0.1675561703125 0.7181892140625 0.16055253593750002 0.7338298234375 0.16676356406249998 0.858053628125 0.2833781109375 0.8678623359375001 0.2897476609375 0.8720532828125 0.2751267703125
0 0.6983075296875 0.07829518437500001 0.611472796875 0.27557365625 0.6154130546875 0.2878129140625 0.6249813843750001 0.2948063171875 0.7015842796875 0.1203380671875 0.717896359375 0.1201261671875 0.72888869375 0.1262320515625 0.857638003125 0.24982274375000002 0.8639506640624999 0.24841651874999998 0.8666993359375 0.2375387421875 0.6983075296875 0.07829518437500001
0 0.95210313125 0.3974452953125 0.9992612109375001 0.44304788593750005 0.98851314375 0.40568082499999997 0.9216970921875 0.341484084375 0.8379982265624999 0.5151982562499999 0.8583201015625 0.5349698890625 0.92773720625 0.3896193375 0.93923194375 0.386616946875 0.95210313125 0.3974452953125
0 0.9161346734375 0.2950095921875 0.879659096875 0.36719490781249997 0.8212710218750001 0.4773959546875 0.8229672640624999 0.48894649531249995 0.8266976906249999 0.4973931375 0.8352271796874999 0.49991101093749996 0.9175517703124999 0.3406403390625 0.9281437609375001 0.335630084375 0.9428204484375 0.3504741578125 0.9853223328125 0.3953468046875 0.9739435421874999 0.3550277 0.9161346734375 0.2950095921875
0 1 0.45416252031250004 0.9291985953124999 0.39017738125 0.8656128921875 0.539972215625 0.8822145046875001 0.5592472078124999 0.9296036828125 0.44133507656250004 0.943065815625 0.4361272546875 0.9552872546875 0.44356600156250003 1 0.4848833453125 1 0.45416252031250004
0 1 0.48809421875 0.9439544078125 0.4403472328125 0.8935190328125 0.5668902078125 0.9123936765625 0.5838916828125 0.9519862359375001 0.49201493906250005 0.9656872140624999 0.48763749375 0.9779612859375 0.4963898953125 1 0.5165499515625 1 0.48809421875
0 1 0.7600930546875 0.9819268515624999 0.7452340859375 0.9530659921875 0.81464289375 0.9235401875000001 0.8762893328124999 0.9196902546875 0.8932721859375 0.9193236312499999 0.894333540625 0.9244547015625001 0.9004925203124999 0.92847336875 0.896554815625 0.978930096875 0.779977615625 0.9868029421875001 0.771530346875 0.9931536640624999 0.771028390625 1 0.775893628125 1 0.7600930546875
0 1 0.737630521875 0.9767120390624999 0.71931753125 0.964650540625 0.745127359375 0.91622055 0.8508416546875001 0.9142454609374999 0.8704493609374999 0.9177121734375 0.8739366015625001 0.9211621359375 0.8734723265625 0.9349102484375 0.8402890421875 0.9561394906249999 0.794182003125 0.978769615625 0.7459374015625 0.9838309453124999 0.7432886765625 0.9900799234375001 0.745547634375 0.9989899328125 0.75238605625 1 0.753203875 1 0.737630521875
0 1 0.7147617328125 0.97025383125 0.6906354609375 0.9609103578125 0.6924125906249999 0.9155066156249999 0.8047547421875001 0.9100355671875 0.8254454671874999 0.9070735609374999 0.8416220234375 0.90713630625 0.8449547921875 0.912652096875 0.8501153234375 0.9157368421875001 0.8476026593749999 0.9287977609375 0.8167022046874999 0.9706637921875 0.7185351078125 0.9795040578125 0.7165658265625 0.983858696875 0.719246771875 1 0.7317620703125 1 0.7147617328125
0 1 0.693555490625 0.9579676062500001 0.659600659375 0.9027284312500001 0.7914760125 0.8980993140625 0.8119791859375001 0.8989022453125 0.8178853171875 0.9037503421874999 0.8222818359374999 0.90717380625 0.819389465625 0.9609661031250001 0.6902704234375 0.9688821953125 0.6882027640625 0.9768875296875 0.69189596875 1 0.709933678125 1 0.693555490625
0 0.9299891406249999 0.7017377296875 0.9358809906250001 0.69366209375 0.9362496859375 0.6871549703125 0.9054437578125001 0.6605397875000001 0.8033863671875 0.5757402734375 0.797731515625 0.575985490625 0.7909116828125 0.59035468125 0.7716218859375 0.6332016874999999 0.7501538328125 0.68059181875 0.7374685421875 0.71351365 0.728010353125 0.7386152953125 0.729136709375 0.745127534375 0.7341486421875 0.7504360546875 0.7414813640625 0.7508315453125001 0.7675537609374999 0.68483154375 0.8013786984375001 0.6120322046875 0.810696021875 0.6089421796875001 0.8229089796875 0.6133228953125001 0.8588910421874999 0.6414902890625 0.9299891406249999 0.7017377296875
0 0.9291600765625001 0.6633724562500001 0.9298355046875001 0.6527391109375 0.797531475 0.5415379828125 0.7899136921875 0.5418823109375001 0.7810395203125 0.556032815625 0.74997074375 0.6288945015625 0.7189205828125 0.7061480875 0.7207084734375 0.7114984875 0.72390000625 0.7165362140625 0.7331445375000001 0.71752029375 0.791404290625 0.5790857468749999 0.7990948703125 0.5746673125 0.8097941625 0.5746510125000001 0.83571985 0.5972809671875 0.921612028125 0.66742098125 0.9291600765625001 0.6633724562500001
0 0.9325094249999999 0.6291487484375 0.7872425546875 0.5066326421875 0.7193912515625 0.6472038296875 0.712586975 0.6737432250000001 0.712971225 0.67940630625 0.7197013125 0.6863610328124999 0.7250927734375 0.6834692265625 0.7874425953124999 0.54108015 0.80366504375 0.5394953359375 0.8218845984375 0.5543735203125 0.9259343703124999 0.641772625 0.9300755593750001 0.6371303890625 0.9325094249999999 0.6291487484375
0 0.9254384328124999 0.6097581359375 0.9267753953125 0.5979629562500001 0.7826084875 0.47148208281250004 0.7618080828125 0.5021537671875 0.704841946875 0.6355659390625 0.7053981796875 0.6435578125 0.70965716875 0.6497103765625 0.7164305984375 0.6498922968749999 0.7717049765625 0.525310925 0.7820958703125 0.50777913125 0.796366225 0.5046002281249999 0.8080493453125 0.511466075 0.91884781875 0.6102118062499999 0.9254384328124999 0.6097581359375
0 0.57924089375 0.6340400265625 0.5754066890625 0.6373293203125 0.5417898515624999 0.7292373671875 0.5151254749999999 0.8037680125 0.52028554375 0.8123592484375 0.52912175625 0.81607295 0.5811786640625 0.6729770578125 0.5926552734375 0.6671735953125 0.6043959828125 0.672675459375 0.7201074000000001 0.756076365625 0.7250553890625 0.74523343125 0.7226901078125 0.738048934375 0.57924089375 0.6340400265625
0 0.7126320765624999 0.7061970125 0.6974029671875 0.693760840625 0.5799361765625 0.6042571578125 0.5649618375000001 0.5958228609375 0.5237212734375001 0.7048519765625 0.503860628125 0.7677204343749999 0.5082880703125 0.7768807328125 0.5181023406249999 0.77672379375 0.5674965140625 0.637873825 0.5742612312500001 0.6323082703125 0.5864928046875 0.63120698125 0.5985012890625 0.638678509375 0.708329346875 0.7213606968749999 0.7146422140625 0.7163016609375 0.7126320765624999 0.7061970125
0 0.7071855593749999 0.681029209375 0.6650740015625 0.645765184375 0.5578213109375 0.563726890625 0.521952571875 0.6394961984374999 0.48948486406249997 0.7270896328124999 0.49385094843750005 0.7370753296875 0.501783465625 0.7418020624999999 0.5588944031249999 0.597580321875 0.5644132843749999 0.59391574375 0.57797439375 0.595359325 0.5935456390625 0.60690755625 0.703176615625 0.6940981374999999 0.706181490625 0.6889642703125001 0.7071855593749999 0.681029209375
0 0.5491448343750001 0.5262909921875 0.4800217421875 0.67237686875 0.4786068375 0.7006965921874999 0.4902731828125 0.7090560609375001 0.5495559921875001 0.5671915453125 0.55906714375 0.5618259125 0.568539278125 0.5625569125000001 0.5796440640625 0.5710414765625 0.696949121875 0.6682925828124999 0.701054771875 0.6576372875 0.699031628125 0.6495648515625 0.5491448343750001 0.5262909921875
0 0.7310017390625 0.943427928125 0.733941934375 0.9536498984374999 0.7392740718749999 0.9576641078125 0.796600715625 0.8313954171875 0.804979128125 0.8290561109375 0.9152055578124999 0.91090656875 0.9196168218749999 0.9056677125 0.917187965625 0.897223475 0.7924731015625001 0.802521553125 0.7310017390625 0.943427928125
0 0.72351584375 0.9186125359374999 0.7256890312500001 0.9261679031250001 0.73018266875 0.9284772609375 0.7870131265625 0.798062909375 0.794936540625 0.7953520468749999 0.9054598265625 0.8818654796875001 0.9114354125 0.8772239703125001 0.9092773812500001 0.8673006750000001 0.7812345421875 0.7719213703125 0.72351584375 0.9186125359374999
0 0.766269353125 0.74167843125 0.71029915 0.8908175578125 0.7180904531250001 0.89854015 0.772687109375 0.7700421375000001 0.7811370156249999 0.7667410828125 0.7949299375 0.7759642 0.8913071046875001 0.8471853609375 0.8959437296875 0.847571225 0.8960195000000001 0.8357315906249999 0.784172409375 0.751877603125 0.766269353125 0.74167843125
0 0.738302328125 0.7521646328125 0.7015197546875 0.8639257562499999 0.7031816046875 0.8697033921875 0.709822396875 0.8734260828125 0.7612904078125 0.7437333749999999 0.7689018125 0.7387274671874999 0.885457025 0.8220055703125 0.890379628125 0.8185444453124999 0.8888759203125 0.8084753906250001 0.7596522640625001 0.7138320390625 0.738302328125 0.7521646328125
0 0.274265484375 0.8333079640625 0.2682378328125 0.82566540625 0.27101328125 0.820790946875 0.1339528609375 0.7255287828125 0.0923755171875 0.8411954625 0.1004290921875 0.8691947703125 0.139742325 0.7601802828124999 0.1553031734375 0.7586055468749999 0.278172015625 0.8456792203125 0.2843317765625 0.842888325 0.283012246875 0.8346698828125 0.274265484375 0.8333079640625
0 0.2557512359375 0.785885034375 0.1337663578125 0.6934124328125 0.12227445625 0.69218911875 0.082163909375 0.8032728625000001 0.0900744953125 0.8331956609375 0.1288048953125 0.7233651859375 0.140966278125 0.7220748125 0.2704044171875 0.8138329265625 0.27558696562499996 0.8003827812500001 0.26914550312499996 0.796142778125 0.26268460937500004 0.8051485875 0.25470913125 0.79557538125 0.2557512359375 0.785885034375
0 0.25967059375 0.765622628125 0.252713515625 0.770482778125 0.24386922968750002 0.763940571875 0.24398618593750002 0.755875046875 0.1136120171875 0.657231790625 0.09973477187499999 0.681604084375 0.0702601453125 0.7643084765625 0.0780580515625 0.7914189171875 0.1137118703125 0.6926778140625001 0.12516258593750001 0.690127021875 0.139880659375 0.69772531875 0.2569883953125 0.7865552609375001 0.26429206562499996 0.76837641875 0.25967059375 0.765622628125
0 0.108149715625 0.6225074125 0.0597777140625 0.7278649328125 0.06821479375 0.757197540625 0.10449263125 0.6630465328125 0.11230336406250001 0.6575233109374999 0.124720415625 0.6571218046875 0.2433470125 0.7536528796875 0.2508911984375 0.738730828125 0.108149715625 0.6225074125
0 0.4546629515625 1 0.3497822953125 0.927619534375 0.323687375 1 0.3385255609375 1 0.354477590625 0.9596773125 0.3622168296875 0.9551158390625 0.373238578125 0.9583355265625 0.43564322187500004 1 0.4546629515625 1
0 0.488181315625 1 0.48810358281250005 0.999428225 0.3334521125 0.8962619343749999 0.2960690890625 1 0.3109524125 1 0.33710957656249996 0.9271321734375 0.3475224625 0.9233938390624999 0.35547190781250004 0.9268250109375 0.46376687499999997 1 0.488181315625 1
0 0.2918173109375 1 0.325145196875 0.8976394953125 0.3369945703125 0.8940540765625 0.354698296875 0.9047705625000001 0.4753224578125 0.9852506156249999 0.480260215625 0.9794215640624999 0.47894068437500004 0.9712031234375 0.3225255625 0.8679567984375 0.2942923703125 0.94045353125 0.276518015625 1 0.2918173109375 1
0 0.422801709375 1 0.35861803281250004 0.9559175156249999 0.34274728906249996 1 0.359322653125 1 0.364964296875 0.9852429687500001 0.377197171875 0.98299085 0.40145391718749995 1 0.422801709375 1
0 0.29031640625 0.8690811 0.29443191562500004 0.8686865765625 0.348629134375 0.7323158140625 0.36747911875 0.7296835171875 0.492064771875 0.8246613437500001 0.5004249515625 0.8149651234374999 0.495010125 0.8041593875 0.3584439703125 0.6982716359375 0.34707364687500003 0.6934928953124999 0.280848290625 0.860222803125 0.2835306015625 0.86954820625 0.29031640625 0.8690811
0 0.317049021875 0.5931181640625 0.299979375 0.6219890796875001 0.2443081953125 0.7518988171875 0.243456428125 0.7609669640625001 0.250474378125 0.769326546875 0.2584397828125 0.76494085625 0.31827667656249997 0.6267915265624999 0.3317860703125 0.6243043953125 0.3436588703125 0.6294934624999999 0.4670481859375 0.731004896875 0.47449438125 0.7288239046875 0.474499103125 0.7168108937500001 0.317049021875 0.5931181640625
0 0.255523178125 0.7922257765625 0.258707965625 0.8019615046874999 0.266182909375 0.8065634718749999 0.31934169687499997 0.6746021078125 0.32910160781250003 0.66041600625 0.3463484703125 0.6602298609374999 0.4785335046875 0.7629154890625001 0.4814286515625 0.7502586015625 0.3245600046875 0.62591409375 0.255523178125 0.7922257765625
0 0.334882459375 0.6591282484375001 0.2680301859375 0.8223419984375001 0.273868534375 0.8346201671875001 0.28440854843749996 0.8338390203125 0.3381200203125 0.694442909375 0.35616844531249997 0.6930336890625 0.481696834375 0.78727925 0.4893344078125 0.7777439984375001 0.48577158281250005 0.770703778125 0.347336690625 0.663665534375 0.334882459375 0.6591282484375001
0 0.558771128125 1 0.60008604375 0.8979704078124999 0.60673256875 0.8907920609375 0.6162887718750001 0.8926078890625 0.7273009 0.975697428125 0.7360799890624999 0.975933215625 0.733989559375 0.9619353734375 0.5965015250000001 0.8619526937499999 0.5460408984375 1 0.558771128125 1
0 0.5385787453125 0.999329584375 0.5883670296875 0.8650796203125 0.59573845625 0.8581780828125 0.6825577671875 0.91772985625 0.724057765625 0.9431099734374999 0.7249191484375 0.9315225953124999 0.5839773109374999 0.8318710046875 0.5287755109375001 0.9888030203125 0.5385787453125 0.999329584375
0 0.5293999390625 0.9763918515625001 0.5771600921875 0.8373342218750001 0.588445178125 0.8339437484375001 0.71503956875 0.9140004265625 0.713607778125 0.90117073125 0.5700414703125001 0.8047335046875 0.52206849375 0.9486597140624999 0.51941196875 0.9663447296875001 0.5293999390625 0.9763918515625001
0 0.50802029375 0.9390787703125 0.512313509375 0.9495178953125001 0.518851640625 0.949814596875 0.5657684203125 0.8100682625 0.57302136875 0.8027548296875 0.7017623656249999 0.888031071875 0.7064711484374999 0.88084609375 0.7042863703125 0.8721287296875 0.5611799203125 0.7795336578125001 0.50802029375 0.9390787703125