0 0.41113468593749997 0.8011263281250001 0.22652315937499998 0.6350562234375 0.1970993 0.620933203125 0.058099921875 0.89955283125 0.06985898125 0.918759228125 0.0840407984375 0.9151610734375 0.1723369578125 0.73585923125 0.2013741328125 0.6894592671875001 0.22199951874999999 0.6893727171874999 0.39357993125 0.8356902859374999 0.40401756874999994 0.836818375 0.4149282328125 0.81393225 0.41113468593749997 0.8011263281250001
0 0.405648475 0.7440025390625 0.2477274859375 0.6005688625000001 0.18713055781250001 0.5559237203125 0.048903459375 0.83040403125 0.0608291109375 0.8511722453124999 0.074333253125 0.8469105671875001 0.18698353750000002 0.6285125046875 0.2055872078125 0.6208516296875 0.22237381093750003 0.630294165625 0.3890325921875 0.7759889984375 0.3990650609375 0.7676287875 0.406136940625 0.75427175 0.405648475 0.7440025390625
0 0.3992347015625 0.6838725 0.20956888125 0.4988665796875 0.1842110765625 0.4887247046875 0.0358075390625 0.758835903125 0.041278309375 0.7816762640625 0.058159517187499996 0.786315959375 0.180925565625 0.5603385984375 0.200123615625 0.5525603359375 0.21639913437499997 0.5629011687500001 0.3805024984375 0.713087475 0.393067765625 0.71140329375 0.4001396453125 0.6980462562499999 0.3992347015625 0.6838725
0 0.1736705734375 0.412665103125 0.022105928125 0.6929689109375 0.0301208078125 0.716901553125 0.047774296875 0.7174019296874999 0.1675571375 0.49759524375 0.181928165625 0.48439140468749997 0.2038975921875 0.49121565624999997 0.377405115625 0.64991039375 0.391098465625 0.6360430265625 0.3941042921875 0.6187048421875 0.1736705734375 0.412665103125
0 0.2800545 0.9832961515624999 0.28501005625000003 0.96716763125 0.13117056093749999 0.8619985281250001 0.07749250937499999 0.9947069687500001 0.0975171859375 0.9938910265625 0.1334576046875 0.9061990078125 0.1481505046875 0.9017025578125001 0.2150244109375 0.948297484375 0.2800545 0.9832961515624999
0 0.143649484375 0.9448515453124999 0.157320215625 0.9421516859375 0.2279560203125 0.98857605 0.264830171875 0.98707354375 0.1394014015625 0.9050251546875 0.10042204375 0.9937726625 0.1219463484375 0.9928956140625 0.143649484375 0.9448515453124999
0 0.1587629921875 0.9841268218750001 0.1702227984375 0.9834583218749999 0.1792954390625 0.9905588171874999 0.21387277500000001 0.9891498984375 0.1522206875 0.94555088125 0.1292363265625 0.9925985703125001 0.15462861875 0.9915639125 0.1587629921875 0.9841268218750001
0 0.43356995937500004 0.82938729375 0.4412629671875 0.8446125453125 0.4559332484375 0.8512836 0.5780442421875 0.61347520625 0.604030353125 0.6067484359375 0.7771213984374999 0.7615386265625 0.7892701875 0.755949896875 0.7911098734374999 0.72767898125 0.5799744015625 0.5405342671875 0.43356995937500004 0.82938729375
0 0.572133290625 0.47271251562499994 0.427072890625 0.76847634375 0.4334938421875 0.783155453125 0.45105272812499997 0.788458671875 0.568242090625 0.55002754375 0.581685553125 0.5338174484375 0.6012774640625 0.541111240625 0.773952028125 0.6919968843750001 0.7871342953125 0.6790278125 0.790056825 0.66090871875 0.572133290625 0.47271251562499994
0 0.7819771359375001 0.585160484375 0.5644700796875 0.40086882968750004 0.4217872 0.6961631171875 0.4259139296875 0.7120926796875 0.4444949796875 0.7155993078125 0.5629563984375 0.4777143171875 0.576721734375 0.4702116140625 0.59064235625 0.46985448124999996 0.77104385625 0.619214115625 0.7802207484375 0.614212315625 0.7861871625 0.60187095625 0.7819771359375001 0.585160484375
0 0.5485688515625 0.3314494453125 0.41011861562499996 0.6322866984375 0.41626706249999995 0.6557905859375001 0.4361314765625 0.6542596046875 0.5437161609375 0.4225094796875 0.5595371421875 0.40582984531250005 0.5819456703125 0.4053911390625 0.7576147515625 0.54452235 0.7703579203124999 0.538816234375 0.775241490625 0.516323053125 0.5485688515625 0.3314494453125
0 0.781100025 0.7248716843749999 0.7929876171875 0.7225239796875 0.906043071875 0.5136142203125 0.9182031703125 0.502441740625 0.9385673609375 0.5055962125 0.9697035171874999 0.53734444375 0.971859 0.49621539531250003 0.9198495156250001 0.443909328125 0.9116947921874999 0.44711454218749996 0.7701019359375 0.7071097234375 0.781100025 0.7248716843749999
0 0.781841425 0.6521655156249999 0.79275621875 0.66914656875 0.9019122125000001 0.4578174828125 0.9152723796875 0.440826478125 0.9339367265625 0.445114015625 0.9724884421875 0.48420492031249995 0.9745715296874999 0.4444572375 0.9179295828124999 0.38608122968749997 0.9087640015625 0.3854992796875 0.770404240625 0.6416665125 0.781841425 0.6521655156249999
0 0.7825982671875 0.6137427734374999 0.7867476140624999 0.6185048296875 0.9000035890625 0.3944056296875 0.9118305046874999 0.380109509375 0.9338112421875 0.381350009375 0.975745434375 0.4220578046875 0.9758584015625 0.4199022671875 0.9711301812500001 0.3755745359375 0.9083886281250001 0.3193925421875 0.77604465 0.5807505843749999 0.7825982671875 0.6137427734374999
0 0.9185763781249999 0.318177903125 0.9690477874999999 0.35605179374999996 0.9643832250000001 0.31232085781249996 0.8979920984374999 0.2560622640625 0.762797575 0.5419040625 0.767185503125 0.5545926 0.7849222874999999 0.5558738875 0.9017671578125 0.31990287031250003 0.9185763781249999 0.318177903125
0 0.0642049015625 0.274014365625 0.06741537812500001 0.28135392187499997 0.0720871203125 0.2796339296875 0.1255010421875 0.182970240625 0.134761228125 0.1787493484375 0.1995568703125 0.24568871250000002 0.2181153046875 0.260362846875 0.2206820328125 0.2502876203125 0.1298848375 0.1557916 0.0642049015625 0.274014365625
0 0.0618726203125 0.252148896875 0.0697661484375 0.2521847078125 0.12496320624999999 0.1551688625 0.1351509578125 0.1539542234375 0.1942753109375 0.213242665625 0.21622212031250002 0.2312344203125 0.220821875 0.22314976718750001 0.1294303 0.12877113125 0.0644506578125 0.23648991874999997 0.0618726203125 0.252148896875
0 0.29975301249999997 0.1836407015625 0.38222889375 0.2797801140625 0.3874230296875 0.271578075 0.29664845156249997 0.16591455 0.2778668796875 0.177597359375 0.228257815625 0.28148321875 0.2387674375 0.2889759703125 0.28055496406249997 0.1914189609375 0.29975301249999997 0.1836407015625
0 0.39051215 0.2550208015625 0.39031163125 0.27021023906249997 0.39802725781250003 0.274267984375 0.4534855140625 0.174011115625 0.46628936093749995 0.18025341718750001 0.5205301421875 0.262035040625 0.524274321875 0.25730879375 0.4643015703125 0.1559278328125 0.44860912343750003 0.1510533671875 0.39051215 0.2550208015625
0 0.3856357578125 0.232063053125 0.3872296875 0.24131658281249999 0.39461213125 0.24225069062500001 0.4450541546875 0.1461739265625 0.45966375781249996 0.14089656718750002 0.537168640625 0.218881075 0.53770234375 0.206815275 0.46283617499999996 0.1251202015625 0.44816589687499997 0.11844914687500001 0.3856357578125 0.232063053125
0 0.5238336343750001 0.1123540203125 0.491631509375 0.0839368109375 0.4347634546875 0.0487986328125 0.41399013125 0.0971411640625 0.3820834046875 0.1964173984375 0.38645409375 0.20194181093750002 0.394751521875 0.18350614062499998 0.43095357187500005 0.07723060468750001 0.4418053765625 0.06586094218750001 0.45241920625 0.0725181578125 0.48695541093749994 0.092430778125 0.499273275 0.1032464296875 0.5183746296875 0.12194891562500002 0.5238336343750001 0.1123540203125
0 0.385836278125 0.21687361562500002 0.3944187921875 0.211989196875 0.445466503125 0.1102112953125 0.4580317703125 0.10852711718750001 0.527321253125 0.1777684234375 0.5320989078125 0.1656618359375 0.4706083484375 0.10125918281249999 0.44729487968750004 0.08752413125 0.3833147859375 0.20461383125000002 0.385836278125 0.21687361562500002
0 0.594697984375 0.1437307015625 0.6397618734375 0.2305141265625 0.6464892609375 0.21961720156250003 0.5955874890625 0.1236210328125 0.590915746875 0.125341025 0.5330460421875001 0.24281869218750002 0.5382062484375 0.2513679109375 0.5431391859375 0.246406896875 0.5432224828125001 0.24718780625 0.594697984375 0.1437307015625
0 0.5305430390625 0.179524225 0.53238685625 0.191120484375 0.5392582125 0.1929528875 0.5896282515625 0.0905114609375 0.6051654171874999 0.088240353125 0.6718388046875 0.1500247203125 0.6770329390625001 0.14182268125 0.5999332265625 0.0733264734375 0.5879736453125 0.069309515625 0.5305430390625 0.179524225
0 0.5356693171875 0.2048247015625 0.535729996875 0.21677311875 0.541412596875 0.2188402890625 0.594671234375 0.1150310265625 0.6078308812500001 0.11322946250000002 0.67753684375 0.1863753171875 0.68086454375 0.177744521875 0.6130250171875 0.105027421875 0.5936110078125 0.093711696875 0.5356693171875 0.2048247015625
0 0.5297398796875 0.11509669375 0.5743933875 0.027339353125 0.5862809828125 0.02499165 0.6637858640625 0.1029761578125 0.6700741546875 0.0993421921875 0.5853760375 0.010817890625 0.5746052171875 0.0065661625 0.5239852953125 0.10666486093750001 0.5297398796875 0.11509669375
0 0.29079225468750003 0.137580046875 0.22538815625000003 0.25394314218749997 0.22701680624999998 0.2605784125 0.23451638749999998 0.26181957499999997 0.28031587343750003 0.17534105 0.2887789828125 0.16187314375 0.2977262078125 0.16373583281249998 0.3321782625 0.1953461015625 0.375235821875 0.238565728125 0.378603509375 0.229128875 0.29079225468750003 0.137580046875
0 0.22051936562500002 0.2255646546875 0.223212196875 0.231384809375 0.226819796875 0.23067233593749997 0.2829766953125 0.13337654062499998 0.2943495296875 0.129920596875 0.3686034078125 0.2066033734375 0.375705090625 0.197638984375 0.36363124375 0.18157252343750002 0.2968597859375 0.11460358749999999 0.285765475 0.10772038749999999 0.22051936562500002 0.2255646546875
0 0.5221643796875 0.103457165625 0.5225057953125 0.0965289984375 0.434598071875 0.0185493875 0.42272292968749997 0.0253896046875 0.40979425 0.042610712499999995 0.37377281406249996 0.12188075937500001 0.3724440671875 0.13136969375000002 0.37208800625 0.133096053125 0.3790365609375 0.13408954374999998 0.41809077656250004 0.0494890015625 0.4223220203125 0.0368244953125 0.431982071875 0.02947543125 0.434730803125 0.0400517171875 0.44517834531249995 0.0417736484375 0.5158123171875 0.106367690625 0.5221643796875 0.103457165625
0 0.363796390625 0.1267599078125 0.28960310625 0.058171965625 0.273606090625 0.043861015625 0.251705303125 0.054866040625 0.20408143750000002 0.1547055234375 0.20883150625 0.1589057265625 0.2565017578125 0.063167728125 0.27221315 0.05646804062500001 0.2764045828125 0.066430703125 0.284065121875 0.06491780781249999 0.295419425 0.0760350125 0.35688732968750003 0.135318015625 0.36159100781250003 0.1354167390625 0.363796390625 0.1267599078125
0 0 0.298966096875 0.000119296875 0.29899696875 0.061375379687499995 0.3513953609375 0.06535046718750001 0.35122750156250004 0.066679340625 0.343867415625 0 0.28366745312499997 0 0.298966096875
0 0 0.278924225 0.0513882984375 0.3194224765625 0.0542307125 0.3108377 0 0.26312025 0 0.278924225
0 0.6679087578125 0.1246937359375 0.6732883125 0.11858924062500001 0.6488814984375 0.09279679843750001 0.5881494296875001 0.05797163125 0.5806374640625 0.056934146875 0.52975094375 0.1581013203125 0.5297885671875 0.1584540390625 0.5293970156250001 0.1624929953125 0.5343748046875 0.165471553125 0.58055386875 0.0792798453125 0.58346938125 0.0783439078125 0.5896594453125 0.06955830625000001 0.6166208703125 0.0833214921875 0.643539565625 0.0992540078125 0.6679087578125 0.1246937359375
0 0.5328852203125 0.14379669374999998 0.5723749109375 0.0668493453125 0.5802185078125001 0.0555762953125 0.591461603125 0.050474687500000004 0.644069525 0.083662975 0.6480640156249999 0.0799929078125 0.6401056859375001 0.0722007625 0.610131203125 0.05074922187499999 0.5804953234375 0.03247214375 0.5288786484375 0.13450381250000001 0.5328852203125 0.14379669374999998