0 0 0.5787053546875 0.143439528125 0.44599579218749996 0.16566964374999998 0.441091084375 0.2050198546875 0.45801972031249993 0.4001849375 0.5616609546875 0.43050163125 0.5787472390625 0.4442741859375 0.5717317484375 0.44654647656249996 0.5599485265624999 0.41624029374999993 0.543765409375 0.1707271078125 0.40983719374999994 0.1364523046875 0.4149521 0 0.5438102609375 0 0.5787053546875
0 0 0.5363258203125 0.1291466578125 0.40830445624999995 0.1562051578125 0.4042188390625 0.1785403890625 0.4083458125 0.34886144531249996 0.49932201875000004 0.42462427187499996 0.5395540125 0.4378051046875 0.533452203125 0.441323909375 0.5252606296875 0.15699968125 0.3689742609375 0.12032645 0.375034375 0 0.4944203390625 0 0.5363258203125
0 0 0.48533769062500004 0.116618440625 0.3669689203125 0.1472745828125 0.361465490625 0.1726472640625 0.3677978359375 0.219921121875 0.3927183546875 0.41753719062499994 0.49993022343750004 0.4313885828125 0.499688496875 0.4385155375 0.49098228125 0.4196885984375 0.47776056406249995 0.14869761718750002 0.3284683234375 0.10902372812500001 0.335484153125 0 0.44329782812499996 0 0.48533769062500004
0 0 0.4431550640625 0.11016512812499998 0.330044125 0.14685938125 0.3257903484375 0.1789459859375 0.33968401406250004 0.41243550781250005 0.47562876249999997 0.4304710046875 0.4726039609375 0.437587446875 0.462994578125 0.1422075140625 0.2883824390625 0.1019051125 0.29315085937499996 0 0.39384711875 0 0.4431550640625
0 0 0.6322932015625 0.13132035 0.5433175859375 0.15823169374999999 0.5265876140625 0.1811271125 0.5270914046875 0.200566796875 0.5412057796874999 0.40198547656250005 0.6646116140625 0.42116237500000003 0.6561467859375 0.420423490625 0.644416109375 0.16309995156249998 0.479076696875 0 0.5915064171875 0 0.6322932015625
0 0 0.7617893609374999 0.1466065546875 0.666358309375 0.1724658453125 0.6627452968750001 0.203269146875 0.6698862203125 0.3798700796875 0.7828849453125 0.3961041296875 0.7803432578125 0.403859596875 0.7738844515625 0.405566440625 0.765272825 0.171322271875 0.6162426453125 0 0.723448209375 0 0.7617893609374999
0 0 0.7098085890625 0.16223619843749998 0.6118844546875 0.1869908765625 0.6168725578124999 0.3836021921875 0.741265640625 0.40219787812499996 0.73461765625 0.405706171875 0.7255229140624999 0.168340459375 0.567062021875 0 0.6743965734375 0 0.7098085890625
0 0.184443115625 0.5532307328125 0.18039040312500002 0.5673034078125 0.42136426406250005 0.7252496578125001 0.6713901375 0.5740916921875 0.6718452109374999 0.561436828125 0.65610828125 0.554936325 0.4359681328125 0.6861506796875 0.413701228125 0.6878943 0.20485601718750002 0.5474543859375001 0.184443115625 0.5532307328125
0 0.18158526875 0.4629454453125 0.17994149375 0.47697608125 0.43130050156250005 0.64738801875 0.691411940625 0.48295544843749993 0.685802625 0.466793009375 0.6731399328125 0.46565896562500003 0.44768479218749996 0.605999590625 0.4290418046875 0.6085833187499999 0.4138913421875 0.6007175515625 0.21898161562500001 0.46726125781250005 0.197793040625 0.45814583906250006 0.18158526875 0.4629454453125
0 0.668795075 0.5063856125 0.5102908937499999 0.602648640625 0.41109782812500006 0.6712277296875 0.41723054375 0.6806058921875 0.4383350265625 0.68249596875 0.636276590625 0.558895825 0.6597059187500001 0.5535185140625 0.68387413125 0.5598718796875 0.8226078765624999 0.6798549046875 0.8448642703125 0.6772081187500001 0.8549813734375 0.6666430140624999 0.668795075 0.5063856125
0 0.4463130484375 0.48813614687499995 0.46501384999999995 0.49051984375 0.70859909375 0.35528293125 0.7483623296874999 0.3559440296875 0.8883342531249999 0.5305582171875 0.9081186406249999 0.5225344625 0.7558497546875 0.326454434375 0.7274816687500001 0.3215293921875 0.4401803359375 0.47875798124999996 0.4463130484375 0.48813614687499995
0 0.706274246875 0.362550315625 0.4321011859375 0.5091612515625 0.4328190453125 0.5190855921875001 0.453379109375 0.5259536 0.6928170359375 0.39666085 0.7120359781250001 0.39180869218750003 0.7391995953125 0.396754753125 0.8712058218750001 0.559764384375 0.8904562968749999 0.5576217328124999 0.8964313421875 0.553452378125 0.744262315625 0.36595244843749997 0.706274246875 0.362550315625
0 0.700043846875 0.39653473125 0.421660403125 0.5436708218749999 0.4308148015625 0.55389960625 0.44768261875000004 0.5540569109375 0.649426796875 0.4466507359375 0.6865656125 0.4288389265625 0.7166825890624999 0.42876501562499997 0.856481071875 0.58847693125 0.8745060578125001 0.5845489609375 0.87985784375 0.578583778125 0.730208125 0.400525075 0.700043846875 0.39653473125
0 0.4083713734375 0.5922320437499999 0.41692879375 0.6029229218750001 0.43916416406250003 0.5984697999999999 0.6695370406250001 0.46662519375 0.689981475 0.4635583515625 0.8441389796875001 0.614889515625 0.8627872234374999 0.612757371875 0.8675262625 0.60589953125 0.7065654859375 0.4393301171875 0.674615528125 0.43717763906249996 0.4083713734375 0.5922320437499999
0 0.681617609375 0.5730098546875 0.42923535937499996 0.7287257015625 0.4305922421875 0.7418006187499999 0.44689461875000003 0.7451295250000001 0.6550846796875 0.6222538828124999 0.671281940625 0.61655110625 0.69000901875 0.621192721875 0.8365297640625 0.7374264484374999 0.8581261124999999 0.7298227484375001 0.8628493859375 0.7216101546875 0.681617609375 0.5730098546875
0 0.419470390625 0.7695469375 0.4244038921875 0.779397709375 0.43888379375 0.781403390625 0.6513000078125 0.6593573453125 0.6754156625000001 0.6611948703125 0.8207161734374999 0.7760948609375 0.8405163296874999 0.769425859375 0.842841175 0.762158475 0.6719262203125 0.6201532703125 0.419470390625 0.7695469375
0 0.41879156562500003 1 0.27696212187499997 0.89379405 0.24232808437500003 0.8937945062500001 0.027133128125 0.9854260859374999 0.0175330265625 0.9910292578125001 0.0119382390625 0.99475065 0.01832359375 1 0.02885084375 1 0.03613526875 0.9976501531249999 0.0966597734375 0.9730394890625 0.2036620765625 0.9279890359375 0.2425635125 0.9140230390624999 0.2740326515625 0.918909490625 0.38645711875 1 0.41879156562500003 1
0 0.4270913296875 0.9902234171875 0.4282149171875 0.98295629375 0.28232148281249997 0.869844121875 0.2533173734375 0.8691423687500001 0.0192686328125 0.9671425703125 0.016086165625000003 0.970519884375 0.01777754375 0.9774359015625 0.025445265625 0.9788119875 0.22947523906249997 0.896736625 0.255530859375 0.886316584375 0.2712654296875 0.8887598109375 0.2814262953125 0.8967359390625 0.41061824375 0.99353069375 0.4270913296875 0.9902234171875
0 0.439249884375 0.962229096875 0.2928132546875 0.8370472140624999 0.258154621875 0.83493424375 0.0177093265625 0.936971809375 0.0230420296875 0.9453341765625 0.034351078125000004 0.9481566140625001 0.23916173437500002 0.8639537718750001 0.2572207828125 0.858504959375 0.2870477421875 0.8607022499999999 0.29965606875 0.8713534875000001 0.41149234687499997 0.9648273656249999 0.4312603421875 0.9678041609375001 0.439249884375 0.962229096875
0 0.380060909375 1 0.24788215937500002 0.9211777343750001 0.217281546875 0.9217117625 0.06142654843749999 1 0.09565825312500001 1 0.20950283593750002 0.9454019312499999 0.2271803265625 0.9417716546875001 0.2513843859375 0.94527499375 0.3453094796875 1 0.380060909375 1
0 0.3354977703125 1 0.24703968125000003 0.9525983296874999 0.1528060359375 1 0.1990755796875 1 0.2212932796875 0.9895871875 0.23775582499999998 0.98537415625 0.2655731 0.9879085 0.2884875703125 1 0.3354977703125 1
0 0.5191825624999999 1 0.683072359375 0.9081473687500001 0.7059806515625 0.9041238281249999 0.722124890625 0.9071638640625 0.8337714187499999 0.9843341499999999 0.8510041062499999 0.977087878125 0.7170226468750001 0.884000465625 0.6908335015625 0.8829476078124999 0.49286150156249997 1 0.5191825624999999 1
0 0.7170985 0.8559150265625 0.6881260140625 0.8579305390625 0.4911110328125 0.9891061750000001 0.5028297484375 0.992525421875 0.688799221875 0.88117123125 0.7020476765625 0.8776182484374999 0.7145822140625 0.8819291984375001 0.8318411015624999 0.9568876812499999 0.8455695000000001 0.9599698765625 0.855568728125 0.9540577609374999 0.851020221875 0.943869828125 0.7170985 0.8559150265625
0 0.716015625 0.832077528125 0.6942660578125001 0.8318531312499999 0.49515354375 0.9558178578125001 0.49282906718749997 0.963709896875 0.504134603125 0.9662304140625 0.6820723640625 0.8568282671875 0.698902409375 0.849589025 0.7093991515625 0.8518216765625001 0.8444901390625 0.9364342953125 0.8585157640625001 0.9304519125 0.8567751937500001 0.9193090359375 0.716015625 0.832077528125
0 0.7258251046875001 0.80986181875 0.6916323609374999 0.8131763484375 0.4973726078125 0.9388682656249999 0.49702970312500006 0.9440079062500001 0.5071238046875 0.9462475859374999 0.690253715625 0.833131071875 0.7043074515625001 0.8295640359374999 0.716831446875 0.8329692312500001 0.846638925 0.9134463359374999 0.8615752453125 0.9165074515624999 0.86503385 0.902254046875 0.7258251046875001 0.80986181875
0 0.7941770484374999 1 0.6928938328124999 0.9215650562500001 0.53686445625 1 0.5766262796875 1 0.65549548125 0.9608711203125001 0.6731413484375001 0.954523578125 0.6997331328125 0.955569409375 0.7543433734375 1 0.7941770484374999 1
0 0.8367916234375 1 0.978776440625 0.9293057156250001 0.9791228171874999 0.914423934375 0.8358092140625001 0.9864124437499999 0.8124631421874999 0.987423828125 0.710829896875 0.9055491 0.6919269156250001 0.9076908640625 0.6867804484375 0.9153301703125001 0.7925842624999999 1 0.8367916234375 1