0 0.3312488 0.3910211875 0.3439879625 0.3886087265625 0.34870045156249996 0.378265059375 0.1352129296875 0.2298596 0.0117444 0.33631562656249997 0.012887493750000001 0.3690495296875 0.1280661296875 0.2734448171875 0.1434104140625 0.26942548906249997 0.1620711640625 0.27398491875 0.3312488 0.3910211875
0 0.3297598203125 0.3502392109375 0.33992931406250004 0.3499428875 0.34731815625 0.33901093125 0.130585234375 0.183045253125 0.010039265625 0.287486953125 0.0112392359375 0.321849625 0.1282909484375 0.22802003437499999 0.137675803125 0.226215615625 0.15548079374999998 0.2282483953125 0.3297598203125 0.3502392109375
0 0.328413084375 0.3114943109375 0.3417235125 0.30753424687500003 0.3441176 0.293175653125 0.1226389609375 0.137348215625 0.0082834875 0.2372080375 0.009632696875000001 0.2758443578125 0.12045130468750001 0.183850846875 0.129871778125 0.1825557375 0.148283540625 0.1835502046875 0.328413084375 0.3114943109375
0 0.33010054375000003 0.26755784375 0.33948767968750004 0.2560573359375 0.11865371093749999 0.0900048328125 0.0064201125 0.18384796406249998 0.0077635625 0.22231934843749998 0.12035611875 0.1338425375 0.1428712640625 0.1352277421875 0.3194308515625 0.27042032968749996 0.33010054375000003 0.26755784375
0 0.0297078921875 0.14540633593750002 0.031362640625 0.1513416890625 0.038950684375 0.1537741265625 0.1222188359375 0.086601125 0.13398178125 0.08811585625 0.22618008125000003 0.15389099374999998 0.23135710625 0.152148028125 0.23627521875 0.146697615625 0.120999584375 0.06408146718749999 0.0297078921875 0.14540633593750002
0 0.026332853125 0.1243802171875 0.028700518749999997 0.12839401718750001 0.03165021875 0.1301655328125 0.039164296875 0.1315387203125 0.1201508375 0.06204400624999999 0.1280729125 0.0642013625 0.22604114531250002 0.13166587031250002 0.2325000296875 0.12298630937499999 0.1154802484375 0.0406863203125 0.026332853125 0.1243802171875
0 0.0199117140625 0.1037066875 0.020838684375 0.106863940625 0.0307638140625 0.1124125734375 0.11100948125000001 0.03736698125 0.11839415 0.0368864421875 0.220054109375 0.1066315734375 0.226678203125 0.10537712968749999 0.22870211875000002 0.09894963125 0.1085095859375 0.016742115625 0.0199117140625 0.1037066875
0 0.3337676953125 0.08207092187500001 0.23915574843749998 0.1546991375 0.238492653125 0.1594119125 0.2415717671875 0.163037184375 0.24836230937499998 0.16416610625 0.3288459984375 0.1026466828125 0.338382809375 0.1026341578125 0.42109858906250003 0.1742580890625 0.4287802734375 0.1729728171875 0.43330888281249996 0.1670030328125 0.3337676953125 0.08207092187500001
0 0.335702734375 0.059193982812500004 0.24053813124999998 0.1335343953125 0.2401676296875 0.1378693390625 0.2493322171875 0.142644065625 0.3295003328125 0.081664546875 0.334380309375 0.0807262953125 0.34285952656249996 0.0807445828125 0.42553832187499996 0.15183887499999998 0.4303627953125 0.1501061625 0.4341678375 0.143892090625 0.335702734375 0.059193982812500004
0 0.236311409375 0.1139652609375 0.239133296875 0.117997834375 0.24644278281249998 0.12149981875 0.333718171875 0.0560675484375 0.3426978703125 0.058194087500000005 0.4288095140625 0.1278615625 0.43404201093749994 0.126913028125 0.4367339875 0.11993535468750001 0.33446499531249996 0.0364095 0.236311409375 0.1139652609375
0 0.23904681718749998 0.091464815625 0.24006621562500002 0.095946153125 0.24874883906249998 0.098877428125 0.3352637078125 0.0326712421875 0.3413491796875 0.033820704687499994 0.42857389218749997 0.10425180468749999 0.43595853125 0.1037712796875 0.43794546562500003 0.096814140625 0.3345634328125 0.012524646875 0.23904681718749998 0.091464815625
0 0.761549321875 0.4233076984375 0.76488279375 0.41324939531249993 0.6033299953125 0.2629091453125 0.5938825390625 0.2597196859375 0.3943224140625 0.4051407921875 0.3951921921875 0.411461909375 0.3990669796875 0.41741231562500003 0.41484354687499997 0.42041734999999997 0.5695541656249999 0.307635821875 0.5807900453125 0.3034105671875 0.5916920078125 0.3026598171875 0.6067121328125 0.303088340625 0.7422883828125 0.42819987656249997 0.761549321875 0.4233076984375
0 0.7760359140624999 0.37481213750000003 0.6038566421875 0.212654896875 0.39686644531250004 0.3635763734375 0.39868437343749996 0.3706493046875 0.40543600937499996 0.376515884375 0.4216974203125 0.378207540625 0.5868572953125 0.25819200625 0.5976988953125 0.2565768125 0.6109928453125 0.2570556328125 0.7586802046875001 0.390476171875 0.7716422171875 0.386200653125 0.7760359140624999 0.37481213750000003
0 0.7797714906250001 0.329228415625 0.6097126265624999 0.16441080937500002 0.4005154796875 0.31555168125 0.40293495 0.32418439375 0.41147307812499995 0.33086510156250004 0.42204109843750004 0.33358882031250003 0.600708165625 0.20884879218750002 0.616879059375 0.20924377187499998 0.7552396375 0.341203690625 0.7652926812499999 0.3448086015625 0.7772850046875 0.343159878125 0.7797714906250001 0.329228415625
0 0.7882570421875 0.3021293390625 0.7919546109375 0.28902877031249996 0.6200508765625 0.11430375 0.40452378125 0.2643711109375 0.40325038125 0.270904628125 0.4103641859375 0.2819578 0.42705005468749996 0.28147159843749997 0.5998407593749999 0.1633991765625 0.609956053125 0.15963969218750002 0.62630798125 0.1626279625 0.767634065625 0.30402953125 0.7777172421875 0.30806666250000003 0.7882570421875 0.3021293390625
0 0.0883060109375 0.695647671875 0.0935954078125 0.7010584109375 0.1086879875 0.7067512781249999 0.2487304 0.6078191859375 0.2721146234375 0.60754665625 0.4160574890625 0.696977334375 0.42351921875 0.6947156796875 0.431668415625 0.6867102359375 0.25985915625 0.5723344499999999 0.0883060109375 0.695647671875
0 0.2561517515625 0.534828953125 0.08495896875 0.6582331390625 0.085227503125 0.666959459375 0.089115065625 0.6680727125 0.0996629546875 0.6710361078125 0.2514838625 0.5693077468750001 0.27006518281249997 0.5704016796875 0.41272041406250004 0.6647759875 0.4270722390625 0.6598605203125001 0.42747480156249995 0.6500365734375 0.2561517515625 0.534828953125
0 0.4295123109375 0.6168609546875 0.2491283734375 0.496602403125 0.07810072968750001 0.6231275093749999 0.0815200546875 0.6294539796875 0.087722709375 0.6325439890625 0.101444071875 0.6341883671875 0.23974309531250002 0.5336717203125 0.249806625 0.5296988984375 0.2635279671875 0.531343284375 0.41561633125 0.6283046109375 0.42516525156249996 0.6247556265624999 0.4295123109375 0.6168609546875
0 0.424116625 0.5863549906250001 0.4246615953125 0.57857110625 0.24622234999999998 0.4549851421875 0.0781581859375 0.5813085328125001 0.07807088749999999 0.58785253125 0.08601695468750001 0.592527121875 0.0985950296875 0.5933871296875 0.2373802140625 0.4920386203125 0.2444412109375 0.4918328734375 0.26022125156250003 0.49178191406250005 0.40533405 0.5901730328125 0.4151963203125 0.5911121921875 0.424116625 0.5863549906250001
0 0.4442689390625 0.6918952296875001 0.4450442203125 0.6989945671875 0.4589934875 0.7039030671875001 0.6040667953125001 0.60686859375 0.6177026234375 0.6072889671875 0.739976253125 0.6981687203125 0.7522978703125001 0.695356625 0.7555301546875001 0.6870856203125 0.6088486015625 0.5740218593749999 0.4442689390625 0.6918952296875001
0 0.4437385421875 0.65274368125 0.44350938749999996 0.66142578125 0.45479987499999996 0.667229434375 0.6042184625 0.5700683484375 0.621141728125 0.5708017640625 0.73975571875 0.6638323640625 0.75439245 0.6629970421875 0.75856865625 0.652654284375 0.6142020406250001 0.541567303125 0.4437385421875 0.65274368125
0 0.446137521875 0.6239880859375 0.4501200984375 0.6313876515625 0.46401238593749994 0.635480128125 0.6150319125 0.5378635375 0.6292109734375 0.538268078125 0.75019696875 0.63409146875 0.7653484421875001 0.632832296875 0.769180759375 0.6253614546875 0.62250103125 0.5045296578125 0.446137521875 0.6239880859375
0 0.6249980390625 0.462346109375 0.448692865625 0.5869532140625 0.45421626562500006 0.5965166828124999 0.4679091625 0.5977530578125 0.6092088265625 0.5012373953125 0.6199010140625 0.4984727875 0.6354228625 0.5025177609375 0.7530644390625 0.5972120890625 0.7678436234375 0.5984168109375 0.775907303125 0.589187328125 0.6249980390625 0.462346109375
0 0.6820945625 0.5036942343749999 0.687107759375 0.5071336015625 0.731627284375 0.4748222875 0.737556465625 0.47429097656249997 0.807088328125 0.5267636609374999 0.8123288140625 0.5232047984375 0.7357917781250001 0.46268970937500004 0.6785336796875 0.5013972859375 0.6820945625 0.5036942343749999
0 0.6673541015625 0.4934987640625 0.6717675468750001 0.495927903125 0.677545215625 0.5000620828125 0.733297653125 0.46114893749999997 0.738587328125 0.46171188125 0.8049355671875 0.5130224421875 0.8099495624999999 0.5130556109375 0.8123445281249999 0.5097589140625 0.7345167046875 0.44784726406250003 0.6673541015625 0.4934987640625
0 0.657527584375 0.48652837812499994 0.6607510125 0.488540203125 0.664786559375 0.4916495140625 0.731521290625 0.44596255312500005 0.73818998125 0.4457682390625 0.8054775921875 0.5002783171875 0.8095264343749999 0.500160340625 0.8101792718749999 0.49583878593749997 0.7350337437500001 0.43474533437499996 0.657527584375 0.48652837812499994
0 0.7404882234375 0.4274155125 0.733281546875 0.42332296718749995 0.6502891843749999 0.47972446875 0.6522035984375 0.48233546406250005 0.6560384515625 0.485988434375 0.7319000921875001 0.43429882343750004 0.7379925 0.432687125 0.8044531921875 0.48560785156249997 0.8097928 0.48688643593750003 0.8119121234375 0.48305996875 0.749186353125 0.432360953125 0.7404882234375 0.4274155125
0 0.8209520687499999 0.5250682890625 0.8249001640625 0.5269252343749999 0.9050238203125 0.4747528859375 0.9122937625 0.4763337765625 0.97054434375 0.5278802812500001 0.9760479734375 0.5246722859374999 0.9099902671875 0.463851840625 0.8203868968749999 0.5219367296875 0.8209520687499999 0.5250682890625
0 0.8258617625 0.51335450625 0.828155184375 0.5154389359375 0.9069381015625 0.4611543875 0.9131929140624999 0.46186849218750003 0.97453965 0.513324790625 0.97856430625 0.5094428046874999 0.9097360515625 0.44995798750000005 0.8247217078125001 0.510698634375 0.8258617625 0.51335450625
0 0.8262655578125001 0.5020485875 0.8304518156249999 0.5038985890625 0.9098617796875 0.448340871875 0.9138856328125 0.4478650734375 0.97953188125 0.49937535625 0.983531571875 0.4951355484375 0.9112057578125 0.4368282859375 0.82556883125 0.49928991875 0.8262655578125001 0.5020485875
0 0.8062266765625001 0.6481666890625 0.81021288125 0.650674803125 0.88585694375 0.601472534375 0.8912283703125 0.6010774453125001 0.945548109375 0.6467313406249999 0.951320690625 0.642984596875 0.8880111828125001 0.5913898578125 0.8044140421874999 0.6447975765625 0.8062266765625001 0.6481666890625
0 0.8856263249999999 0.58907365625 0.895468246875 0.5890254515625 0.9491541109374999 0.6346978046875 0.9540423296875 0.6319311140625 0.8902496609374999 0.5779647515625 0.8108344421875 0.6322868609375 0.8140194328125 0.6369654406249999 0.8856263249999999 0.58907365625
0 0.8082345265624999 0.622342715625 0.8115702203125 0.624631209375 0.8837445234375 0.57576861875 0.8896833265625 0.5744027140625 0.9495740171874999 0.6225185453125001 0.9534781750000001 0.6193033828125001 0.888401084375 0.5651358859375 0.8073468374999999 0.61928206875 0.8082345265624999 0.622342715625
0 0.808888259375 0.6089637953125 0.8134917375 0.6112153484375 0.887917875 0.562764278125 0.8958913734375 0.563247653125 0.9499274249999999 0.60938695 0.953498021875 0.6059429421875 0.8899890140625001 0.551491171875 0.8086222624999999 0.605154453125 0.808888259375 0.6089637953125
0 0.8204185109375001 0.064755121875 0.8217164718750001 0.0666834953125 0.82446561875 0.0685695828125 0.8843414328125 0.0222577890625 0.8980729249999999 0.027319321875000004 0.9406346390625 0.074578646875 0.9442402624999999 0.0720704609375 0.8997848812499999 0.022681653125 0.885901125 0.0154398828125 0.8204185109375001 0.064755121875
0 0.8898284015625 0.009208395312500001 0.90175759375 0.013448587500000001 0.940119975 0.054713215625 0.9446419828125 0.05283371875 0.9055925531250001 0.010059846875 0.8948372453125 0.0052060109375 0.8865297562500001 0.0051576796875 0.8221324296875 0.0518156734375 0.8237358562500001 0.05395361562499999 0.82787529375 0.054925320312500005 0.8898284015625 0.009208395312500001