0 0.4243834859375 0.398199371875 0.44308363125000005 0.402949853125 0.454228559375 0.39509047656249996 0.4563690921875 0.3845757796875 0.11830672499999999 0.1825931921875 0.07591718593749999 0.1847443640625 0.006185425 0.2657510765625 0.007447910937500001 0.319992625 0.0905197328125 0.22266807656249998 0.11441741875 0.2185244390625 0.16952690937499998 0.24879805937500002 0.4243834859375 0.398199371875
0 0.11943947656250001 0.1781632484375 0.41644449687499996 0.351364425 0.4277728953125 0.35564888125 0.441241825 0.34941864218749996 0.44643936562500003 0.34052452187500004 0.10119670624999999 0.13089650625 0.052168428125 0.1325730984375 0.00443884375 0.1907108546875 0.0059077406249999995 0.2538206234375 0.05344385625 0.18831928281250002 0.068736890625 0.17709893593749998 0.09919 0.172326675 0.11943947656250001 0.1781632484375
0 0.413969834375 0.30888239687499996 0.43053743281249995 0.3048243390625 0.4377673671875 0.29369813125 0.4213743890625 0.2806393640625 0.08567768125 0.0808375171875 0.035350015624999995 0.08473763906250001 0.0029309328125 0.1259248234375 0.00427930625 0.18385645 0.0446717078125 0.1304522640625 0.071209821875 0.12241317031250001 0.1075438375 0.1275098640625 0.413969834375 0.30888239687499996
0 0.40617265468749997 0.27363967968749997 0.424897621875 0.26900434375 0.43187761093750004 0.254568515625 0.0675430484375 0.0252881671875 0.01799005 0.0297313328125 0.0011680203125 0.05018294375 0.0028635421875 0.12302946249999999 0.0341171109375 0.0781269546875 0.061554867187499994 0.0722857171875 0.0966311546875 0.0801575421875 0.40617265468749997 0.27363967968749997
0 0.402203496875 0.5028033093750001 0.41560594687499997 0.50540728125 0.4342059390625 0.49911713593749996 0.4338141796875 0.484215284375 0.1142099953125 0.26435031875 0.0082159140625 0.352989146875 0.009555546875 0.41054527343749997 0.10808885625 0.329016296875 0.12767180625000002 0.3260272140625 0.140990940625 0.3275279796875 0.402203496875 0.5028033093750001
0 0.4267198 0.6234247546875 0.143208534375 0.43460752031250005 0.0128011640625 0.5244644218750001 0.0160921515625 0.5680410984375001 0.1235183125 0.4944631109375 0.1502647171875 0.489182034375 0.1793936203125 0.49601911875000004 0.3984408953125 0.6375571609375 0.42013955625 0.633439196875 0.4267198 0.6234247546875
0 0.39714064531250004 0.59119679375 0.407569403125 0.593283396875 0.42315404375 0.5859242765625 0.42611090156250003 0.5765042265625 0.135944059375 0.3772749890625 0.010793898437500001 0.463749871875 0.01189731875 0.511157340625 0.1162121796875 0.4365789765625 0.13407916250000002 0.43029738906250004 0.1533873421875 0.433384503125 0.39714064531250004 0.59119679375
0 0.4542143203125 0.530904746875 0.4336484140625 0.5305927687499999 0.4036446921875 0.512172009375 0.1782999265625 0.35524897499999997 0.159933046875 0.354911321875 0.1476137078125 0.3666490390625 0.1476722 0.3771380625 0.438488734375 0.5752555312500001 0.5926688171875 0.479600184375 0.715929565625 0.40197269843749994 0.7163124734374999 0.387613890625 0.7047757859375 0.380571415625 0.6937806515625 0.380699784375 0.4542143203125 0.530904746875
0 0.1536754859375 0.2429101375 0.1348255453125 0.2458906640625 0.133226565625 0.26357620625 0.442043909375 0.486327559375 0.733986271875 0.2913439125 0.7306208187500001 0.2759246875 0.7153357703125 0.2678217953125 0.4582108984375 0.43810699218750004 0.4347546125 0.438380846875 0.3998946 0.4139437984375 0.1536754859375 0.2429101375
0 0.730506428125 0.40069833125 0.4481844828125 0.5773506921875 0.4553399546875 0.5943819390625 0.47094142968749997 0.5969602390625 0.7034028 0.45953629375 0.719279046875 0.45603839687500003 0.73341450625 0.4586338125 0.9095058671875 0.6045380015624999 0.93034654375 0.598773784375 0.9369267875 0.5887593437499999 0.730506428125 0.40069833125
0 0.91353785 0.62878288125 0.714397934375 0.45940792343750003 0.4428459953125 0.623236478125 0.44037219843750003 0.62933835 0.449018509375 0.6369666609375 0.4653529953125 0.6395364015625 0.68019733125 0.511703665625 0.705269428125 0.5036816890625 0.7226285296875 0.5101040953125 0.8951629828125001 0.647768465625 0.9127800171875 0.6381772578125 0.91353785 0.62878288125
0 0.9282627734375 0.5226097140625 0.7088645296875 0.318137525 0.42456868593749997 0.5075109999999999 0.422952871875 0.515259121875 0.43233219062500006 0.5228788765625 0.45164037187500006 0.5259659890624999 0.677004765625 0.3819998265625 0.7007774765625 0.37620137656249997 0.7268077109375 0.38086627968750003 0.8939531687500001 0.534604171875 0.9158601171875 0.533244225 0.9282627734375 0.5226097140625
0 0.7524187671875 0.23426345624999997 0.713319346875 0.23140740937499998 0.41436332499999995 0.42095204375 0.418653240625 0.42918330468750004 0.43592902499999997 0.43450250625000003 0.7173265078125 0.2650381046875 0.738059046875 0.26755650000000003 0.9139429828125 0.4592865671875 0.9249797734375 0.45970980156249996 0.9380073015624999 0.45734934374999997 0.9410474750000001 0.4490325015625 0.7524187671875 0.23426345624999997
0 0.7780732109375 0.18538003125 0.7439382203125 0.1802576625 0.42509080624999995 0.358992734375 0.43182969687500006 0.37050794374999996 0.451954203125 0.37468970625 0.7214905828125 0.22303066093749999 0.7505193296875 0.21882711718749998 0.7776574953125001 0.2284478921875 0.9298520359375001 0.427079615625 0.9446788453125 0.42911487031249995 0.9579811421875 0.420678215625 0.7780732109375 0.18538003125
0 0.798238509375 0.1415294984375 0.75220874375 0.1343376453125 0.4343442875 0.316373778125 0.438442746875 0.331784446875 0.4556352171875 0.3360004390625 0.7313104390625 0.17819673281249998 0.761596915625 0.17121805625 0.7925250984375001 0.182450853125 0.946119175 0.38989967187499996 0.9603379515625001 0.393598296875 0.9758809328125 0.3856875703125 0.798238509375 0.1415294984375
0 0.8081665015624999 0.0884129625 0.7694668265625 0.081135528125 0.437084003125 0.2749350546875 0.44174884218750005 0.28813074843750003 0.46252303906250003 0.2912007453125 0.7544742515625 0.12547775781249998 0.777114209375 0.1241092515625 0.8040857421875 0.1315236125 0.9630776671874999 0.3521595703125 0.9764801171874999 0.35476354374999997 0.9899907062500001 0.3490849078125 0.8081665015624999 0.0884129625
0 0.267868628125 0.82237544375 0.051691231250000004 0.9325568656250001 0.0545984453125 0.94190845 0.07618896875 0.9460730984374999 0.250868478125 0.859563940625 0.2765237875 0.8592644125 0.296814925 0.8656525875 0.4430266734375 0.9462069328125 0.463384290625 0.9437608953125001 0.470822515625 0.93539270625 0.267868628125 0.82237544375
0 0.45651157500000006 0.9013302171875001 0.263861465625 0.7887447437499999 0.2325087171875 0.791319153125 0.039962225000000004 0.8841098953125 0.041336940625 0.9023128109374999 0.23055165312499998 0.8139776859375001 0.2500929453125 0.8104369984375 0.267893446875 0.8129896249999999 0.4374285203125 0.910938540625 0.4534713984375 0.9096470578125 0.45651157500000006 0.9013302171875001
0 0.46491592031250006 0.8863256703125 0.29109891875 0.7608222515625 0.2636859828125 0.7572776718750001 0.037462740625000004 0.8510136859375 0.038795800000000005 0.8686649984375 0.2223299078125 0.792542171875 0.2529744703125 0.7805905046875 0.2899165203125 0.7840238296875001 0.4419595328125 0.8932187656250001 0.4566197109375 0.89304760625 0.46491592031250006 0.8863256703125
0 0.0363627953125 0.8267345765625 0.038387204687499996 0.8438257265625 0.27202385156250003 0.7511073374999999 0.289824353125 0.7536599640625 0.44839796718749997 0.8716120937499999 0.46448250468749996 0.8708722124999999 0.46622329218749997 0.8647788999999999 0.30005280624999997 0.7336653109375 0.2697911515625 0.7312581703125 0.0363627953125 0.8267345765625
0 0.27433015 0.6942151578125 0.03459631875 0.7936298078124999 0.0359710359375 0.8118327234375 0.2654179203125 0.7219237015625 0.284351178125 0.7200463828125 0.30916534218749997 0.7280380234375 0.4560108109375 0.8461270765625001 0.47222032187499996 0.8470420078125 0.47835916406249995 0.8408973484375 0.30980618125000003 0.6976655984375 0.27433015 0.6942151578125
0 0.4749432203125 1 0.47496350156249995 0.999938871875 0.278515390625 0.9050646171875 0.09338805312500001 1 0.140426525 1 0.24205726562500002 0.9468970109375 0.28153959375 0.9353942515625 0.3100188015625 0.9433431015625 0.43355940625 1 0.4749432203125 1
0 0.2868444078125 0.8696336234375 0.0769724859375 0.9758768 0.08354474375 0.9851855953124999 0.10354427343749999 0.9877125484375 0.2661375546875 0.906313309375 0.2857205046875 0.903324228125 0.30576169375 0.9064027828125001 0.4553052203125 0.982501509375 0.47855321406250007 0.9794696359374999 0.48236805625 0.9716958390625001 0.2868444078125 0.8696336234375
0 0.49093105000000004 0.97822094375 0.4893152359375 0.9859690656250001 0.5014183 0.9907965703125001 0.6900666359375001 0.9046764156249999 0.704118778125 0.9061686234374999 0.8185195390625 0.9832297390625 0.8323633906250001 0.9819639296875 0.8479480328125 0.9746048093749999 0.7048012781249999 0.8763478046875001 0.49093105000000004 0.97822094375
0 0.8521457796874999 0.9524722062500001 0.716562228125 0.847501821875 0.5432654203125 0.9328906546875 0.5269309359375 0.9303209125 0.4863991703125 0.9473568218749999 0.48579113593749995 0.9490201890625001 0.49248837031250003 0.9599837984375 0.5117965484375 0.9630709109375 0.6785379328125 0.8783107031249999 0.6966132078125 0.8747871328124999 0.715879728125 0.8773226421875 0.8217343296875 0.957796071875 0.8429915875 0.957547890625 0.8521457796874999 0.9524722062500001
0 0.5179930171875 0.9188313765625 0.5239155828125 0.9292519374999999 0.5433903953125 0.9345454656250001 0.7237673421874999 0.8457614296875 0.75068038125 0.8426867671875 0.768081140625 0.8496607812500001 0.8673386624999999 0.93021123125 0.8884709453124999 0.928308240625 0.8930604515624999 0.9210774890625 0.7516376499999999 0.8067897515625001 0.5179930171875 0.9188313765625
0 0.541722340625 0.8153135296875 0.5379075015625 0.8230873296875 0.5513932671874999 0.8267945093750001 0.7572083843749999 0.70569226875 0.7711355531249999 0.70552966875 0.93095005625 0.8107692421875001 0.9416784046875 0.7973938328125 0.784171065625 0.6838459718750001 0.7454465703125 0.68595435625 0.541722340625 0.8153135296875
0 0.7750505453125001 0.7087964999999999 0.747970875 0.7096647484374999 0.5367082671875 0.8363514859375 0.5374164546875 0.8457287453125 0.55000258125 0.8472380703125 0.7338026078125 0.7357783875 0.7553762953125001 0.7300056125000001 0.7650303828125 0.731549171875 0.9212463234375001 0.8279973203125 0.934482140625 0.8283948796875 0.9382553250000001 0.8200694796875 0.7750505453125001 0.7087964999999999
0 0.9290098296875 0.8433651953125001 0.7771334484375 0.7363766734375 0.7447977406249999 0.73565001875 0.5354177328125 0.867835675 0.5344516140625 0.8744720328125 0.54919510625 0.8754040796875 0.7305213390625 0.77004626875 0.752453109375 0.7593005046875 0.7716779734375 0.7612844125 0.8992897296875 0.8481289015625 0.9174651562499999 0.8556459578125001 0.9324001031250001 0.8493986031249999 0.9290098296875 0.8433651953125001
0 0.7749016156249999 0.7651114031249999 0.750587346875 0.76373900625 0.5413402984375 0.878256234375 0.540832415625 0.89096023125 0.5563922359375 0.8929869281249999 0.7380933890625 0.7925935484375 0.75531068125 0.787423721875 0.7783255625 0.7910196515625 0.9039882406249999 0.8811994375 0.9192147937499999 0.8788133046875 0.9268613109375 0.8732031328125001 0.7749016156249999 0.7651114031249999
0 1 0.8413791156249999 0.9187733921874999 0.8826830875 0.8852632734375 0.885834771875 0.8211157124999999 0.8330309890625 0.7701791499999999 0.79001058125 0.7548692781249999 0.79129350625 0.7451487078125 0.7985841625 0.8829897828125001 0.914017896875 1 0.8595904578125 1 0.8413791156249999
0 1 0.8796155718750001 0.8936020062500001 0.9282483359375 0.8714202875 0.9356844765625001 0.7471403109375 0.8443843687499999 0.7326884234375 0.8473135468749999 0.7296482484375 0.8556303875 0.8666561609375 0.9600320531250001 1 0.901428459375 1 0.8796155718750001