0 0.0629922 0.464979778125 0.0670357609375 0.4671272078125 0.0774769328125 0.47804287968750003 0.20202960937499997 0.6110935546875 0.20502462968750002 0.61093555 0.20821902812499998 0.608406275 0.207019875 0.59902653125 0.1373710484375 0.5220037015625001 0.0566580140625 0.4311572453125 0.0513384546875 0.43278688593750003 0.020403148437499997 0.500729125 0.021070540625000002 0.5171081015625 0.0228885171875 0.5345455218749999 0.0531446609375 0.46853454687499996 0.058000503125000005 0.46524311875 0.0629922 0.464979778125
0 0.059345868749999996 0.42663119375 0.0671553359375 0.4346504515625 0.1993461671875 0.5743804234375001 0.20241946406250003 0.5728692875 0.20602000625 0.567620584375 0.20520629375000002 0.561255759375 0.0508128609375 0.39133284218750003 0.04632033125 0.39156985 0.0183948625 0.4514422515625 0.0200221984375 0.4913799375 0.043908484375 0.4375631140625 0.048285854687500004 0.4285636765625 0.0554307875 0.4254887375 0.059345868749999996 0.42663119375
0 0.0583579875 0.3953190421875 0.19360879687500002 0.5412953375 0.197438225 0.5417678125000001 0.20095310937500002 0.535849128125 0.19891955 0.5258389046875 0.0419372359375 0.353354565625 0.0386571828125 0.35521385781250003 0.0164539421875 0.40380867968749995 0.0181971765625 0.44659068281250003 0.0409933953125 0.3911763765625 0.045649854687500005 0.3902562203125 0.05263823125 0.3898875421875 0.0583579875 0.3953190421875
0 0.0545095125 0.35538930468749996 0.1873353734375 0.498121025 0.191043696875 0.49961163906249995 0.19472251406250002 0.4930098078125 0.1941436359375 0.482585590625 0.0344587171875 0.310581078125 0.0144694984375 0.35510691875 0.0162270984375 0.3982415328125 0.031996665625 0.3542162390625 0.037878921875 0.34716091250000003 0.0447461953125 0.34781037187499997 0.0545095125 0.35538930468749996
0 0.351005503125 0.48510219687499995 0.4799650546875 0.6172458828125 0.48445758281250006 0.617008875 0.4865532375 0.6098160640625 0.484826840625 0.6041738890625 0.3260767359375 0.4375160625 0.23369420624999998 0.61506188125 0.2328391 0.6201657453125 0.23418743125 0.6248161156250001 0.2384879546875 0.6289734890625 0.243444203125 0.6303982703125001 0.322081725 0.482918346875 0.3266732296875 0.47559386562499995 0.334695396875 0.473484396875 0.3413632890625 0.4765051265625 0.351005503125 0.48510219687499995
0 0.333072490625 0.4391704953125 0.46738705156250004 0.567996421875 0.47272874218750005 0.57243611875 0.47609445 0.57124680625 0.47781941562499997 0.5650853015624999 0.47700570468750003 0.5587204765625 0.3129862421875 0.39605039375 0.227806225 0.5749024875 0.22509767187500002 0.5851628828125001 0.22594683437500002 0.5898395875 0.228792675 0.5944109562500001 0.23317147500000002 0.5972152000000001 0.23657263281250002 0.594337765625 0.3114870828125 0.44132100625000004 0.31513045 0.43640729375 0.3208635265625 0.43408133906249996 0.3268107375 0.43343033750000004 0.333072490625 0.4391704953125
0 0.3169869765625 0.39786283125 0.45817618906249996 0.5293613296874999 0.4610501046875 0.530221465625 0.46362423125 0.5287366640625 0.466718225 0.5214911843750001 0.4657332078125 0.51378639375 0.29553170156249997 0.35582670312500003 0.2780296 0.3938475609375 0.2102393875 0.5495237281249999 0.21004738281250002 0.5539181109375 0.2128503953125 0.5581544875 0.21681568125 0.5616550453125 0.2218502046875 0.5617266937500001 0.293006128125 0.4048612171875 0.29891645625 0.3940946578125 0.305940284375 0.3920378578125 0.3112745984375 0.3944544421875 0.3169869765625 0.39786283125
0 0.301128921875 0.3504726640625 0.30784701718749996 0.355851496875 0.44474308125000006 0.4852157328125 0.45158228125 0.4895764265625 0.45531130312499996 0.48533269843750004 0.45628751406249995 0.4792106921875 0.4537621578125 0.47124991562499996 0.2872187734375 0.3124227359375 0.23543315156250003 0.4301570453125 0.202425628125 0.506093428125 0.202026865625 0.51083596875 0.20296168125 0.516182653125 0.2065562734375 0.5207145203125 0.2102645984375 0.5222051343749999 0.2156698125 0.5212454765625 0.2858480921875 0.358698321875 0.2900689078125 0.3524051453125 0.29600874374999997 0.3497310328125 0.301128921875 0.3504726640625
0 0.7687501109375 0.6191966343749999 0.7693805453125 0.6131177921875001 0.766559446875 0.606465340625 0.61595438125 0.43035285312499993 0.6116639609375001 0.4298235015625 0.49869758593749997 0.60317025625 0.497801546875 0.6115755468749999 0.5049693109375 0.6213993265625 0.5083248765625 0.6212223015625 0.6106039921875 0.4699767578125 0.6199194953125 0.46797391250000003 0.6275820125 0.47285955468749996 0.7573017937500001 0.6243347906250001 0.7646764125 0.6269685265625 0.7687501109375 0.6191966343749999
0 0.6158584171875 0.4296022171875 0.6216992046875001 0.43345042187500005 0.75477455 0.5847486328125 0.7586893765625 0.5845421015625 0.7623477609375 0.5779256671875 0.7623147046875001 0.568859034375 0.604804075 0.389377709375 0.4927890828125 0.5679641578125 0.49239029843750004 0.57365293125 0.4954910265625 0.5802906328125 0.5003572375 0.5853237953125 0.503113821875 0.5870676140625 0.50411985 0.58172465625 0.59705200625 0.436639953125 0.6028034890625 0.4287795484375 0.609091040625 0.42731429531250004 0.6158584171875 0.4296022171875
0 0.7627830578125 0.5438962921875 0.7637808203125 0.536286675 0.7625332765625 0.5265284171875 0.5999413140625001 0.34693731250000004 0.48428447031250005 0.5366735125 0.48557173125 0.5445404296875 0.4897512625 0.5530104625 0.493674353125 0.555070590625 0.5957119515625 0.38872382656250004 0.6018555578125 0.38613262187499997 0.6085666875 0.38577856875 0.6156699421875 0.390693715625 0.7585488828125 0.546008915625 0.7627830578125 0.5438962921875
0 0.755699784375 0.5061072296875 0.7611401828125001 0.502419575 0.7629768375 0.49476570000000003 0.76075471875 0.486192403125 0.5938955234375001 0.2996472921875 0.52381041875 0.4208557359375 0.47966988906249997 0.4983763609375 0.4798866109375 0.5066776046875 0.48519292812500003 0.5173552859375 0.490322240625 0.517840384375 0.5887163796875 0.349418740625 0.5957385953125 0.3448919390625 0.60534199375 0.3451409984375 0.6150661515625 0.3529406703125 0.74770965625 0.5008610234375 0.755699784375 0.5061072296875
0 1 0.547126559375 0.8936244046875 0.42217089531249996 0.7718376765625 0.6024576078125 0.7715216125000001 0.6109096203125 0.777210153125 0.6171703390625 0.7820162859375 0.619259934375 0.8887472484375 0.46273037656250005 0.8946328296875 0.459608096875 0.9005881734375001 0.45976254687500007 0.9058006296875 0.4622993375 0.9123613296875 0.4699199328125 1 0.5731144593749999 1 0.547126559375
0 1 0.5100686890625 0.8947593890625001 0.38462061875 0.7675498953125001 0.5694110828125 0.7687298578124999 0.5759096515625 0.7721097234375 0.5832294250000001 0.7772031578124999 0.5848352375 0.890562590625 0.42280105625 0.9007289593750001 0.42039019843750003 0.9076262234374999 0.42518125781249994 1 0.5380854640625 1 0.5100686890625
0 1 0.46788341562499997 0.88602356875 0.335406703125 0.882268128125 0.33607345624999996 0.762351971875 0.5232909328125 0.7642748234375001 0.5274071609375001 0.7652167421875 0.5320437703125 0.7648411687500001 0.54003029375 0.7666942578125 0.540869790625 0.771490140625 0.54014815 0.8816092281250001 0.3773476578125 0.8902693203125001 0.3740790078125 0.8955905484375 0.37473554062500003 0.9013386000000001 0.3814617453125 1 0.4943723390625 1 0.46788341562499997
0 1 0.42490999531250007 0.88222315 0.2920246078125 0.7607617078125 0.48354127656249996 0.76123779375 0.48726520312500005 0.7637557484374999 0.496036334375 0.7621612015625 0.5026812765625001 0.7679585140625 0.5070617328125 0.874648478125 0.33928721875 0.8835856234374999 0.33272353906249996 0.892315475 0.33273161875 0.899559553125 0.3375043796875 1 0.45262339531249995 1 0.42490999531250007