0 0.08861654062499999 0.2714077078125 0.0989063359375 0.2777330375 0.2731683546875 0.1224924296875 0.2916745390625 0.13180359531250002 0.39512032656249996 0.3401697203125 0.4117303203125 0.32915715625 0.28912298281250004 0.0743667875 0.087191453125 0.2618723015625 0.08861654062499999 0.2714077078125
0 0.09202301093750001 0.2091441609375 0.0942274625 0.2199062921875 0.10205848125000001 0.222081615625 0.28284889999999996 0.0672978578125 0.3042531890625 0.07861999374999999 0.4071903359375 0.3002103125 0.4196535640625 0.2825187390625 0.2963833703125 0.020208310937499998 0.268867059375 0.0440188359375 0.09202301093750001 0.2091441609375
0 0.266349228125 0 0.102237859375 0.13784824843750001 0.10461702343749998 0.14782495 0.10885630625 0.1567404671875 0.2929841421875 0.001828596875 0.304299003125 0.0031628546875 0.316754671875 0.0150642234375 0.417294840625 0.2510123140625 0.4328026078125 0.2346187265625 0.3340086453125 0 0.266349228125 0
0 0.0813793875 0.33888790625 0.0887171484375 0.3461518171875 0.25921781875 0.1850427203125 0.28058347499999997 0.19117878906250002 0.38670380625 0.391896721875 0.402781978125 0.3807866984375 0.2773922453125 0.1395435828125 0.08060968125 0.3265526109375 0.0813793875 0.33888790625
0 0.61252236875 0.21133343437500002 0.418400403125 0.382482453125 0.4186675734375 0.3947964953125 0.4263907015625 0.4028709453125 0.5896539015625 0.258191703125 0.59676809375 0.25579649375 0.6129619796875 0.26024466562500004 0.6995664406250001 0.4485069265625 0.7060948734375 0.4489637375 0.7144883265625 0.4349653078125 0.61252236875 0.21133343437500002
0 0.4307761046875 0.3258522078125 0.43120764375 0.3364267859375 0.44067271874999997 0.34408065 0.6031112484375 0.20073000937500002 0.61293848125 0.19587266875 0.6276293171875 0.2022649 0.7140180609375 0.40232537031250004 0.7258954859375 0.38748580781249997 0.626565396875 0.1510196625 0.4307761046875 0.3258522078125
0 0.4376077328125 0.26720740625 0.43857585468750004 0.27636916718750004 0.4457671671875 0.284346134375 0.62164783125 0.1427196828125 0.638427490625 0.14431577499999998 0.6495805875 0.1544986796875 0.7284003218749999 0.36722894687499996 0.7430834468749999 0.35216385 0.6487709265625 0.0966413015625 0.4376077328125 0.26720740625
0 0.670259659375 0.037692384375 0.45646320781250005 0.2007838171875 0.45765970468750006 0.210320746875 0.4644656484375 0.217487171875 0.6435219421875 0.084581246875 0.65556901875 0.0823504171875 0.6682250765625 0.090589225 0.7407400859375 0.3125218140625 0.74706811875 0.3166412109375 0.7580668828125 0.30607977656249996 0.670259659375 0.037692384375
0 1 0.45690765468750005 0.9318917750000001 0.267257496875 0.72969326875 0.4355285125 0.72999169375 0.44734433124999995 0.7371159671874999 0.4520781140625 0.9045378109375 0.315374853125 0.9162329843749999 0.312376909375 0.9313444890625 0.3197173984375 1 0.5072065265625 1 0.45690765468750005
0 1 0.36595815 0.9466280250000001 0.21625592968750001 0.745459921875 0.38447948125 0.7465253625 0.39381570625 0.7528580421875 0.40240353124999995 0.9222320500000001 0.2603450203125 0.9320167218750001 0.260424721875 0.9463485625000001 0.2653370734375 1 0.41691675000000006 1 0.36595815
0 1 0.2810940015625 0.9771426156249999 0.2149938 0.9594121234375 0.1706095640625 0.9312128875000001 0.191720534375 0.757246928125 0.33497151718749996 0.756178815625 0.3447389125 0.7613926203125 0.3525503703125 0.9344626437500001 0.2111693640625 0.9480564078124999 0.21137600937499998 0.961031290625 0.2228952765625 1 0.3354511296875 1 0.2810940015625
0 1 0.1840166421875 0.9784812484375 0.1192596 0.948823834375 0.1412459078125 0.8844678265624999 0.18486574218750002 0.77236103125 0.2837818609375 0.77109956875 0.294913775 0.774515928125 0.3052522359375 0.9556565578124999 0.161922828125 0.9631617 0.162727271875 0.9790528937499999 0.17249595 1 0.24009013124999998 1 0.1840166421875
0 0.25028936874999996 0.6007083703125 0.24266878281249998 0.5911318171875 0.0760741515625 0.7306641890625001 0.07811625312500001 0.74091989375 0.0830282421875 0.748831428125 0.22338036562500002 0.63199979375 0.231633875 0.6300071828125 0.24346638281250002 0.633928928125 0.3227948765625 0.7951195125 0.3313527671875 0.79376686875 0.3382854265625 0.7833525156250001 0.25028936874999996 0.6007083703125
0 0.259035734375 0.5602449953125 0.24893785624999998 0.5478773203125 0.08553505 0.687463290625 0.087063434375 0.6952350203125001 0.094379665625 0.7041714890625 0.2341231125 0.586059790625 0.24023409999999998 0.5860114421875 0.25015542968750004 0.5907513921875001 0.333075059375 0.7514316953125 0.341097321875 0.750565184375 0.3473786875 0.7411999578125 0.259035734375 0.5602449953125
0 0.08580328125 0.6546901453125 0.0938864265625 0.6620144375 0.2435207046875 0.5445472640625 0.2578000625 0.5471647765625 0.3451143859375 0.7267626828125 0.354767765625 0.7115886875 0.2554260546875 0.5099212796875 0.08581541875000001 0.6482655109375 0.08580328125 0.6546901453125
0 0.269139103125 0.46861555781249997 0.0940828875 0.6086199 0.094927 0.6166329562499999 0.1016467265625 0.6178647328125 0.247142071875 0.5078185171875 0.257233753125 0.5032415359375 0.2720365890625 0.5117976 0.350269596875 0.6868095234375 0.3574092765625 0.6881182796875 0.3636906796875 0.6787530375 0.269139103125 0.46861555781249997
0 0.5224614484375001 0.6377458140625001 0.360065865625 0.7882403328125 0.36174964374999996 0.7964175703125 0.3681954578125 0.8011047 0.5028990609374999 0.6820691609375 0.5128751734375 0.678055240625 0.5250850375 0.6843832328125 0.6041335609375 0.8320844562499999 0.610013225 0.8331622421875 0.617408496875 0.8204956375 0.5224614484375001 0.6377458140625001
0 0.5349875859375001 0.5979753109375 0.368606646875 0.740929090625 0.3684812609375 0.750910809375 0.377027003125 0.75598285 0.5140618234375001 0.6362061 0.52177975 0.6346995828125 0.5330766390624999 0.6391074140625 0.6121129921875 0.7932332671875 0.6177310015625 0.79134179375 0.6240549765625001 0.779647325 0.5349875859375001 0.5979753109375
0 0.376777975 0.698280140625 0.3767771890625 0.70627504375 0.3816161265625 0.7124203812500001 0.5203308640625 0.5929515875 0.53236421875 0.5916518359375 0.543052446875 0.59477960625 0.6223688593750001 0.7623947390625 0.6331970046875 0.7521101890625 0.5414453828125 0.5559238984375 0.376777975 0.698280140625
0 0.553740234375 0.5172795078125 0.41022913125000005 0.6282737359375 0.38381576562499997 0.655423403125 0.38204800625 0.6657588328124999 0.3870026203125 0.6713411296875 0.5315118796875 0.55760856875 0.542863540625 0.553262575 0.5555664890625 0.5614337 0.6308717359375 0.7294820953125 0.6364897375 0.7275906437499999 0.6422050578125 0.71461609375 0.553740234375 0.5172795078125
0 0.6232784671875 0.8186484828125 0.6229504515625 0.829791990625 0.62856989375 0.836977103125 0.767119065625 0.7252846749999999 0.7795586625 0.723648128125 0.78803440625 0.7291186140625 0.8547393859374999 0.87172104375 0.8676627343750001 0.865696775 0.7887395078125 0.685043503125 0.6232784671875 0.8186484828125
0 0.8002229875 0.6474205171875 0.6319854046875 0.7817397828125 0.6333379906250001 0.7914085609375 0.6410792609375 0.7984230859375 0.78179106875 0.6843293375 0.791706596875 0.6827896250000001 0.80161053125 0.6874028578125 0.8708978796875 0.8377528015625 0.8817810375 0.8274376859375 0.8081041578124999 0.6578179796875 0.8002229875 0.6474205171875
0 0.6443084421874999 0.7542510796874999 0.6484997140625001 0.7622935156249999 0.8019833796875 0.6449454625000001 0.8158803265625 0.6463737953125 0.8878784265625 0.8140070937500001 0.8986216140625001 0.8003090374999999 0.8149241406250001 0.6103873515625 0.64534601875 0.747167153125 0.6443084421874999 0.7542510796874999
0 0.6562873203125 0.706087509375 0.6552089421875 0.71540214375 0.6598024546875 0.7235183140625 0.8094038328125001 0.60881589375 0.8233415828125 0.6080134937499999 0.8329132625 0.6142444499999999 0.8984057968749999 0.7790066015625 0.9108570500000001 0.7712171421875 0.8327031984375 0.570561109375 0.6562873203125 0.706087509375
0 0.232382196875 0.922532415625 0.12768114531250002 0.746175853125 0.019749196875 0.8485060499999999 0.02020709375 0.868179146875 0.12201464531249999 0.7757897015624999 0.1316294640625 0.77755216875 0.22492730781249998 0.934541540625 0.232382196875 0.922532415625
0 0.1975054203125 0.928400271875 0.221031453125 0.9332700968750001 0.126671096875 0.779429884375 0.02036125 0.8748023171874999 0.02076181875 0.8920124156250001 0.1135612515625 0.81492445 0.1199130203125 0.8082863343750001 0.12726348125 0.8129776312500001 0.1975054203125 0.928400271875
0 0.0427572046875 0.9005911015624999 0.052662307812499996 0.9029640859375 0.1179798140625 0.8480589296875 0.1264624859375 0.8512858296875001 0.16906169531249998 0.923186325 0.1923631546875 0.9291494171875 0.12582943124999998 0.8199598984375 0.034437389062500004 0.899901240625 0.0427572046875 0.9005911015624999
0 0.1204822546875 0.8540908437500001 0.0582253 0.9042617406250001 0.0662832609375 0.9054609078125001 0.0783017515625 0.9076639875 0.10614151875 0.8854585671875 0.11423512656249998 0.8824836453125 0.121957128125 0.88334181875 0.1402173 0.9178989328125 0.16443426875 0.9234527171875 0.12743210625 0.858708728125 0.1204822546875 0.8540908437500001
0 0.2818961 0.9405258046875 0.2838179203125 0.9453366296875 0.40768309687500004 0.8320560859375 0.4170191671875 0.8270796234375 0.504992865625 0.9674881109375001 0.509312446875 0.9565761984375 0.41652551875 0.7991231734375 0.2801252015625 0.932956025 0.2818961 0.9405258046875
0 0.2808043453125 0.9013133015625 0.2810424546875 0.9102740718750001 0.285187965625 0.9143778796875001 0.4168970984375 0.7952900296875 0.42170450937500004 0.7961712640624999 0.50789573125 0.9351383734375001 0.5113212734375 0.9346516656249999 0.5159311468750001 0.924350296875 0.421570828125 0.7705100687499999 0.2808043453125 0.9013133015625
0 0.30435965781249996 0.948544778125 0.40544210312500006 0.8611832203124999 0.41764060937499997 0.8645339546875 0.48354081718749997 0.9785627874999999 0.4956767 0.9779975484375001 0.4144529640625 0.8355263453124999 0.28775193906249996 0.9448317078124999 0.2951454765625 0.9468557484375 0.30435965781249996 0.948544778125
0 0.3321782671875 0.9547785671875 0.4051926640625 0.8968059500000001 0.4132746625 0.899959403125 0.45419013281250004 0.9760098171875 0.46854629531249997 0.9792611687500001 0.4781885328125 0.9788120734374999 0.4103889203125 0.8654339359375 0.3099179484375 0.948894903125 0.3198733671875 0.9519458609375 0.3321782671875 0.9547785671875
0 0.5222911406249999 0.9767579625 0.638188178125 0.8861374484375 0.6479712421875 0.8895526515625001 0.6877117546875 0.9690533734375 0.6995949609375 0.9684999031249999 0.6487652484375 0.8621260562499999 0.5105074921874999 0.9757243703125 0.5099820078125 0.9773312687500001 0.5222911406249999 0.9767579625
0 0.6397030531250001 0.8512741531250001 0.649136928125 0.852462834375 0.7109890546875001 0.967969215625 0.72423264375 0.967352384375 0.6490860984375 0.8232594796875 0.5132163828125 0.9448644046875 0.5145738109375 0.9559257953125 0.6397030531250001 0.8512741531250001
0 0.630736984375 0.9204531859375 0.64144373125 0.9213345578125001 0.6658500125 0.9700716 0.6808111203125 0.969374775 0.6421025375 0.8906393874999999 0.5318050640624999 0.97631484375 0.559952784375 0.9750038421875 0.630736984375 0.9204531859375
0 0.8493777296875 0.9475565390625 0.8571107015624999 0.9511365640625 0.8615341265625001 0.9609574656250001 0.8763130171875 0.960269128125 0.8606250140625 0.9242086203125 0.8106059703125 0.9633294828125001 0.8303093625000001 0.9624117828125 0.8493777296875 0.9475565390625
0 0.8651927140625 0.9196396312499999 0.8835744125 0.9599309234375 0.8984791109374999 0.959236725 0.8699010859375 0.89671495625 0.78616339375 0.9644679140625 0.8059536671875 0.9635461671875 0.8651927140625 0.9196396312499999
0 0.8645391984374999 0.891407034375 0.8739731109375001 0.8925957 0.9062982296875 0.9588725437500001 0.9183901203125 0.9583093546875 0.8743108859375001 0.8634636015625 0.757568265625 0.965799753125 0.77280599375 0.9650900453125001 0.8645391984374999 0.891407034375