0 0.325673996875 0.4537102328125 0.254099771875 0.3456180984375 0.177318371875 0.24126126874999998 0.12037594062500001 0.3133057453125 0.02500825625 0.44234571875000006 0.026063999999999997 0.4517212671875 0.0352452515625 0.45833736875 0.15652445312500002 0.30221695312499997 0.1681551625 0.2912669984375 0.1851853140625 0.294270946875 0.2282471015625 0.3510871828125 0.312324590625 0.4708123515625 0.322787003125 0.46776404375 0.325673996875 0.4537102328125
0 0.1764113578125 0.1881782453125 0.024979028125 0.39107164375000003 0.02633959375 0.4008592046875 0.034501984375 0.4078698171875 0.160364503125 0.2422389328125 0.17448750468750002 0.2389192671875 0.19002750156249998 0.24450578437499998 0.3094673171875 0.41715220468750003 0.320420871875 0.416778828125 0.3267482765625 0.400719575 0.1764113578125 0.1881782453125
0 0.032217675 0.3556065984375 0.1610521375 0.19011426250000002 0.176033075 0.18374055 0.193083078125 0.1916074921875 0.317120825 0.3803804796875 0.32933568750000003 0.365479703125 0.1758345578125 0.1351106171875 0.020798068750000002 0.3373939875 0.032217675 0.3556065984375
0 0.02457363125 0.2991154640625 0.031423520312499995 0.3007608125 0.1722105453125 0.1296375984375 0.1972139453125 0.13743330781250002 0.319149175 0.33318037968750003 0.33414683749999996 0.31619929999999996 0.1846250265625 0.0754075765625 0.019955846875 0.2781259 0.02457363125 0.2991154640625
0 0.57183866875 0.105835021875 0.5612602734375 0.09517573124999999 0.3916096390625 0.29810383281249997 0.3926034125 0.31362037656249997 0.40357681875000007 0.3181099953125 0.5451005578125 0.1509991828125 0.55831755625 0.1463112609375 0.570498965625 0.15262521874999999 0.6832330921875001 0.336893196875 0.693751934375 0.3329635078125 0.6965796765625 0.319835146875 0.57183866875 0.105835021875
0 0.5483598 0.265630715625 0.385640575 0.45341173437500004 0.3883700734375 0.46768317656249997 0.398022615625 0.47211121875 0.5236061109375 0.326357603125 0.542860003125 0.315321021875 0.5567489218749999 0.32083056875 0.6634513921875 0.4906731625 0.672894940625 0.48801936250000005 0.6780906250000001 0.47411737968749995 0.5483598 0.265630715625
0 0.6607679359375 0.37739448593749997 0.5600856328125 0.211810596875 0.548914721875 0.210405815625 0.3918938125 0.397126459375 0.3939628796875 0.4113671140625 0.40336985 0.4144576890625 0.539291409375 0.2572518515625 0.55299955 0.25523886562500003 0.5667108140625 0.2686962421875 0.6620814484374999 0.43447451406250004 0.676884734375 0.4360486328125 0.6848350046875 0.420507040625 0.6607679359375 0.37739448593749997
0 0.6899993484375 0.391575384375 0.6930726625 0.3797844921875 0.6073576953125001 0.23390462343750001 0.5600846203125001 0.1600958296875 0.5279752859375 0.1908653953125 0.38918628125 0.35147360625 0.3926044265625 0.3653351453125 0.4007187484375 0.3679234515625 0.5205391328125 0.22941527499999997 0.541791046875 0.20786369218749998 0.561330215625 0.2078905640625 0.5741354765625 0.21997968281250002 0.6728563359375 0.3903342015625 0.6822831609375 0.39828776875 0.6899993484375 0.391575384375
0 0.9793411046875 0.5045678359375 0.9899526328125001 0.48977624531249997 0.92992466875 0.381884640625 0.900223515625 0.3370296546875 0.8640556234375 0.28136387812499997 0.6921107453124999 0.4735028578125 0.6927454390625 0.4859525515625 0.7024331312500001 0.4911811390625 0.8332555265625 0.3487163015625 0.8541341171875001 0.33010407656249996 0.872804784375 0.33479604375 0.879597909375 0.3460997453125 0.9133591265625001 0.4002202375 0.9513328703124999 0.461224859375 0.9793411046875 0.5045678359375
0 0.695099075 0.4268279265625 0.6971307953125 0.43982044374999996 0.70765421875 0.44317720781250003 0.8511164828125001 0.28219376406249996 0.8649523406249999 0.27853950312500003 0.87835225625 0.2872850234375 0.9334505546875 0.3715396921875 0.9788001734374999 0.451518325 0.9912999906250001 0.44636868906249993 0.9948348859375 0.4380710484375 0.994846734375 0.4370527734375 0.94086824375 0.345134496875 0.8683585359375 0.23092865625 0.8625569859375 0.23209128906249998 0.695099075 0.4268279265625
0 0.70069156875 0.37302296562500004 0.7008779046875 0.386884846875 0.710657078125 0.3906846125 0.854088846875 0.23017744375000002 0.8717374453125 0.2228793546875 0.8876050234375 0.232217609375 0.9951467890625001 0.41126606718750003 0.9955787859375 0.374140340625 0.9569050984375 0.30710272031249997 0.8783250625000001 0.17589451875 0.8401366765624999 0.21328534062500001 0.70069156875 0.37302296562500004
0 0.7137030156249999 0.3263376015625 0.7218717125 0.3329284640625 0.8701349125 0.164047996875 0.8826042390625 0.1593746359375 0.9001952281250001 0.16974862500000001 0.9960643875 0.332407921875 0.9964937812500001 0.29550586874999996 0.9428321437499999 0.197054196875 0.8869895953125001 0.11324252812499999 0.7092286375 0.312361803125 0.7137030156249999 0.3263376015625
0 0.929616075 0.8227839906250001 0.8676636625 0.72817816875 0.801715459375 0.7910258671875 0.7104050749999999 0.8866076640625 0.71389480625 0.8991904546875 0.7234390703125 0.9010684796874999 0.8571289156249999 0.769724334375 0.868549059375 0.7702567234375 0.8770441421875 0.7773405 0.962722234375 0.9150896515625 0.967392159375 0.9148296609375001 0.9688253390625 0.8924447437499999 0.929616075 0.8227839906250001
0 0.9722925203124999 0.8438813515625 0.9292276062499999 0.7673531031249999 0.8793605281250001 0.6852530890625 0.8692459328125001 0.6866923468749999 0.7158915609375 0.8400491921875 0.7211871453125 0.8579708281249999 0.7283247328125 0.8583035718750001 0.85296158125 0.7341805296875 0.8649610937500001 0.725663696875 0.8742094671875 0.7265725375 0.883958146875 0.730848578125 0.9150167937499999 0.7824545984375 0.9704045515624999 0.8762766890625 0.9722925203124999 0.8438813515625
0 0.7211069859375 0.8144967218750001 0.7277047359375 0.817670478125 0.8712742734375001 0.6829653359375001 0.8904757390625001 0.690548228125 0.9726915390625 0.8405560781249999 0.9748844406250001 0.803397990625 0.8838893109375 0.6424715421875 0.720472290625 0.8020470296875001 0.7211069859375 0.8144967218750001
0 0.8875495843750001 0.6412090890625 0.902825378125 0.6486089703125 0.975923815625 0.7900709484374999 0.978241296875 0.7538740625 0.896269440625 0.6000560125 0.7294056 0.7575600296875 0.7301012828125 0.769057171875 0.738870803125 0.7718544765625001 0.8747538718750001 0.6453895375 0.8875495843750001 0.6412090890625
0 0.5584840734375 0.7156755031250001 0.5059933937500001 0.7695966421875 0.411178578125 0.8807790484375 0.4132102984375 0.8937715640624999 0.42162293906250004 0.8965522296874999 0.5458904921875 0.7614249578125001 0.5542206937499999 0.7599025125 0.567538165625 0.764344921875 0.6690838375 0.9114323296875 0.6793813921875 0.9071354234375001 0.6822545046874999 0.8958046484375 0.5584840734375 0.7156755031250001
0 0.70216754375 0.791639765625 0.6497989296875 0.6927037625 0.587629690625 0.584712334375 0.4234469640625 0.7394751625 0.42493884531250004 0.755308690625 0.43322951249999997 0.7599944562500001 0.5497315359375 0.64552380625 0.5712324062499999 0.6283736796875 0.5833663078125 0.62893934375 0.5956650921875 0.6381112265625 0.6903329109375 0.80876281875 0.699651309375 0.8029871749999999 0.70216754375 0.791639765625
0 0.60089065 0.6627173484375 0.5769729703124999 0.6281635999999999 0.528987334375 0.6732185265624999 0.419479475 0.7846713578125 0.42011416874999996 0.7971210515625 0.42843533125000005 0.8013305421875 0.5517361421875 0.6757121296874999 0.5685275546875 0.6650302046875 0.5872196734374999 0.67497783125 0.683507009375 0.8371063875000001 0.6901962390625 0.8388513156249999 0.6953326015625 0.8257152671875 0.60089065 0.6627173484375
0 0.57087324375 0.6675280390625 0.541502946875 0.6957760171875 0.46392452500000003 0.7781447796875 0.4187239 0.8300172890624999 0.42182625937499996 0.843059715625 0.4305652875 0.8463332937500001 0.550245353125 0.7157691234375 0.564142196875 0.7111623125000001 0.57924406875 0.71568790625 0.6765591343749999 0.8673550546875 0.6872440640625 0.8625985093749999 0.689699309375 0.8522036500000001 0.6112017171875 0.725298559375 0.57087324375 0.6675280390625
0 0.399078546875 0.8964566406250001 0.40370556406249997 0.885685328125 0.318323365625 0.7489053609375 0.28194201875 0.6965735078125 0.1347370421875 0.85451629375 0.1343496703125 0.85497593125 0.1365033625 0.8660633499999999 0.147740546875 0.8694533874999999 0.2672071609375 0.7422231390625 0.2840109875 0.7425288109375 0.29476028125 0.7535392453124999 0.383711275 0.8904855828124999 0.3913706265625 0.8994411843749999 0.399078546875 0.8964566406250001
0 0.291467115625 0.65402488125 0.284777884375 0.6522799515625 0.1356755765625 0.8063127140624999 0.13613635156249998 0.8158881234375001 0.148139240625 0.8240908203125 0.26998203906249996 0.6988821328125 0.28586769375 0.696756515625 0.29810549062499997 0.7068809500000001 0.39256552031249997 0.8584150015625 0.40080424062500003 0.8583213796875 0.40662386875 0.84569488125 0.291467115625 0.65402488125
0 0.32295495 0.6597920609375 0.29064270625 0.6109937765625 0.140518328125 0.753036484375 0.1333321703125 0.7646438859375 0.1344457171875 0.7752051171875001 0.1431542515625 0.778954971875 0.2768960421875 0.6523902078125 0.291467115625 0.65402488125 0.3045011125 0.6684857 0.39989172968750003 0.8334386296874999 0.4073647453125 0.8285323515625 0.4109821078125 0.8167585765625001 0.32295495 0.6597920609375
0 0.4167859421875 0.7764249515625 0.29772159062500003 0.573108075 0.273396178125 0.589648828125 0.136402940625 0.7222720640625 0.1350488234375 0.7322405625 0.144227171875 0.7398338875 0.14982431093749998 0.736273246875 0.278804696875 0.6113972999999999 0.29317135625 0.6106339640625 0.307876815625 0.6213511296875 0.40521671093749995 0.794993465625 0.4119759671875 0.7900539125 0.4167859421875 0.7764249515625
0 0.23825320468750003 0.8990757984375 0.24899706875 0.8989255046875 0.32561238124999997 0.990190415625 0.35336904687500004 0.99104599375 0.24098422031250002 0.8640407187499999 0.1511230234375 0.979664146875 0.17286140625 0.9830694125000001 0.23825320468750003 0.8990757984375
0 0.23339773125000002 0.9444303296875001 0.2444325546875 0.9397355109375001 0.2887519234375 0.9867313375 0.3217206375 0.9900089890625001 0.2413675203125 0.903779071875 0.1817705140625 0.9810928828125001 0.20406491093749998 0.9834345234375 0.23339773125000002 0.9444303296875001
0 0.4893108640625 0.9970855765625 0.5317273578124999 0.95638450625 0.5417061140625 0.9529427687500001 0.572017340625 0.996604403125 0.6027394515625 0.9964256671875 0.5391691125 0.9163597890625 0.45666653906250004 0.993256934375 0.48385743437500006 0.997117303125 0.4893108640625 0.9970855765625
0 0.8040201781249999 0.9482413812500001 0.8153336390625 0.9468153312500001 0.8499016328125 0.9949877203125 0.8723987171875001 0.9948568359375001 0.8107676359375 0.9114400734375 0.724154271875 0.995719296875 0.7562438609375 0.9955326046874999 0.8040201781249999 0.9482413812500001
0 0 0.863925109375 0.0843937671875 0.9778556484375001 0.1057567953125 0.9795027125000001 0 0.8359549718749999 0 0.863925109375
0 0 0.9048937125000001 0.053704712499999994 0.977076128125 0.0785145828125 0.978232725 0 0.875906746875 0 0.9048937125000001
0 0 0.9387510734375001 0.0293813078125 0.9759422125 0.053676728124999996 0.9775132171875001 0 0.9101408 0 0.9387510734375001