0 0 0.30480445 0.10068284375 0.197874859375 0.124934915625 0.194016575 0.1778485265625 0.2248828484375 0.42183906875000005 0.37700948125 0.44021185156250003 0.3819701328125 0.45197043125 0.3742535640625 0.4549100765625 0.3637810796875 0.1315491171875 0.1581896515625 0.08892426406250001 0.1598432015625 0 0.25354438749999997 0 0.30480445
0 0 0.244725453125 0.0661420140625 0.16315030156250002 0.0823100625 0.1521266328125 0.11317633593750001 0.14771716562499998 0.1330189390625 0.15378018437500002 0.4174296015625 0.3301588890625 0.42845327031249997 0.33456835625000003 0.442416584375 0.3285053375 0.448295875 0.319686403125 0.1183207140625 0.10637840624999999 0.069081659375 0.1074807734375 0 0.1835440890625 0 0.244725453125
0 0 0.17858343906250002 0.061732546875 0.10527603906250001 0.08892426406250001 0.097559471875 0.124934915625 0.10307130625000001 0.41816451250000003 0.2877177625 0.43506747187499994 0.283859478125 0.44315149531250003 0.2728358078125 0.427718359375 0.25960740625 0.10656213437499999 0.056220712500000006 0.055853256250000004 0.0595278125 0 0.12346509218749999 0 0.17858343906250002
0 0.0830449734375 0.0474017765625 0.117585803125 0.055669528125 0.41302013281249994 0.252442021875 0.4321278265625 0.24803255468750002 0.44021185156250003 0.233701784375 0.0925988203125 0.000551184375 0.042624854687500005 0.0044094671875 0 0.0512600609375 0.0022047328125 0.120709175 0.0551183453125 0.0529136109375 0.0830449734375 0.0474017765625
0 0.1300792953125 0.3014973484375 0.1433076984375 0.3031508984375 0.39170770781250003 0.4811831546875 0.404936109375 0.4839390703125 0.424043803125 0.477876053125 0.4247787140625 0.46299409999999996 0.12126035937499999 0.23976480156250002 0.0014698234375 0.332363621875 0.0014698234375 0.3874819671875 0.110236690625 0.304253265625 0.1300792953125 0.3014973484375
0 0 0.541813334375 0.11317633593750001 0.4696083015625 0.1403680515625 0.46464765 0.1690295921875 0.4718130359375 0.3777443921875 0.6156719171875 0.39979173125 0.61181363125 0.40714084375 0.6018923296875001 0.13742840781250001 0.4100804875 0 0.498269840625 0 0.541813334375
0 0 0.48504143749999995 0.110236690625 0.41173403906250006 0.128609471875 0.40567102187500004 0.14771716562499998 0.408978121875 0.3799491265625 0.56937250625 0.390237884375 0.571577240625 0.40640593281250004 0.56441185625 0.41008048906249994 0.5550417375000001 0.1344887625 0.352757409375 0 0.43929321093749996 0 0.48504143749999995
0 0.4225739796875 0.5539393687499999 0.584254459375 0.4602381828125 0.7135988421875 0.3841748671875 0.715068665625 0.369844096875 0.704044996875 0.3626787109375 0.6930213265625 0.3626787109375 0.4416816734375 0.5098446937500001 0.4211041578125 0.5092935109375001 0.3924426171875 0.490553271875 0.17858343906250002 0.3312612546875 0.1602106578125 0.330710071875 0.14698225468749998 0.342284925 0.1462473421875 0.352757409375 0.4225739796875 0.5539393687499999
0 0.7400556484374999 0.2739381765625 0.7378509140625 0.2585050390625 0.7231526890625 0.25023728749999996 0.4527053421875 0.41724587343749997 0.42918818124999997 0.41724587343749997 0.3961171734375 0.3924426171875 0.162415390625 0.2188198296875 0.1433076984375 0.2215757484375 0.1403680515625 0.23921361718749998 0.4328627375 0.46519883437500004 0.7400556484374999 0.2739381765625
0 0.6966958828125 0.44149794531250003 0.71286393125 0.43819084375 0.7268272453125 0.44094676093749996 0.89218228125 0.5886639265625 0.9134947078125 0.5831520921875 0.9208438203125 0.573230790625 0.72829706875 0.38307250000000004 0.4321278265625 0.5561441031250001 0.43800711718749996 0.573230790625 0.45344025312499997 0.5759867078124999 0.6966958828125 0.44149794531250003
0 0.44462131875 0.6184278328125 0.6695041671874999 0.4933091890625 0.6952260609375001 0.48559262187499996 0.7121290203124999 0.492206821875 0.8745444109375 0.6316562375 0.8929171921875 0.6222861187500001 0.894387015625 0.6129159984375 0.707719553125 0.44149794531250003 0.4233088921875 0.6018923296875001 0.4203692453125 0.6079553484375 0.42845327031249997 0.6156719171875 0.44462131875 0.6184278328125
0 0.4394769390625 0.5048840421875 0.67611836875 0.3637810796875 0.700370440625 0.35826924375 0.726092334375 0.3632298953125 0.8818935234374999 0.5186636296875 0.9039408609375 0.5175612625 0.9171692640625 0.5070887765625 0.71286393125 0.30039498125 0.41375504531249996 0.48614380468749996 0.4115503109375 0.49386037343750006 0.4203692453125 0.5015769421875 0.4394769390625 0.5048840421875
0 0.7253574234375 0.2474813703125 0.7459349390625001 0.25023728749999996 0.9076154187500001 0.4437026796875 0.9186390875000001 0.4442538625 0.931867490625 0.44204912968750004 0.935542046875 0.43378137812500006 0.7628378984374999 0.21716628125 0.7238876015625 0.2138591796875 0.41008048906249994 0.399608003125 0.41375504531249996 0.4078757546875 0.43065800468750004 0.4133875890625 0.7253574234375 0.2474813703125
0 0.7327065359375 0.20559142812500003 0.7621029859374999 0.20173314375 0.7885597921875 0.2116544453125 0.9259881999999999 0.41173403906250006 0.940686425 0.4139387734375 0.9546497390625 0.40567102187500004 0.7922343484375001 0.1686621375 0.7584284296875 0.16315030156250002 0.42551362499999995 0.33787545625000004 0.43139291562500004 0.349450309375 0.45123552031249997 0.3538597765625 0.7327065359375 0.20559142812500003
0 0.7459349390625001 0.1609455671875 0.7768012125 0.1543313671875 0.8069325734374999 0.16590621875 0.9450958921874999 0.374804746875 0.9590592078125001 0.37866303125 0.9752272546875 0.37094646249999996 0.815751509375 0.12511864374999998 0.7701870109375 0.117402075 0.43800711718749996 0.2954343296875 0.44094676093749996 0.31086746718749997 0.4578497203125 0.31527693437500004 0.7459349390625001 0.1609455671875
0 0.77312665625 0.108583140625 0.7959089046875001 0.1074807734375 0.8223657109375001 0.115197340625 0.9649384968750001 0.33732427187499997 0.9781669000000001 0.3400801890625 0.9921302140625 0.33456835625000003 0.8297148234374999 0.0722050328125 0.7914994375 0.0644884640625 0.44388640781250005 0.254095571875 0.44756096406249996 0.267323975 0.4681384796875 0.270631075 0.77312665625 0.108583140625
0 0.21312426874999998 0.8355941140625 0.23884616250000001 0.8355941140625 0.2586887671875 0.842208315625 0.3990568203125 0.9243346499999999 0.4196343359375 0.922129915625 0.427718359375 0.9138621640625001 0.23296687343750003 0.7986648234375 0.0080840234375 0.906145596875 0.0102887578125 0.9155157140625001 0.031601184375 0.9199251828125 0.21312426874999998 0.8355941140625
0 0 0.87583050625 0.19622130937499999 0.7898458875000001 0.21606391406249997 0.7865387859374999 0.2337017828125 0.7892947046875001 0.3961171734375 0.8890589078125 0.41228522187500005 0.8879565406250001 0.41595977968750003 0.8796887906249999 0.23149704999999998 0.7650426312499999 0.199895865625 0.7672473656250001 0 0.8576414515625 0 0.87583050625
0 0 0.842208315625 0.1896071078125 0.7683497328125 0.2212082921875 0.7567748796875 0.2579538546875 0.7606331640625 0.4019964640625 0.8714210375 0.41669468906249996 0.8714210375 0.42551362499999995 0.8648068375 0.2608935015625 0.737483459375 0.2337017828125 0.733625175 0 0.8245704437500001 0 0.842208315625
0 0.2601585890625 0.730318075 0.41008048906249994 0.8499248843749999 0.4262485359375 0.8493736999999999 0.42845327031249997 0.84331068125 0.27191717031249996 0.7104754703125 0.2417858078125 0.707719553125 0.0007349109375 0.8003183734375 0.0014698234375 0.8174050609375 0.24252071874999998 0.72756215625 0.2601585890625 0.730318075
0 0.2572189453125 0.6966958828125 0.2814710171875 0.7049636359375 0.4196343359375 0.8245704437500001 0.4358023828125 0.8256728109375 0.442416584375 0.81960979375 0.2844106609375 0.6746485453125 0.2491349203125 0.6707902625 0.0014698234375 0.7672473656250001 0.0014698234375 0.78543641875 0.2381112515625 0.6983494343750001 0.2572189453125 0.6966958828125
0 0.19769113124999999 0.9226810999999999 0.2381112515625 0.9116574312499999 0.2660378796875 0.9199251828125 0.4056710203125 0.9877207468750001 0.424043803125 0.9855160125 0.4269834484375 0.9783506281250001 0.23737634062500002 0.8813423406249999 0.026456804687500002 0.9827600953125 0.030131362499999998 0.991027846875 0.0536485234375 0.99323258125 0.19769113124999999 0.9226810999999999
0 0.2248828484375 0.88244470625 0.244725453125 0.8796887906249999 0.2645680578125 0.8829958906250001 0.40861066562500004 0.9607127578125001 0.4321278265625 0.9579568406250001 0.4365372953125 0.950240271875 0.248400009375 0.8460666 0.030131362499999998 0.9496890875 0.0360106515625 0.9590592062500001 0.055853256250000004 0.9618151234375001 0.2248828484375 0.88244470625
0 0.6496615625 0.8857518078125001 0.6636248765625 0.8874053578125001 0.7723917453125 0.965673409375 0.7863550578125 0.964571040625 0.80252310625 0.9574056578125001 0.666564521875 0.8576414515625 0.44462131875 0.9568544734375 0.442416584375 0.964571040625 0.45417516406249997 0.9695316937499999 0.6496615625 0.8857518078125001
0 0.46666865625 0.9419725203124999 0.640107715625 0.8592950015625 0.6584804984375 0.8559879015625 0.6775881906250001 0.85874381875 0.7775361234375 0.9403189703124999 0.79884855 0.9403189703124999 0.8084023968749999 0.93535831875 0.6805278359375 0.8289799125 0.5004745749999999 0.9122086140624999 0.48430652656250006 0.909452696875 0.442416584375 0.9259881999999999 0.4416816734375 0.92764175 0.44756096406249996 0.9386654203125 0.46666865625 0.9419725203124999
0 0.715068665625 0.8245704437500001 0.731971625 0.8317358296874999 0.82530535625 0.9133109796875001 0.8466177828125 0.9116574312499999 0.8517621609375 0.9044920453125 0.718743221875 0.7887435203125001 0.476222503125 0.8978778437500001 0.48136688124999993 0.9083503296875 0.5004745749999999 0.9138621640625001 0.6878769484375 0.8273263609375 0.715068665625 0.8245704437500001
0 0.731971625 0.6878769484375 0.7459349390625001 0.6878769484375 0.898061571875 0.7948065375 0.9098201515625 0.7815781359375 0.7606331640625 0.6663807937499999 0.7216828671875 0.6680343453125 0.5078236875 0.7948065375 0.5034142203124999 0.8025231078124999 0.5166426234375 0.8063813906249999 0.731971625 0.6878769484375
0 0.7062497296875 0.7176408546874999 0.72829706875 0.7121290203124999 0.7378509140625 0.713782571875 0.887037903125 0.811893225 0.9002663046875 0.8124444078125 0.9046757734374999 0.8041766578124999 0.7496094953125 0.69118405 0.722417778125 0.6917352328125 0.5012094859375 0.815751509375 0.5012094859375 0.825121628125 0.513702978125 0.826775178125 0.7062497296875 0.7176408546874999
0 0.700370440625 0.7518142296875 0.7231526890625 0.74134174375 0.7422603828125001 0.7435464781250001 0.8635207421875 0.8317358296874999 0.8811586124999999 0.8394523968750001 0.8965917484375 0.8333893796874999 0.8936521046875001 0.8273263609375 0.7496094953125 0.718743221875 0.7172733984375 0.7176408546874999 0.49753492968749996 0.8471689671875 0.4960651078125 0.8537831671875 0.5107633328125 0.854885534375 0.700370440625 0.7518142296875
0 0.7062497296875 0.7744127515625 0.7238876015625 0.7694520984375 0.74666985 0.773310384375 0.8657254765625 0.8648068375 0.8811586124999999 0.862602103125 0.8892426359375 0.85709026875 0.745200028125 0.7474047609375 0.7209479546875001 0.7457512109375 0.5026793078125 0.8576414515625 0.5012094859375 0.8703186703125001 0.5166426234375 0.8725234046875 0.7062497296875 0.7744127515625
0 0.8804237015625 0.8664603874999999 0.8466177828125 0.8692163046875001 0.7863550578125 0.815751509375 0.7385858265625 0.772208015625 0.7231526890625 0.773310384375 0.71286393125 0.78047576875 0.842208315625 0.8973266593749999 0.9987444156249999 0.8289799125 0.9994793265625 0.809688490625 0.8804237015625 0.8664603874999999
0 0.9994793265625 0.8482713343749999 0.8517621609375 0.9116574312499999 0.8289799125 0.9188228140625 0.711394109375 0.8262239953125 0.6966958828125 0.8289799125 0.6930213265625 0.8372476640625001 0.8223657109375001 0.9430748859375001 1 0.8697674875000001 0.9994793265625 0.8482713343749999