0 0.3116278359375 0.30090224375 0.251713075 0.227476871875 0.22334024375 0.2647508328125 0.18855812968750002 0.310897525 0.118324328125 0.41600604687500004 0.1200369453125 0.42748198281249994 0.12837382343749998 0.4322927640625 0.1882174203125 0.342706703125 0.24131257968750003 0.27480658281250003 0.25660413437499996 0.27295028125 0.26720775625000004 0.2786313671875 0.2957590671875 0.313806075 0.3768795125 0.4175895921875 0.388268146875 0.40824603593750003 0.38946001875 0.3980784484375 0.3116278359375 0.30090224375
0 0.388421296875 0.3547383796875 0.3657944109375 0.319970865625 0.2547014515625 0.1766032703125 0.221610421875 0.21567183124999997 0.176953228125 0.27380384687500003 0.11521948125 0.3616338703125 0.11690624062499999 0.3736047359375 0.126372903125 0.3757583265625 0.15477159375 0.3379894359375 0.2056461859375 0.2683352078125 0.2421034765625 0.2217369734375 0.2593313578125 0.22075290625 0.27554334062499997 0.23921249375000003 0.31383682031250004 0.2902339453125 0.3752723109375 0.372485771875 0.38589184374999996 0.37154026875 0.388421296875 0.3547383796875
0 0.10988256406250001 0.3183718953125 0.11473773437499998 0.3329218578125 0.122314246875 0.3333194109375 0.241554021875 0.17535469374999998 0.2570374625 0.1761478734375 0.2722741046875 0.18798665312500001 0.376504740625 0.336253725 0.3867476796875 0.3361939515625 0.39248895156249997 0.3211403859375 0.2537984921875 0.13066482343750002 0.22040013281249998 0.16929340937499998 0.10988256406250001 0.3183718953125
0 0.2624011921875 0.07981146875 0.22517635625 0.1158117859375 0.1647730140625 0.19082281875 0.1095337296875 0.26182781718750003 0.10776619843749999 0.264046965625 0.11382042031249999 0.27461402968750004 0.121327665625 0.2763372890625 0.22289932031249998 0.1467487328125 0.2497267734375 0.1200861875 0.2656863390625 0.1244107171875 0.282605334375 0.141982646875 0.3821480390625 0.29778710625000004 0.388964184375 0.29377143125 0.3947285453125 0.27827596250000003 0.2624011921875 0.07981146875
0 0.40243519531249994 0.41033607656250004 0.41188467656250005 0.4179638859375 0.5264915640625001 0.266379965625 0.540857640625 0.26629613124999996 0.5542109421875 0.27774263593750004 0.645274796875 0.40397992499999996 0.655756815625 0.3918455453125 0.5389615375 0.2240509640625 0.535210040625 0.2251704203125 0.40095653125 0.3993690609375 0.40243519531249994 0.41033607656250004
0 0.6328152515625 0.20264954531249998 0.5919758921875 0.12825348125 0.5614534453125 0.0762972828125 0.5226191140625 0.1127435328125 0.46514008906250004 0.17618891718750002 0.4074316109375 0.24402589687499998 0.40944437499999997 0.26047761875000003 0.4163648203125 0.2615347984375 0.538168121875 0.1214333125 0.5548733125 0.11584800312500002 0.5730087171875 0.1300105109375 0.5940154046874999 0.16775389999999998 0.6202611671875 0.22302775000000002 0.6566626015625 0.2881204140625 0.6660171218750001 0.289712171875 0.670810075 0.2765134265625 0.6328152515625 0.20264954531249998
0 0.550051678125 0.129595696875 0.49084476875 0.1946975109375 0.40212936875 0.29838628125 0.40264370312500003 0.3121028375 0.40977383749999996 0.31700026718749996 0.5330666515625 0.17195105 0.5487788328125001 0.1696642296875 0.5603666546875 0.17563321406250001 0.5888081234375 0.22815033749999997 0.6515808984375 0.3304063015625 0.6597327203125001 0.331456296875 0.665050859375 0.3160593578125 0.5989568125 0.20668860625000002 0.550051678125 0.129595696875
0 0.46126612656250005 0.27389476562500004 0.4022491421875 0.3510686765625 0.4049878640625 0.361479559375 0.41479044062500003 0.370202871875 0.5319748140625 0.216408784375 0.5466939843749999 0.217420453125 0.56483830625 0.23926585937499997 0.64534494375 0.363369628125 0.6578505796874999 0.3517722234375 0.627767275 0.2992646796875 0.5668549406250001 0.208522284375 0.54066460625 0.1757481875 0.46126612656250005 0.27389476562500004
0 0.8166901796875001 0.2174912125 0.8108774703125 0.2109397453125 0.7549542390624999 0.276022396875 0.6675078125 0.38683793125 0.6690438390625 0.39670704843750004 0.679247959375 0.3977450640625 0.790502959375 0.26319295625 0.802483409375 0.2537937453125 0.8191688328125 0.2564402890625 0.8355852718750001 0.279942125 0.9029196125000001 0.3969885921875 0.9128566828125001 0.39528425624999997 0.9180314140625001 0.3826320671875 0.890916284375 0.336143809375 0.8166901796875001 0.2174912125
0 0.8169521859375 0.16535536875 0.8051527421875001 0.17914378125 0.6723798296875 0.3407117921875 0.67497514375 0.35386742031249996 0.68175218125 0.3576693484375 0.8018760468749999 0.21044349218749997 0.8163855312500001 0.207614909375 0.8278873109375 0.2152307421875 0.8430150062499999 0.2398376640625 0.8777567734374999 0.289574109375 0.90970051875 0.35359522499999996 0.921213146875 0.34529630624999996 0.8868550921875 0.2725087671875 0.8169521859375 0.16535536875
0 0.6854145218750001 0.2797208953125 0.6745883187499999 0.2984426703125 0.6744735921875 0.30063846875 0.67521738125 0.30996342499999996 0.6822901515625001 0.31595875625000003 0.804494996875 0.168171975 0.8198827640624999 0.16424070468750002 0.83294033125 0.173493803125 0.914343084375 0.3118606796875 0.9217115859374999 0.320049415625 0.93060913125 0.3068267171875 0.821566065625 0.124169775 0.6854145218750001 0.2797208953125
0 0.678361515625 0.2654937140625 0.685290878125 0.2742337953125 0.817165740625 0.1220003265625 0.8330015656249999 0.1252006078125 0.8416014453124999 0.13338215625 0.9250654078125 0.27941995625 0.93163275625 0.27938163125000004 0.9378954578125 0.26946700625000003 0.8279365125 0.08077880312499999 0.6786107359375 0.25287026875 0.678361515625 0.2654937140625
0 0.9998869359375 0.45701356249999997 0.9565914453125 0.3811696875 0.8181083328125001 0.531195034375 0.831194821875 0.55450028125 0.946471759375 0.42884221250000004 0.9585767187500001 0.4283464546875 0.9674269499999999 0.44147353593750005 0.9978872640625 0.49528605625 0.9998869359375 0.45701356249999997
0 1 0.4000834140625 0.9666222578125 0.3351981640625 0.9074383921875 0.397185975 0.814473475 0.491254940625 0.8122837390625 0.5027459671875001 0.8130890187500001 0.51166879375 0.8204980374999999 0.515876759375 0.9528647171875001 0.3794909546875 0.9647628046875001 0.3768708015625 0.9740267828125001 0.394246671875 1 0.4459281296875 1 0.4000834140625
0 0.9971318312499999 0.5097445546875 0.9476991890625 0.429685290625 0.836584946875 0.5608456312500001 0.8462404546875 0.582895540625 0.9311312921875 0.4790959265625 0.9458688609375001 0.4768843234375 0.9552148078125 0.48660755 0.9948877546875 0.5526947984375 0.9971318312499999 0.5097445546875
0 0.9506560875 0.5312717796875 0.959617409375 0.5422726124999999 0.9918164453125 0.595224746875 0.9945409250000001 0.5552475421875 0.9453287078124999 0.4811386765625 0.8546324984375 0.5926243328125 0.8672385828125 0.61295654375 0.9359629546875 0.532632884375 0.9506560875 0.5312717796875
0 0.962989584375 0.9014201359375 0.8809551687500001 0.7830350609375001 0.83005135 0.8439350843750001 0.7810781875 0.897211871875 0.7717272109375 0.9127831421874999 0.7710210187500001 0.9137299765625 0.7739384046875 0.9207393828124999 0.7791278328125 0.9177814203124999 0.8665409000000001 0.8159091890625 0.8769503562500001 0.8094075484375001 0.8832547140625 0.8102490625 0.892308146875 0.8213214125 0.9515005562500001 0.9076353078125001 0.9576519015624999 0.91140539375 0.962902534375 0.907276003125 0.962989584375 0.9014201359375
0 0.9605159359375 0.88591786875 0.9655169906250001 0.88237546875 0.9675748125 0.8765081 0.9253637890625 0.8129310125 0.884506728125 0.7569579875 0.8642930468750001 0.7793263109375 0.7824400015624999 0.8711475765625 0.7740308859375 0.88964103125 0.7762253890624999 0.8937269750000001 0.7797136796874999 0.8939993875000001 0.8040018609375 0.864873621875 0.839804915625 0.8248482484374999 0.8776705515625001 0.7830542281249999 0.883440396875 0.7815567171875 0.8887311421874999 0.7850390593750001 0.8950756156249999 0.79349230625 0.9170876296875001 0.8246900265624999 0.9343539515625 0.850352846875 0.9605159359375 0.88591786875
0 0.9705105968750001 0.8454575656250001 0.8877733546875 0.7279548953125 0.878153775 0.7277182640625 0.7970283734375 0.8265617140625 0.7848813875 0.8453697484375 0.7766558875 0.8603489140624999 0.7756116765625001 0.8635754562500001 0.779231890625 0.8697024578124999 0.7830462671875 0.867923590625 0.805913490625 0.8408554953125 0.8789205000000001 0.7549412109375 0.8881174312500001 0.754887540625 0.891437409375 0.75838138125 0.910251853125 0.7837424015625001 0.9648621296875 0.8572012453125 0.9712688406250001 0.851894034375 0.9705105968750001 0.8454575656250001
0 0.7890803609375 0.81109139375 0.777809275 0.8298943156249999 0.7766273499999999 0.8357565734374999 0.7798555203124999 0.8410075593749999 0.78412314375 0.838933278125 0.8789178078125 0.725664428125 0.8872541406250001 0.7253230140625 0.893766928125 0.73055483125 0.9665347296875 0.8293785281250001 0.9726765593750001 0.8249511671875001 0.9732321640625001 0.81850703125 0.886187178125 0.6954669078125 0.7890803609375 0.81109139375
0 0.856062275 0.7175018046875 0.83511170625 0.6854098375000001 0.76458564375 0.5823454015625 0.7590389531249999 0.58140158125 0.747684040625 0.5938329 0.7148361953125 0.6311197546875 0.6783769671875 0.6723324390625 0.655202675 0.7014279390625 0.63773985625 0.7236567875000001 0.6366695874999999 0.7301709562500001 0.6397537640625 0.7363354859375 0.6467097078124999 0.7382472734375 0.6937884234375 0.6800520140625 0.750614009375 0.6169189328125 0.7606435578124999 0.6158842156250001 0.7709950828125 0.622657128125 0.79643379375 0.6573260750000001 0.8451771125 0.730255778125 0.8535487406250001 0.723699 0.856062275 0.7175018046875
0 0.77026539375 0.548145653125 0.76278868125 0.5468876984375 0.749520753125 0.5586793890624999 0.6953383171875 0.6224478375 0.6397179046875 0.6904548296875 0.639672171875 0.69598683125 0.6410867109375 0.7015103140625001 0.649695284375 0.70438864375 0.7518959375 0.5830702453125001 0.7607936234375 0.5804151515625 0.7711398625 0.58263255 0.7886948484375 0.6098633875 0.8484570890625 0.6954192421875 0.8570943906249999 0.6930910640625 0.8612722749999999 0.6829794015624999 0.77026539375 0.548145653125
0 0.6597135609375 0.6337192015625 0.6443391078125 0.657888240625 0.6428331015625 0.663428765625 0.6470321343750001 0.6715391671875001 0.653201634375 0.66987618125 0.7606662984375 0.5455985 0.7768706328125 0.5474563140625001 0.7895474734375 0.5656045265625 0.86113736875 0.6715913203125 0.8666787734374999 0.667979625 0.8716771124999999 0.6607917390625 0.7718927390625 0.512342571875 0.6597135609375 0.6337192015625
0 0.7790667765625 0.4774833125 0.748795203125 0.502715471875 0.64950980625 0.6194613109375 0.647398 0.627283146875 0.6494746484375 0.634104346875 0.6559608390625 0.6356934765625 0.7506836328125 0.5271091703125 0.7665384078125 0.51237381875 0.781384509375 0.5122871828125 0.7904000953125 0.521345665625 0.8647510437499999 0.6396814046875 0.87127125 0.64061954375 0.8764736671875 0.6295257140625 0.7790667765625 0.4774833125
0 0.46086720937500003 0.675747409375 0.41038833124999996 0.7420443328124999 0.41252742031249995 0.751404965625 0.4198364546875 0.7568299625 0.5175873703125 0.6297224781249999 0.530603396875 0.62652215 0.5401268203125 0.6342775046875 0.6243131140625 0.7388432234375 0.632689896875 0.7294212265625 0.6327856093750001 0.722000284375 0.5286226328125 0.5917750734375 0.523826440625 0.5941463406249999 0.46086720937500003 0.675747409375
0 0.5391680125 0.56320364375 0.527491434375 0.5519459359375001 0.45148804374999996 0.6484638890625 0.4114511109375 0.70493621875 0.41269346718750005 0.7146926296875 0.42223095937500005 0.7165897046875 0.516000771875 0.5930203703125 0.5243839 0.589065984375 0.5365707703125 0.5905570515624999 0.5457000296875 0.6002674390625 0.6244383375 0.70291221875 0.6322168390625 0.699351909375 0.6336238640625 0.689189490625 0.623027721875 0.6740200140625 0.5391680125 0.56320364375
0 0.53123035 0.5195087625 0.47144485312500006 0.585078903125 0.4110265984375 0.662759678125 0.41193602343749997 0.6732991265625 0.418035803125 0.679512271875 0.52104465625 0.552374103125 0.5275934921875 0.549992609375 0.540221696875 0.5542149249999999 0.551442875 0.5685996624999999 0.6284961171875 0.6755502890625 0.6331022609375 0.671227396875 0.6367032625 0.6637860015625 0.6076930328125 0.62099518125 0.53123035 0.5195087625
0 0.409262640625 0.635041175 0.417766859375 0.6455363015625 0.52209336875 0.5211242671874999 0.5330646421874999 0.517935871875 0.5419770953125 0.5206176859375 0.5498970984375 0.531116221875 0.6310321265625001 0.6493688765625001 0.6385325875000001 0.6399519921875 0.6392533375 0.6317463109375 0.535255028125 0.4816022703125 0.4200184828125 0.6080307015625 0.409262640625 0.635041175
0 0.576008796875 0.93721386875 0.6732744671875001 0.827430996875 0.6821476859375 0.826924153125 0.761546746875 0.9288501296874999 0.7675469671874999 0.9247195421875001 0.7679988546875001 0.9160706953125001 0.678857184375 0.798729409375 0.5727330828125 0.921760821875 0.5721860609375 0.932230478125 0.576008796875 0.93721386875
0 0.5768977859375 0.9071744828125 0.6750582328125 0.793290815625 0.6836148734374999 0.792330753125 0.7617550109375 0.8988147140624999 0.769069115625 0.8955865859375001 0.7702730796874999 0.8855681609375001 0.6781394953125 0.7668791421875001 0.5737245984375 0.8962714734375 0.573320278125 0.9040099140625 0.5768977859375 0.9071744828125
0 0.575135221875 0.875785378125 0.670501415625 0.76328320625 0.6797625640625 0.7618639703125 0.6900358046874999 0.773635675 0.7595733390625 0.8624223546875 0.7639267046875 0.863762140625 0.7679249234375 0.85236221875 0.6876236921875 0.7481661875000001 0.6737015937499999 0.734595521875 0.5701650859375 0.8667131093749999 0.575135221875 0.875785378125
0 0.5702856093750001 0.8448693515624999 0.5754697953125001 0.8498447984374999 0.668208221875 0.7355377062499999 0.677224140625 0.7322996484375001 0.7622666703125 0.8369230734374999 0.76817175625 0.834613296875 0.770056446875 0.824590896875 0.676537625 0.7063650265625 0.6431952453124999 0.73886911875 0.5705947953125 0.83895171875 0.5702856093750001 0.8448693515624999
0 0 0.702752815625 0.062031534374999996 0.6216686874999999 0.07759309375 0.62339813125 0.167479446875 0.732998990625 0.174358053125 0.7315936578125 0.175807246875 0.72339405625 0.16780502343749998 0.7202553078125 0.1645129171875 0.7116283109375 0.168811325 0.7075076546875 0.06792343906250001 0.58704946875 0 0.6760068312499999 0 0.702752815625
0 0 0.6682216296875 0.06366520625 0.5838888718749999 0.0758469203125 0.585182975 0.170529528125 0.7006716734375 0.1799973375 0.6887847671875 0.175177296875 0.6833521328125001 0.165947325 0.6906870125 0.1614126859375 0.6797919484375 0.16563235 0.6706660515625 0.0783901546875 0.5560440625 0.0676888109375 0.552466 0 0.6408776546875 0 0.6682216296875
0 0 0.62854078125 0.0592510890625 0.5511500500000001 0.071163790625 0.5510805328124999 0.0828698328125 0.5614786828125 0.16660587031250002 0.671570496875 0.1796913578125 0.6555669078124999 0.1761376375 0.6519471390625 0.1678024421875 0.6551812234375001 0.16142328749999998 0.6470273046874999 0.16421014843749998 0.6392749609374999 0.0709053796875 0.5169522671875 0.0494133453125 0.53755555 0 0.6026020140624999 0 0.62854078125
0 0 0.5961916484375 0.0601638609375 0.5206554609375 0.069543928125 0.5169602125 0.081678075 0.5191647203125 0.164329065625 0.6369989484375 0.17656734375 0.6241857484375 0.077137646875 0.48233106406250004 0 0.5687339140625001 0 0.5961916484375
0 0.1103220484375 0.9738384890624999 0.20343676406250003 0.8588417843749999 0.2124289 0.856058928125 0.2220140203125 0.8614637578125001 0.31897664375 0.9723885125 0.3245577609375 0.9632546703125 0.20952632968749998 0.8269517937499999 0.102886384375 0.9663685078125 0.1032579234375 0.97228216875 0.1103220484375 0.9738384890624999
0 0.09904146875 0.942272571875 0.1050252984375 0.9449680359375 0.19743975 0.8238368812499999 0.20874307656250002 0.8224057281249999 0.215288715625 0.8273732328125 0.310256728125 0.9373994984375 0.317111553125 0.93644936875 0.31940795624999996 0.925059378125 0.2041386921875 0.793308525 0.0982270359375 0.9318108625000001 0.09904146875 0.942272571875
0 0.0982450328125 0.9054170671874999 0.098766665625 0.914970359375 0.1050432921875 0.918574240625 0.1956534046875 0.792902978125 0.2082943984375 0.791919084375 0.22185234843749999 0.8059469375000001 0.31175509218749997 0.9087217484375 0.3184598234375 0.904131984375 0.319909015625 0.89593238125 0.20296172031249998 0.7637362578125 0.1516408546875 0.8277446546875 0.0982450328125 0.9054170671874999
0 0.2890484953125 0.972108096875 0.30740430625 0.9724560437499999 0.208684909375 0.8560807765625 0.1202998515625 0.9717276546875 0.135521046875 0.9734590843750001 0.20509680156250001 0.8856808515625 0.2176664421875 0.8860625625 0.2890484953125 0.972108096875
0 0.27315741718750003 0.6383998921875 0.29224851093750004 0.6397961343749999 0.3811738328125 0.7573764781250001 0.3924683390625 0.749772315625 0.3908171609375 0.7382233 0.2939294953125 0.6076231171875001 0.28452432656250004 0.6006423015625 0.1652446796875 0.7475804484374999 0.1647456375 0.7571318125000001 0.1714589484375 0.7580977359375 0.175567365625 0.7585763125 0.27315741718750003 0.6383998921875
0 0.16583953906249999 0.6355083031250001 0.16201010625 0.644074003125 0.1660216265625 0.65359904375 0.17517407812500002 0.651032884375 0.278804478125 0.5303186671875 0.2926857796875 0.5307402109375 0.3024405640625 0.5382215375 0.3880436578125 0.66185186875 0.3959634078125 0.6613031031250001 0.399950434375 0.6497211828125 0.2887810921875 0.4975946890625 0.2627122609375 0.5218692203125 0.16583953906249999 0.6355083031250001
0 0.16885936875000002 0.69278139375 0.2639840140625 0.5766397624999999 0.2781198046875 0.5649986171875 0.29485055625 0.568418834375 0.3885654234375 0.6950171296875001 0.3955594921875 0.6834176624999999 0.2851681765625 0.5307840796875001 0.1633098953125 0.6767321734375 0.16316046875 0.6867840484375 0.16885936875000002 0.69278139375
0 0.166986359375 0.7214376796875 0.17743220937499998 0.722884371875 0.2755557328125 0.5996895375 0.2934666546875 0.60209776875 0.3835458828125 0.719168828125 0.3940886296875 0.7115690531250001 0.3929790890625 0.704037275 0.29466669843750004 0.5719377578125 0.2841338890625 0.564963521875 0.165413978125 0.708380553125 0.166986359375 0.7214376796875
0 0.3644888625 0.9587171984375 0.369337596875 0.9624846375 0.46127319531250005 0.8506066156250001 0.47007675156250006 0.845072515625 0.478710825 0.8488178625 0.558458490625 0.9521025453125 0.5668652859375001 0.954162228125 0.5694853531249999 0.940229246875 0.469749090625 0.81513030625 0.36421065 0.95197085 0.3644888625 0.9587171984375
0 0.4702629171875 0.811331575 0.5344313625 0.8868717875 0.566127159375 0.9200049312499999 0.5708010421874999 0.9090122031250001 0.4676169296875 0.7835116328125 0.3622396375 0.9233034765625 0.36822474843749997 0.935499246875 0.460850509375 0.816447478125 0.4702629171875 0.811331575
0 0.4712479703125 0.7864426812499999 0.5670612765625 0.8900553578125001 0.569930659375 0.87738616875 0.46314440156250003 0.7544371078125 0.3690653328125 0.883197565625 0.36063500625 0.899694940625 0.3669576046875 0.9114669937500001 0.45921698437499997 0.7873563859375 0.4712479703125 0.7864426812499999
0 0.3655733953125 0.8836396921875 0.45724597187500005 0.7586890109375 0.4666804203125 0.7531512296875 0.562838065625 0.862244621875 0.5697709984375 0.856299690625 0.5705493328125 0.8474384374999999 0.462933803125 0.72828995 0.35866399375 0.8710275671875 0.35935267187500003 0.8819889999999999 0.3655733953125 0.8836396921875