0 0.31758751093750004 0.44104501718750005 0.31845321875 0.428469215625 0.1924960734375 0.2546279 0.188167634375 0.25487579375 0.1682568703125 0.277506071875 0.07303154375000001 0.39328255156249997 0.06480754375 0.398407821875 0.061344796874999996 0.4061908015625 0.061777632812500004 0.4136932421875 0.0648075421875 0.419093296875 0.074330071875 0.42153580625 0.17691372656249998 0.2959719640625 0.18557058125 0.29375235625 0.19552594375000001 0.29450374375 0.20634701875 0.3033648328125 0.3093635296875 0.44502105937499997 0.31758751093750004 0.44104501718750005
0 0.31585616562499996 0.396670425 0.31802036562499997 0.38649103125 0.21154112656250001 0.2399766453125 0.19163036093750002 0.2137661953125 0.1860034171875 0.21391611406250002 0.180376471875 0.2215357484375 0.1738838375 0.227940871875 0.066106071875 0.354836471875 0.059166181250000005 0.3642042953125 0.06091196250000001 0.37168233906250003 0.065673215625 0.3772130671875 0.07086732500000001 0.37817971250000004 0.17777941875 0.2500695703125 0.1851377265625 0.2506249453125 0.195093128125 0.251950925 0.20115290937500002 0.2564304828125 0.3080650015625 0.4018283109375 0.31585616562499996 0.396670425
0 0.31542330937499996 0.3725047 0.32105027656249996 0.365459625 0.3184532203125 0.3549208734375 0.18773478125 0.1703774328125 0.18297352656250002 0.1757640546875 0.174316671875 0.1831550078125 0.16609267187500001 0.19287703437499998 0.150077490625 0.2054585921875 0.063941853125 0.306981603125 0.05918057812500001 0.3152411921875 0.0546220140625 0.3207547359375 0.055284998437499996 0.3264391078125 0.062210490625 0.3327078 0.068703125 0.3326232203125 0.178212253125 0.20700749687500003 0.18557058125 0.2075628734375 0.19682447187500002 0.20898685625 0.2054813484375 0.2171100125 0.31066205625 0.37271990312500003 0.31542330937499996 0.3725047
0 0.3145576390625 0.3345159640625 0.3197517453125 0.329736621875 0.322348803125 0.3218882765625 0.1963916546875 0.1267868984375 0.18989901874999998 0.1297444421875 0.1795107796875 0.1398777078125 0.16609267187500001 0.1509314921875 0.053323682812499995 0.270653103125 0.0544193265625 0.2804060390625 0.060046270312500004 0.28772589531250004 0.0656732140625 0.2881505921875 0.1821078359375 0.1642067765625 0.1907646890625 0.16486015781250002 0.1985558546875 0.1688957828125 0.2067798734375 0.17583706875 0.3084978171875 0.33578238437499996 0.3145576390625 0.3345159640625
0 0.5833219171875 0.4697541015625 0.5872175015625001 0.4625783515625 0.490693625 0.30359965 0.4837681328125 0.29790557500000003 0.4781412078125 0.3060998265625 0.4720813875 0.313112228125 0.36362530312499997 0.4346008171875 0.365169315625 0.44352072187499997 0.3686320609375 0.44780424375 0.3755575328125 0.4489015625 0.47294709843750005 0.339609003125 0.47987254999999995 0.3361095390625 0.488529425 0.337337509375 0.4971862609375 0.3443114625 0.57682928125 0.47098785625 0.5833219171875 0.4697541015625
0 0.5880831703125 0.4275933078125 0.58894884375 0.4190396953125 0.496320590625 0.26092960781249996 0.4854995140625 0.2578145015625 0.47987254999999995 0.26083738125 0.46126035156249995 0.2801180875 0.3928712234375 0.35999665 0.3688186375 0.389730871875 0.36819920625 0.3966324984375 0.370796259375 0.40199988124999997 0.3777217515625 0.404246378125 0.4755441546875 0.2955610734375 0.4833353171875 0.2909777484375 0.4919921546875 0.2916311296875 0.50108184375 0.300361540625 0.5807248640625 0.431634715625 0.5880831703125 0.4275933078125
0 0.5859189734375 0.40502069843750005 0.591978753125 0.40030669531249996 0.5963071906249999 0.3920144375 0.492857825 0.221021090625 0.48939509843750006 0.22075973906250002 0.48246960781250003 0.22943058125000002 0.47251424531249997 0.23672354062499998 0.3842143890625 0.33176263437500003 0.36816946875 0.349592753125 0.366900678125 0.35918570625 0.369064896875 0.366244209375 0.37555753125 0.36558504531249997 0.4755441546875 0.2553393234375 0.4829024609375 0.2558946984375 0.4902607703125 0.2564500703125 0.495887734375 0.259173146875 0.503678896875 0.26665635 0.5859189734375 0.40502069843750005
0 0.5941429515625 0.3562260953125 0.5950086640625 0.3488216890625 0.498051934375 0.1765945875 0.489827953125 0.17654847812500002 0.4829024609375 0.1846447203125 0.378587421875 0.2991605453125 0.36427446875 0.3113649765625 0.366900678125 0.3218369203125 0.36819920625 0.3253825078125 0.3772888953125 0.3295161359375 0.48203678906249997 0.21445840781249997 0.48766371406250003 0.214308503125 0.4958877359375 0.214929215625 0.504111753125 0.2247434796875 0.5885160265625 0.35982359218750004 0.5941429515625 0.3562260953125
0 0.8033934640625 0.4837796640625 0.7116308421875 0.330906278125 0.7047053890625 0.33498035625 0.6986455703125001 0.34084353125 0.5963515203124999 0.4616494484375 0.597793296875 0.46768722656249995 0.5982261515625 0.471167475 0.606017315625 0.4746285109375 0.702108334375 0.3652379421875 0.7073024453125 0.3656299703125 0.7185563328125 0.3716507359375 0.793870915625 0.49282906875 0.799065025 0.4880497265625 0.8033934640625 0.4837796640625
0 0.8029606062499999 0.4486965875 0.803826278125 0.44301596875 0.7150936078125001 0.2966918390625 0.7098994984375 0.2940014328125 0.70254115 0.2980428125 0.5976498515625 0.425537909375 0.5973604390625 0.432604175 0.5990918234375 0.4361824296875 0.6073158421875 0.440250725 0.7034068625 0.3285617796875 0.70946664375 0.3290191453125 0.7194220062500001 0.330919734375 0.7934380609375 0.4542984375 0.798199353125 0.4540832109375 0.8029606062499999 0.4486965875
0 0.8107517703125 0.4153834515625 0.7176906625 0.25781528125 0.7146607515625 0.2575865953125 0.7073024453125 0.2610534015625 0.6015448515624999 0.3887602234375 0.6012560234375 0.3978478140625 0.6068829874999999 0.40172009375 0.70080980625 0.2933153828125 0.7068695875000001 0.2897505546875 0.7168249515625 0.28992735625 0.7254818265625 0.29345373124999996 0.8051248062499999 0.42874906875 0.8098860984374999 0.4239370625 0.8107517703125 0.4153834515625
0 0.81378168125 0.3759649734375 0.81378168125 0.3719427796875 0.7241832968749999 0.21061380624999998 0.7202877171875001 0.21261817500000002 0.6038169359375 0.344531928125 0.605151603125 0.3504503140625 0.60645013125 0.3551451046875 0.6146741515625 0.359787984375 0.7116308421875 0.247015171875 0.7181234796875 0.24520683124999998 0.72591464375 0.2463694640625 0.73154160625 0.25196553125 0.8064233359375 0.380580965625 0.81378168125 0.3759649734375
0 1 0.7942649765625001 0.9414701703125001 0.68689749375 0.938007484375 0.68778531875 0.9267535546874999 0.696129484375 0.8336219015624999 0.8015637999999999 0.8354237890625 0.809901578125 0.8406178984375 0.8166141515625001 0.9319476625 0.7183561625 0.938007484375 0.7176643578124999 0.9449329375 0.7187616484375 1 0.8172948953124999 1 0.7942649765625001
0 1 0.7544326234375001 0.9501270453125 0.6582464531250001 0.945365753125 0.6544395109375001 0.9414701703125001 0.6558692781250001 0.9319476625 0.6637695078125 0.834920234375 0.7689007875 0.8358566453125 0.7754584546875 0.8388865171875001 0.78085850625 0.8449463343750001 0.7836142796875001 0.935843246875 0.6853235953125 0.9436344109375 0.6847624375 0.9501270453125 0.6887000515625 1 0.779391375 1 0.7544326234375001
0 1 0.7159835703125 0.9592167375 0.6376724140625 0.9518583906250001 0.625625121875 0.9449329375 0.6314229640625 0.857498753125 0.722505228125 0.8430348171875 0.7414939609375 0.84148356875 0.75117548125 0.84797620625 0.7562623265624999 0.9445001203125001 0.6549487640625 0.9496942296875 0.6559153828125 0.9566196828125 0.660460278125 1 0.7435998671874999 1 0.7159835703125
0 1 0.677985184375 0.9592167375 0.5963014609374999 0.9393060140625 0.610312790625 0.8942903718749999 0.65977809375 0.8700511703125 0.6803578890625 0.8472543984375 0.7112067609375 0.8484090625 0.717797009375 0.8497075890625 0.7219171828125 0.8553345531250001 0.722916471875 0.9492613359375 0.6254291078125 0.9566196828125 0.625984484375 0.9639780312499999 0.629987440625 1 0.702325121875 1 0.677985184375
0 0.7276460250000001 0.65064806875 0.72375044375 0.652652425 0.658824078125 0.7258972078125 0.622642765625 0.768397359375 0.626360896875 0.7780336796875 0.632420678125 0.78078945 0.721153390625 0.6823354484374999 0.728511696875 0.6828908218749999 0.7337058062499999 0.6838574390625001 0.8012292234375 0.7895082062500001 0.8090203890625001 0.7832010921875 0.8111846281249999 0.7781930703125 0.7276460250000001 0.65064806875
0 0.8133488249999999 0.749051990625 0.73587004375 0.61966598125 0.726347496875 0.619521846875 0.6423760796875 0.7114400546875 0.6265377640625001 0.7350682 0.6276594249999999 0.7430813328125 0.6328535343749999 0.7469209421875 0.7211533890624999 0.6524564093749999 0.7259146421875 0.6493681890625 0.7328401343750001 0.6498908953125 0.738899915625 0.6514974640625 0.8051248078125001 0.758774015625 0.810318915625 0.7562930796875 0.8133488249999999 0.749051990625
0 0.743228353125 0.5989612656250001 0.7354371890625 0.5897542734375001 0.730243078125 0.5905114453125 0.64583880625 0.6812477796875 0.6272265671875 0.7051252640625 0.6289579515625 0.713300303125 0.6332863875 0.7153507828125 0.7267803546875 0.6201291062500001 0.7341386609375 0.6206844796875 0.74019844375 0.622291046875 0.8094532437499999 0.7395644328125 0.81378168125 0.7347197546875 0.8163787359375 0.7285951984375 0.743228353125 0.5989612656250001
0 0.8224385156249999 0.7037703359374999 0.7427954953125 0.5604306328125 0.7397656265625 0.5613511531250001 0.6304327640625 0.666391640625 0.63112215 0.6761148609375 0.6328535328125 0.68026770625 0.6397790265625 0.6848126062500001 0.7319744609375001 0.5894929203125 0.7423626796875 0.59085159375 0.74798960625 0.5941492546875 0.8129159687499999 0.7116705624999999 0.8198414625 0.7110440671875 0.8224385156249999 0.7037703359374999
0 0.6046371125000001 0.7761202843749999 0.5085460937499999 0.64130730625 0.50421765625 0.64270440625 0.49685935 0.649618778125 0.394460715625 0.76884885 0.394708528125 0.7746407 0.3986041109375 0.779531475 0.40466391249999994 0.783436425 0.4994564046875 0.6710748546875 0.508113240625 0.6705790609375 0.5141730578125 0.674484009375 0.59468175 0.786286246875 0.600308675 0.781539575 0.6046371125000001 0.7761202843749999
0 0.6055027859375001 0.747455784375 0.6072341671875 0.7412658890625 0.51287453125 0.6019868359375 0.5076804234375001 0.607915353125 0.4020668578125 0.7275045265625 0.40249969218750004 0.7350069671874999 0.40336538437499997 0.7385198859375001 0.40899233125 0.7423921625000001 0.5033519859375 0.636318496875 0.5085460937499999 0.6367105265624999 0.5172029296875 0.6379384953125 0.5223970390625 0.6412035171875 0.5981444765624999 0.752646365625 0.6055027859375001 0.747455784375
0 0.6111297484375 0.7208744359375 0.5202328390625001 0.57611075 0.51633725625 0.57639134375 0.50897895 0.5833057171875 0.40899233125 0.6814849093750001 0.40030321406249997 0.6955775546875 0.40249969375 0.7028295515625 0.4081266375 0.7049780390625 0.5076804234375001 0.6015948078125 0.5150387296875001 0.60100098125 0.524128421875 0.6057091984375 0.5297553859375 0.61302905625 0.6046371125000001 0.7336001296875 0.6085326953125 0.7292973703125 0.6111297484375 0.7208744359375
0 0.6128611328125 0.6957228843750001 0.524561278125 0.54196165 0.5223970390625 0.5429475046875 0.40225071406249996 0.65865288125 0.40163400156250006 0.6648408406249999 0.40466391249999994 0.66966630625 0.4107236921875 0.673571253125 0.513740203125 0.5721731375 0.522397040625 0.57282651875 0.5314867296875 0.5786839374999999 0.6055027843749999 0.707234034375 0.6102640765625 0.7070187812500001 0.6128611328125 0.6957228843750001
0 0.3833881265625 0.7857106843749999 0.39204496093749996 0.7754467140625 0.39204496093749996 0.76912616875 0.28946130625 0.62405500625 0.284700053125 0.6242702359375001 0.27820741718750003 0.627227778125 0.1725938515625 0.7364742125 0.1639370140625 0.747312771875 0.16465575 0.7536594812499999 0.165668359375 0.7600845625 0.1661012140625 0.762415634375 0.1730267078125 0.7646621328125 0.2721475953125 0.6612462031249999 0.27950594375 0.6577794124999999 0.290326978125 0.6603199281250001 0.294655415625 0.664094196875 0.3799253609375 0.7843001562499999 0.3833881265625 0.7857106843749999
0 0.30071519687500003 0.6295011828125 0.3833881265625 0.7523840671875 0.392044959375 0.7467169046875 0.390746434375 0.736850746875 0.29378974375 0.59048049375 0.28946130625 0.5884300125 0.2838343421875 0.5908783046874999 0.17475805 0.6987141859375 0.1630713046875 0.7127716390625001 0.1630713046875 0.720816 0.1673997421875 0.7222918671875 0.1725938515625 0.7238330984375 0.27517750625000004 0.624126128125 0.280804471875 0.6222524234375 0.284267196875 0.622513775 0.28859563593750004 0.62341508125 0.2946554140625 0.626170825 0.30071519687500003 0.6295011828125
0 0.28296866875000004 0.559784753125 0.16783259687500002 0.6665886796875 0.161772778125 0.68164541875 0.1661012140625 0.6917402609375001 0.2812372875 0.585510921875 0.292491215625 0.587509521875 0.29898385312500003 0.5925963125 0.3877165234375 0.7280031124999999 0.3933434890625 0.7244056453125001 0.39594054375 0.7131097203125 0.2903269796875 0.5563179593750001 0.28296866875000004 0.559784753125
0 0.4011346515625 0.685346525 0.29595394218750004 0.5222668515625 0.274311834375 0.5401696859375 0.1630328328125 0.63973560625 0.1609071046875 0.647678875 0.1630713046875 0.6518644124999999 0.169131125 0.6569185375 0.2855657265625 0.5530856078124999 0.2942225609375 0.55603736875 0.3041779625 0.5636839171875 0.3898807640625 0.700585828125 0.3994032703125 0.697856965625 0.4011346515625 0.685346525
0 0.8828570234375 0.8801413968749999 0.79514290625 0.990380065625 0.79987568125 0.9953446250000001 0.8815949406250001 0.899313203125 0.8879052968750001 0.8960198374999999 0.8932691281249999 0.896424678125 0.958581425 0.99308216875 0.9623676453125001 0.9895982921875 0.9629986718750001 0.9846197265625 0.8907449640625 0.8711032046874999 0.8828570234375 0.8801413968749999
0 0.8879052984375001 0.8478521734375001 0.8812794109375 0.855729071875 0.79629264375 0.9611137859375001 0.7986136265625 0.96928070625 0.8042929578125 0.9692905140624999 0.88695874375 0.8662101078125 0.894215684375 0.868433221875 0.9614210890624999 0.9639770484374999 0.9655228093750001 0.9617735328125001 0.9658383374999999 0.95342035625 0.8929536 0.8457201031249999 0.8879052984375001 0.8478521734375001
0 0.8916915187500001 0.817980790625 0.87496905625 0.8355668703125 0.798298096875 0.935748940625 0.7976670718750001 0.9444971484375 0.8027153468750001 0.948228971875 0.8806483843749999 0.85065524375 0.888220825 0.8441063453125001 0.894215684375 0.8445588125000001 0.9642607546875 0.9365473203124999 0.968046975 0.935157696875 0.967731446875 0.9250814999999999 0.8916915187500001 0.817980790625
0 0.8929536 0.793782784375 0.7984220734374999 0.9113129984375 0.797036015625 0.9159677796875 0.7973515421874999 0.9210177859374999 0.802399846875 0.9243307484375001 0.8897984078125001 0.8170002015625 0.8961087921875001 0.8174764812499999 0.9664693640625 0.9111642156249999 0.9702555828125 0.909774571875 0.9712021375000001 0.902725590625 0.8929536 0.793782784375
0 0.7877636859375 1 0.7904306515624999 0.9923337671875 0.6992458703125 0.866498340625 0.609007615625 0.9723579921875001 0.5979644687500001 0.9866030765625 0.592813740625 0.9982313578124999 0.593886628125 1 0.6011371203125 1 0.6891492625 0.8975688312500001 0.6935665390625 0.8941325843750001 0.6982993140625 0.8940709531250001 0.7033475890625 0.894451975 0.774970271875 0.997449625 0.7792423 1 0.7877636859375 1
0 0.6989303421875 0.835479671875 0.6907268734375 0.8403055421875001 0.5973334265625 0.9547229078124999 0.5916540968749999 0.9651843453125 0.592600653125 0.9702819765624999 0.5970179156250001 0.9727096062499999 0.6916734296875 0.8625760031249999 0.697352759375 0.8613292640625 0.7017700062500001 0.8637568921875 0.784435821875 0.9726142421875 0.7885375421874999 0.9658033796875 0.7869599578125 0.9552130828125 0.6989303421875 0.835479671875
0 0.7020855328125 0.81100569375 0.6970372312500001 0.8085304265625 0.6869406546875 0.8140511187499999 0.5941782484375 0.933961159375 0.5941782484375 0.944851228125 0.6004886203125 0.9461652125000001 0.6916734296875 0.835350790625 0.6995613703125 0.8338518953125 0.7049252 0.83844523125 0.7885375406249999 0.9452797703125 0.7923237609375 0.9409581890625001 0.7926392875 0.932605028125 0.7020855328125 0.81100569375
0 0.7716909171874999 1 0.716599359375 0.9184888656249999 0.7049251984375 0.9016914703125 0.69482859375 0.8933901343749999 0.6702181640625 0.9195955609375 0.6061758828125 1 0.62154465625 1 0.692935484375 0.9204724625 0.6995613703125 0.9213913984375001 0.7071338093749999 0.9295022218750001 0.7571703921874999 1 0.7716909171874999 1
0 0.489462240625 0.8457483734375 0.48599154999999994 0.8471618109374999 0.44718279375 0.8865364781249999 0.3724049484375 0.9805786937500001 0.3724049484375 0.9843483375 0.37745324999999996 0.9926875109375001 0.48062774687500004 0.87314448125 0.4882001890625 0.8699463734374999 0.4960881265625 0.8772433234375001 0.5901126031249999 0.9940784015625 0.5938988203125 0.983474078125 0.5926367390625 0.972907596875 0.489462240625 0.8457483734375
0 0.59579193125 0.9492713281249999 0.4882001890625 0.812982875 0.385972246875 0.931759640625 0.3734824109375 0.9499406109375 0.37240494687500003 0.9613116312500001 0.37619116875 0.9649482 0.382186025 0.962049865625 0.479996690625 0.845452796875 0.48820018750000005 0.8431400218749999 0.494195015625 0.84736213125 0.5901126031249999 0.966434346875 0.5942143484375 0.9571103890625 0.59579193125 0.9492713281249999
0 0.5870633109375001 1 0.5090243984375 0.8983244640624999 0.49040879843749996 0.8705319312500001 0.4806277484375 0.875657575 0.4635897578125 0.89489525 0.374613584375 0.9962428296875 0.3862877453125 0.9987993359375 0.47747255468749994 0.8992938453124999 0.48031221874999996 0.8974139375 0.4869381046875 0.894982075 0.4923019078125 0.8953869125 0.5726550578125 1 0.5870633109375001 1
0 0.569718671875 1 0.49703468125 0.9024457218749999 0.4872536328125 0.8962624359375001 0.478419109375 0.8993652875 0.39028125 0.9986562359375 0.39963201718749997 1 0.41275828125 1 0.479996690625 0.9275472734375001 0.4872536328125 0.924325353125 0.49356399062499995 0.9256393171875 0.549658078125 1 0.569718671875 1
0 0.35611613750000004 0.945421109375 0.23243292968749998 0.8158762796874999 0.22044321562500002 0.8208352343750001 0.12957393281250001 0.945076653125 0.1224462296875 0.9636726937500001 0.1248411578125 0.9698504015625 0.1311515421875 0.974096328125 0.22233632499999997 0.84987871875 0.2302242921875 0.8467044265625001 0.2377967328125 0.8472759625 0.3485436984375 0.95950930625 0.35264541718750003 0.9598188859375 0.35706269218750003 0.9534507015625 0.35611613750000004 0.945421109375
0 0.352960915625 0.907905390625 0.2264380734375 0.7789839234375 0.2217052953125 0.7823963578125 0.15323780781250002 0.8764960187499999 0.123579103125 0.917817821875 0.120553403125 0.9305363828125 0.123579103125 0.9370849031249999 0.1298894609375 0.9383988671875001 0.22044321406249998 0.8128771031250001 0.22833118125000001 0.8092839578125 0.23369498437499997 0.8126207421875 0.2463157265625 0.8227879796875 0.34917469687499997 0.9264678421875001 0.3529609171875 0.9171200671875 0.352960915625 0.907905390625
0 0.23716570468749998 0.8463906484375 0.2302242921875 0.85089293125 0.21855010468749997 0.8663469375 0.1365153453125 0.9791084937500001 0.1541843625 0.9822648828125 0.2330639578125 0.8812644078125 0.24095192656250003 0.8789277999999999 0.24600019999999997 0.8788899812500001 0.354223028125 0.991770496875 0.3583247484375 0.9908235296875001 0.36021785781250004 0.9830082828125001 0.35990235937500004 0.9754451843749999 0.23716570468749998 0.8463906484375
0 0.24568469999999998 0.8813792640625 0.2396898421875 0.8834398921875 0.16219559687500001 0.9823839718749999 0.179110321875 0.9839987890625 0.2340105125 0.916519190625 0.238427759375 0.9130829421875 0.24663125468749997 0.9116078546875 0.25420369531250003 0.9151113296875 0.3255108203125 0.9946296140625 0.3466505875 0.996225153125 0.2557812765625 0.8959633359374999 0.24568469999999998 0.8813792640625