0 0 0.8187644703125001 0.166362503125 0.617607196875 0.19653609375 0.62195654375 0.338433521875 0.8122404515625 0.35637457499999997 0.8002797484374999 0.35963658593750003 0.77527100625 0.20061360625 0.5621530296875 0.1826725515625 0.5501923265625 0 0.7600482937499999 0 0.8187644703125001
0 0.179410540625 0.5404062984375 0.20061360625 0.5501923265625 0.3327250046875 0.737214225 0.3433265359375 0.7415635703125 0.35474357031250003 0.7317775421875 0.35474357031250003 0.7089434734375 0.19653609375 0.479515446875 0.1826725515625 0.47407876406250005 0.000815503125 0.6817600578125 0 0.737214225 0.1614694875 0.549104990625 0.179410540625 0.5404062984375
0 0 0.655663978125 0.1851190578125 0.47407876406250005 0.20142910781249998 0.47299142656250004 0.34577304375 0.6915460859375 0.3612675890625 0.6741487015625001 0.363714096875 0.6469652859374999 0.199798103125 0.4088385671875 0 0.6078211671875 0 0.655663978125
0 0 0.5838997625 0.1859345609375 0.4099259046875 0.20061360625 0.4044892203125 0.21447714687500002 0.4164499234375 0.34985055625 0.6273932265625 0.3661606046875 0.6012971484375 0.206322121875 0.34577304375 0 0.5349696140625 0 0.5838997625
0 0.5113200421874999 0.609995840625 0.5325231078125 0.6078211671875 0.645062446875 0.7654849765625 0.6556639796875 0.7643976390625 0.6621879984375 0.74482558125 0.51947506875 0.549104990625 0.3661606046875 0.770921659375 0.37105361875 0.7926683921875 0.384101659375 0.7991924109374999 0.5113200421874999 0.609995840625
0 0.5047960234375 0.5578036828124999 0.5259990875 0.5469303171875 0.6491399578125 0.7078561359375 0.6556639796875 0.7056814625000001 0.6630035015625 0.6871967406249999 0.5170285609375 0.49473815937500004 0.3686071125 0.7089434734375 0.3702381171875 0.7317775421875 0.3857326640625 0.7361268890625 0.5047960234375 0.5578036828124999
0 0.5113200421874999 0.49147615 0.522737078125 0.4903888140625 0.64587795 0.6469652859374999 0.6581104859375 0.648052621875 0.66055699375 0.6295679 0.5113200421874999 0.43710931875 0.3612675890625 0.6578386515625 0.3628985953125 0.671974028125 0.37594663437500003 0.6795853843749999 0.5113200421874999 0.49147615
0 0.5162130578124999 0.42732328906249994 0.5317076046875 0.4305852984375 0.6540329734375 0.5860744359375001 0.66463450625 0.5665023765625 0.51539755625 0.371869121875 0.3669761078125 0.5806377515625 0.3702381171875 0.5991224749999999 0.3857326640625 0.60673383125 0.5162130578124999 0.42732328906249994
0 0.7649413078125 0.6458779484375 0.786959875 0.6241312171875 0.8008234171874999 0.6295679 0.881558159375 0.7763583421875 0.8946061999999999 0.77527100625 0.8962372046875 0.7567862828125 0.787775378125 0.5773757421875 0.6654500078125001 0.7361268890625 0.65647948125 0.7622229671875 0.65647948125 0.7741836703125 0.6687120171875 0.7817950265625 0.7649413078125 0.6458779484375
0 0.787775378125 0.5730263953125 0.8008234171874999 0.5708517234375 0.8888976828124999 0.7219915125 0.8962372046875 0.7230788484375 0.8986837124999999 0.69807010625 0.7926683921875 0.5208342390625 0.6630035015625 0.7013321171875 0.6630035015625 0.7165548296875001 0.671158525 0.7263408578125 0.787775378125 0.5730263953125
0 0.7853288703125 0.5197469015625 0.7975614078125 0.5186595656249999 0.8986837124999999 0.6730613640625001 0.906023234375 0.6534893046875 0.7926683921875 0.4697294171875 0.659741490625 0.655663978125 0.6621879984375 0.66762468125 0.671974028125 0.6741487015625001 0.7853288703125 0.5197469015625
0 0.7918528890625 0.47299142656250004 0.8016389187499999 0.46646740781249996 0.8897131859374999 0.6078211671875 0.9052077328125 0.6241312171875 0.9149937609375 0.6078211671875 0.7975614078125 0.4229739421875 0.6613724953125 0.6002098109375 0.6687120171875 0.6186945328125 0.6784980468749999 0.6208692078125 0.7918528890625 0.47299142656250004
0 0.2625917921875 0.91336275625 0.33354050625 0.9992623484375001 0.35963658593750003 1 0.2560677734375 0.8720439640625001 0.1590229796875 0.9970876765625001 0.1834880546875 1 0.2511747578125 0.9122754203125 0.2625917921875 0.91336275625
0 0.265853803125 0.9601182296875 0.296842896875 0.9981750125 0.33354050625 1 0.265853803125 0.9144500921875001 0.25035925625 0.9166247656250001 0.18430355625 0.9970876765625001 0.21121513749999998 1 0.253621265625 0.9557688843750001 0.265853803125 0.9601182296875
0 0.6237815203125 0.1081816796875 0.6461126015625 0.1176103578125 0.70305685625 0.2486193640625 0.709383996875 0.240679425 0.652811925 0.10768543281250001 0.6312252125 0.08585059843750001 0.62713118125 0.0868430921875 0.5173367015625 0.1756711671875 0.5147314093750001 0.1831148609375 0.52329165625 0.1880773234375 0.6237815203125 0.1081816796875
0 0.63048084375 0.031759759375 0.6382967234375 0.0332484984375 0.69151913125 0.0967680171875 0.7097561812500001 0.1414301765625 0.718316428125 0.133986484375 0.7004515625 0.0932942921875 0.6315973984375 0.011413664062499999 0.6211762281250001 0.019353603125 0.49053940625000003 0.1612800265625 0.49537780624999994 0.170212459375 0.6092663171875 0.045654654687500004 0.63048084375 0.031759759375
0 0.6204318578125 0.0764219203125 0.63048084375 0.0764219203125 0.6498344484375 0.0793993984375 0.70305685625 0.198994740625 0.710872734375 0.1940322796875 0.6569059562499999 0.0699707203125 0.63383050625 0.050617117187500005 0.6278755515625 0.057068317187499995 0.5214307328125 0.1439114078125 0.5210585484375 0.1533400875 0.527013503125 0.1568138109375 0.6204318578125 0.0764219203125
0 0.814712259375 0.18708483125 0.8664459296875 0.30965765156249997 0.8727730703125 0.3051914359375 0.819550659375 0.1786486453125 0.7946142859374999 0.1563175640625 0.7075230734375 0.23522071718749998 0.7086396265625 0.24216816406250002 0.6982184546875 0.252589334375 0.697846271875 0.2540780734375 0.7045455953124999 0.25507056562499997 0.7882871484375 0.1781523984375 0.7972195796875 0.180137384375 0.814712259375 0.18708483125
0 0.79386991875 0.1468888859375 0.80280235 0.1488738703125 0.8236446921875 0.1568138109375 0.8675624828125 0.26400299843749997 0.8757505468750001 0.25755179687499996 0.8307162015625 0.147881378125 0.80280235 0.12604654375 0.7090118109375 0.20544594218749998 0.7023124859375 0.2178520984375 0.7090118109375 0.2228145609375 0.79386991875 0.1468888859375
0 0.8288552765625001 0.1473851328125 0.8392764484375 0.17219744374999998 0.8601187906250001 0.1900623078125 0.8701677765625 0.2178520984375 0.879844578125 0.2123933890625 0.8623518984375 0.1682274734375 0.7894037015625 0.0932942921875 0.7164555046875 0.1533400875 0.7127336578125 0.1622725203125 0.7160833203125 0.1662424890625 0.717572059375 0.1647537515625 0.7733997593749999 0.12009158906249999 0.7879149625 0.11612162031249999 0.80354671875 0.1250540515625 0.8288552765625001 0.1473851328125
0 1 0.28434909375 0.9870337656249999 0.250108103125 0.9580033609375 0.22331080625 0.8709121453125 0.3141238671875 0.8776114703125 0.3215675609375 0.949815296875 0.24812311875 0.9598642843749999 0.2456418875 0.9821953640625001 0.25705555156250004 1 0.3027102046875 1 0.28434909375
0 0.797620665625 0.07174786562499999 0.8050428578125001 0.07740287031250001 0.8132602875 0.0819975609375 0.8307554546875 0.1343063484375 0.8490458593750001 0.1579866796875 0.8161761468750001 0.06786005 0.8233332624999999 0.0533691015625 0.818296775 0.04241253125 0.73400186875 0.10815195468750001 0.7326764765625 0.10921226718749999 0.738773278125 0.115220709375 0.797620665625 0.07174786562499999