0 0.11922790781249999 0.3138142921875 0.11495937812499998 0.3150596578125 0.0970800984375 0.3420720328125 0.0121870234375 0.47873394999999996 0.004457142187500001 0.48570973593750005 0.0016620515624999998 0.49421789531250004 0.00270393125 0.50154835 0.0061473109375 0.506196684375 0.015782175000000002 0.50641609375 0.107166459375 0.3583610078125 0.115562646875 0.354163009375 0.1254882 0.3526075453125 0.13693416249999998 0.3588839734375 0.2505813703125 0.4753843375 0.258405134375 0.4695467546875 0.25823536874999997 0.4568916734375 0.11922790781249999 0.3138142921875
0 0 0.46148408593749995 0.0035831015624999997 0.46451843281249994 0.008808609375 0.46427598437500006 0.104273625 0.3126991890625 0.1116098984375 0.31154950000000003 0.12158244062500001 0.3105631015625 0.1279527234375 0.3135998875 0.24576554218750002 0.4329060828125 0.2530638890625 0.425997978125 0.25437652499999996 0.4154163609375 0.136901359375 0.2949043359375 0.115031396875 0.27354473281249997 0.1094682515625 0.27499300781249997 0.1045154421875 0.28383931093750003 0.0986056375 0.29168272968750003 0.00218364375 0.4422566078125 0 0.44614478750000003 0 0.46148408593749995
0 0 0.42038157343749993 0.002941903125 0.41965663906249995 0.1011839734375 0.2699504203125 0.1085202703125 0.2688007265625 0.1197874109375 0.267611446875 0.1290287078125 0.2736569453125 0.24596041406250002 0.403477134375 0.250660465625 0.40216416875 0.25566024062500003 0.39388690937500004 0.2522258765625 0.384049209375 0.10762629374999999 0.2314722515625 0.10334878750000001 0.23790700468749998 0.095375140625 0.24722671406250002 0.08802085 0.2587551390625 0.073180403125 0.2749153765625 0 0.3893100421875 0 0.42038157343749993
0 0 0.3710579078125 0.101546703125 0.226660615625 0.1101776390625 0.22530803437500002 0.11822716874999999 0.22750520624999998 0.12694300625 0.2324801640625 0.24079790937499998 0.36739405 0.2466987390625 0.36473999375 0.25145475 0.358806709375 0.2533867421875 0.3504337796875 0.112642159375 0.186300378125 0.1064506609375 0.1907293046875 0.0969855609375 0.20316494999999998 0.0845935625 0.21721216718749997 0 0.337208478125 0 0.3710579078125
0 0.41869498906249997 0.29343382500000004 0.411367690625 0.289394153125 0.4064618515625 0.2988095546875 0.40103051718750005 0.3071544453125 0.303494621875 0.452529890625 0.30575331562499997 0.46100752968750003 0.30953433750000003 0.4644500625 0.3164860234375 0.4639370984375 0.404053296875 0.33319694375000003 0.4106293703125 0.32813131875 0.4193072703125 0.32734780625000004 0.428454628125 0.33225513906250004 0.5177185015625 0.4393186046875 0.5240508515625 0.436596921875 0.527324428125 0.42859017968749996 0.41869498906249997 0.29343382500000004
0 0.42078391875000004 0.24987350468749997 0.40980744687500004 0.2492879125 0.4044790265625 0.2535815828125 0.38761272812500003 0.276976571875 0.32637685156249996 0.3718860671875 0.30497414218749996 0.40689095000000003 0.3049243046875 0.41386942187500003 0.3079361234375 0.41858538437500004 0.3149817265625 0.419210565625 0.403027490625 0.28897185468750003 0.41037278125 0.282632796875 0.41900369687500005 0.28128021875 0.428723459375 0.2878271640625 0.5183629265625 0.3994432921875 0.525323609375 0.3937409375 0.5254824499999999 0.38506945312499996 0.42078391875000004 0.24987350468749997
0 0.53056520625 0.356603825 0.41409202812499996 0.21114788906249998 0.41063966875 0.2116889203125 0.404486103125 0.2218763 0.3952178375 0.23139890625 0.3154923765625 0.3459227125 0.3010513125 0.36728800625 0.3005779671875 0.37708197656250003 0.3032990953125 0.3835728140625 0.30967839218750004 0.38142020625 0.3997410484375 0.2491361296875 0.407077321875 0.2479864390625 0.4144135984375 0.24683674843749998 0.4202115109375 0.2482338890625 0.428542734375 0.2538455515625 0.5213348734375 0.3718848875 0.526953965625 0.36581634531249996 0.53056520625 0.356603825
0 0.41560854843749995 0.1659479546875 0.4074561421875 0.1678019859375 0.401255625 0.17742028125 0.3072531078125 0.31493332343749997 0.2940684796875 0.33032684843750004 0.2975262703125 0.34009164687500004 0.29910260625 0.34330325 0.3084467734375 0.3452975328125 0.402833903125 0.2071478 0.4083970296875 0.2056995390625 0.416596425 0.2044145875 0.42554700624999997 0.2122349484375 0.520215165625 0.32652165312500003 0.5254965968749999 0.3216588890625 0.5257493796875 0.314125571875 0.41560854843749995 0.1659479546875
0 0.6333101984375 0.2750776578125 0.6277849625 0.28228434999999996 0.53629886875 0.42556027656250006 0.5382207734375 0.4312070640625 0.538934028125 0.4345539234375 0.5469366078125 0.436182021875 0.6332092234375 0.30564475625 0.63838778125 0.30483320625 0.6500305171874999 0.30819659375 0.734556371875 0.4108146125 0.7393123859374999 0.40488132656250003 0.743252271875 0.399652396875 0.6398393203125 0.269442934375 0.6333101984375 0.2750776578125
0 0.6404747671875 0.234756984375 0.6351084124999999 0.2332922140625 0.6281476921875 0.23899455 0.5346347046875 0.3894954078125 0.5349253140625 0.396560709375 0.536933209375 0.39970468124999997 0.5454142984375 0.401834221875 0.6314991171875 0.2690206359375 0.6375407546875 0.26807383281249997 0.6475602078125 0.267656540625 0.7309792171875 0.372753765625 0.73567930625 0.37144076875 0.739956809375 0.365006015625 0.7403503984375 0.3591799515625 0.6404747671875 0.234756984375
0 0.6368506625 0.1961270390625 0.6298430328125 0.20126030625000002 0.5354889875 0.35217096875 0.535945334375 0.36123805937500003 0.5418371453125 0.3637733734375 0.626045940625 0.23471242343749998 0.6317589296875 0.22978202812499998 0.6416375359375001 0.22765749062500001 0.6505032374999999 0.229150325 0.7404713093749999 0.3447500234375 0.7447958031249999 0.3388843640625 0.7449546453125 0.3302128796875 0.6398715 0.195653634375 0.6368506625 0.1961270390625
0 0.642447915625 0.14740540625 0.6387517953125 0.1502904 0.534126446875 0.30784231093750003 0.5359324671875 0.3133955953125 0.5376027015625 0.31774537187499996 0.546130740625 0.3204439828125 0.632984740625 0.1863569703125 0.639270140625 0.1830662171875 0.6470849249999999 0.18241796875 0.6531175828125 0.18666052500000002 0.7378222203125 0.2967442578125 0.744735990625 0.29047282343749997 0.7444073453125 0.2864892328125 0.642447915625 0.14740540625
0 0.8073309453125 0.720693853125 0.8897955468750001 0.6022821515625 0.8957433265624999 0.6001971953125 0.9026949921874999 0.599684209375 0.9595661 0.6767681765625 0.9606648671875 0.6579030953125 0.896660390625 0.56892575 0.8933019671875 0.5706049203125 0.882832925 0.5814686046875 0.79916930625 0.7074039890625 0.80163595 0.71524551875 0.8073309453125 0.720693853125
0 0.799250559375 0.6810329734375 0.8026939000000001 0.6856813125000001 0.8089233734375 0.687010846875 0.8909564156249999 0.56866675 0.8986303515625 0.5663112546875 0.905385240625 0.5687113125 0.9613669874999999 0.645848153125 0.9625375140625 0.6257509812500001 0.9028969359374999 0.538549990625 0.8978682046875001 0.5358794203125 0.8941251343750001 0.538195328125 0.8853353765625 0.5482193890625 0.7977869140625 0.6747545500000001 0.799250559375 0.6810329734375
0 0.8028418187499999 0.6556832625 0.8096906125000001 0.6592215171875 0.8970521124999999 0.53658374375 0.90227761875 0.5363412703125 0.9095109796875 0.5392428 0.9630457484375 0.617024921875 0.9643373484375 0.594849025 0.9102222890625 0.5160737328125 0.90194699375 0.505841809375 0.8955587171875001 0.5131837531250001 0.8163676921875 0.6235887390625 0.803587796875 0.645736328125 0.8028418187499999 0.6556832625
0 0.806976575 0.6210253828125001 0.8085998578125 0.6248060609375 0.814256921875 0.6244959546875 0.8993577140625 0.506247584375 0.9066940296875 0.5050978859375 0.914312040625 0.50736268125 0.9649442390624999 0.5844291 0.966074565625 0.565022159375 0.9068419499999999 0.4750998359375 0.8882584703124999 0.49357597656249996 0.8476969421874999 0.5529649375 0.8253613375000001 0.5789463593749999 0.8052940124999999 0.6147651046875 0.806976575 0.6210253828125001
0 0.6197902765625 0.67284106875 0.587413034375 0.7232910375 0.591884465625 0.731976003125 0.5981139015625 0.7333055453124999 0.6779892265624999 0.615299615625 0.6853255015624999 0.614149925 0.69055100625 0.61390745 0.7660883453125 0.7029466531249999 0.7732927921875 0.6949003499999999 0.7750280078125 0.6894404625 0.681833265625 0.5824165875 0.6781371453125 0.585301565625 0.6197902765625 0.67284106875
0 0.678003371875 0.5518890515625 0.6023116953125001 0.662322075 0.5885490875 0.689382028125 0.5903152109375001 0.6970591546875 0.5957754609375 0.6996620984375 0.6755478671875 0.585707340625 0.6800131687500001 0.58154893125 0.6869179234375 0.5804668671875 0.693053459375 0.5806582359375 0.767437009375 0.6716075703125 0.772380821875 0.6679506296875 0.77479131875 0.6600791453125 0.6874504578125 0.549832140625 0.678003371875 0.5518890515625
0 0.6794928812500001 0.5222572140625 0.6032757453125 0.6316196953125 0.5867850015625 0.65956735625 0.589168490625 0.6672639953124999 0.5936248140625 0.6682949484375 0.6784818796875001 0.5523904953125001 0.6858181531249999 0.5512408046874999 0.6919536921875 0.5514321734375 0.7701562156249999 0.651582503125 0.7740491484375001 0.6457844734375 0.776121984375 0.639118790625 0.6930496125000001 0.5276264 0.684577540625 0.5203074937500001 0.6794928812500001 0.5222572140625
0 0.6865455593750001 0.4911771265625 0.5867969765625001 0.6204648609375 0.5882745125 0.6299355171875 0.5903293546875 0.6336485640625 0.59756275625 0.636550090625 0.68112518125 0.520848525 0.6915292453124999 0.5197945296875 0.6973740671875001 0.521760746875 0.7713080640625 0.6231564703125 0.7781189203125 0.62093623125 0.780097859375 0.6131324015625 0.6894724578125 0.4895655546875 0.6865455593750001 0.4911771265625
0 0.4598027171875 0.6261600515625 0.4530767796875 0.634707796875 0.361358303125 0.7764471625 0.3620770859375 0.78212618125 0.3663365953125 0.7860701578125 0.3726599484375 0.7885378421875 0.45740317812500003 0.65535804375 0.46594019375 0.652867321875 0.47226356562499994 0.6553350015625 0.5611698406250001 0.7474670984375 0.5663573765625001 0.7414661890625001 0.570203359375 0.7350990625 0.46397734531249996 0.6237765140625 0.4598027171875 0.6261600515625
0 0.4650533296875 0.583833571875 0.4603912125 0.5909050015624999 0.3655165984375 0.7337426546875 0.3665584796875 0.741073109375 0.3677032734375 0.744352340625 0.373595065625 0.74688765625 0.458423196875 0.6200353984375 0.46360175000000003 0.6192238515625 0.4722796140625 0.6184403453125 0.47769291875000003 0.620474215625 0.5618521953125 0.713350203125 0.5687189796875 0.7065097015624999 0.5699287375 0.699979275 0.4650533296875 0.583833571875
0 0.46639297500000004 0.5576838562499999 0.459667040625 0.566231603125 0.3686184515625 0.686564959375 0.361160421875 0.7025294953125 0.363929325 0.7092045140625001 0.36968026875 0.710032584375 0.45987477343750005 0.5846451203125 0.46711715 0.58235725625 0.47650826874999996 0.5849206125 0.482681775 0.590870415625 0.56672911875 0.6929869921875 0.57023744375 0.6878256671874999 0.572122484375 0.678883665625 0.47022994218749997 0.5565060953125001 0.46639297500000004 0.5576838562499999
0 0.4696646109375 0.5231612125 0.36007303749999997 0.6655093421875 0.35996757968750004 0.67178036875 0.3633640125 0.675859628125 0.3696873421875 0.678327315625 0.463475053125 0.554106040625 0.47210596718750003 0.5527534640625 0.4815909828125 0.556454990625 0.5654325390625 0.6666739781250001 0.5701326250000001 0.66536095625 0.571782921875 0.6535735625 0.47172847031250004 0.521684890625 0.4696646109375 0.5231612125
0 0.3589873390625 0.777279846875 0.2454899921875 0.657297334375 0.24078994531250003 0.6586103234375 0.2345984453125 0.66303925 0.1388787453125 0.795633428125 0.1311868125 0.8083676531249999 0.132417540625 0.814487425 0.1339458546875 0.8206169328125 0.1345652109375 0.822825646875 0.1416108140625 0.8234508265624999 0.23137371875 0.6981309734375001 0.2383813890625 0.6929977109375 0.2493108703125 0.6930142375 0.25390804375 0.6957524375 0.34821860625 0.7951077703125 0.3517649 0.79570488125 0.359503778125 0.78353973125 0.3589873390625 0.777279846875
0 0.357156321875 0.755085653125 0.35506354687499997 0.7456141406250001 0.24703546875 0.6230452015625 0.24257914375 0.6220142484375 0.237203775 0.6257388453125 0.13793781875 0.75773588125 0.12750674374999998 0.7743580015625 0.1281640328125 0.78232515625 0.13257340625 0.7827870109374999 0.1378458625 0.783113634375 0.23134286093749998 0.6606672625 0.23676518125 0.6575117374999999 0.24021753750000002 0.6569707078125 0.244579965625 0.656863515625 0.250809396875 0.6581930328125 0.25708578125 0.660091646875 0.349041846875 0.7626981140625 0.357156321875 0.755085653125
0 0.12367684999999999 0.7438304671875 0.12879046249999998 0.7528285765625 0.23419195468749998 0.6210228812499999 0.24550608437500002 0.620402696875 0.25235487343749996 0.6239408984375 0.3513384703125 0.737551315625 0.35661994375 0.7326885734374999 0.35827023750000003 0.7209011515625 0.24081307187499998 0.5900104234375 0.2338054390625 0.595143678125 0.128450896875 0.7275184453125 0.12367684999999999 0.7438304671875
0 0.22362520312499998 0.5777165531249999 0.12150099218749999 0.7020318125 0.12004376718750001 0.71038988125 0.1225301328125 0.7140353296875 0.1289474 0.7176411578125 0.23583132812500002 0.587908921875 0.2446500390625 0.5888326640625 0.255139021875 0.5941061765625 0.3512426703125 0.7098972375 0.36045496875 0.7049949109375 0.36114828593750004 0.6922046 0.24360623750000002 0.5549863171875 0.22362520312499998 0.5777165531249999
0 0.7815656984375 0.9071202265625 0.8546897671875 0.793133703125 0.86067321875 0.7884142828125 0.8660209890624999 0.7875762171875 0.938632640625 0.868219215625 0.9420995124999999 0.8638941765625001 0.9423179718749999 0.858817628125 0.8614509796875 0.7630808375 0.8543737968749999 0.7738543640625 0.7764706375 0.9032965656249999 0.7815656984375 0.9071202265625
0 0.7752185484375 0.8740455828125 0.778185571875 0.8815979859375 0.7838136765625 0.8802958015625 0.8572996406250001 0.7591093015625 0.86467174375 0.759634759375 0.9390681687500001 0.8387374796874999 0.942952265625 0.8356076359375001 0.9425823812499999 0.8272617421874999 0.861565378125 0.7374311640625 0.8567375328125 0.74070890625 0.8508159531249999 0.75004075625 0.7752185484375 0.8740455828125
0 0.77513311875 0.848460925 0.775222675 0.8572709359375 0.7805296203125 0.859800815625 0.8497761359375 0.7451613859374999 0.856744103125 0.7369261421875 0.8627210125 0.7359894828125 0.9396405874999999 0.810915059375 0.943278578125 0.808664175 0.9421426343749999 0.7987575687499999 0.8580483328125 0.7102496140625 0.8429159937499999 0.7315297203125 0.77513311875 0.848460925
0 0.7722663187500001 0.829161146875 0.77299158125 0.8340898015624999 0.778264334375 0.836204834375 0.85609244375 0.7097157359375 0.8623839343749999 0.7087297765625 0.939754959375 0.7852653890625 0.9433929453125 0.783014484375 0.9437548703124999 0.7758145062499999 0.85732168125 0.6859923125 0.7732593453125001 0.82423086875 0.7722663187500001 0.829161146875
0 0.6713300015625 0.8027555453125 0.5905680281250001 0.928443821875 0.5807899875 0.9451031046875 0.5766365703125 0.9578095781249999 0.578527490625 0.96016441875 0.5830341953125 0.9607187343750001 0.6638645999999999 0.8358601078125 0.6679606406249999 0.8314364703124999 0.672645021875 0.83028218125 0.6776781781250001 0.8294934187499999 0.7570604484375 0.91495805625 0.7662449484375 0.91814085 0.769814490625 0.9150603 0.771961184375 0.906320025 0.6713300015625 0.8027555453125
0 0.577559859375 0.9136746718750001 0.5727873437500001 0.9253476046875001 0.57414174375 0.9301776625 0.5787168953124999 0.9315616265625 0.6635064453124999 0.8006200515625 0.6690318765625001 0.7980733796874999 0.6736070140625 0.7994573453125 0.76441003125 0.8881745328124999 0.7679176734375 0.880481559375 0.7654892281250001 0.870357315625 0.6684828875 0.7721074625 0.6607488859374999 0.7787819796875 0.577559859375 0.9136746718750001
0 0.6548521546875 0.75365413125 0.572737184375 0.8938410140625 0.5736269890625 0.9046265671875 0.5799869156249999 0.9044702734375001 0.661281928125 0.7736561328125 0.6689751328125 0.7703495453125 0.674665134375 0.7736597781250001 0.766240728125 0.8601549234375 0.7696391515625 0.8550002203125 0.7692692671875 0.8466543453125001 0.669609453125 0.7471395390625 0.66440515 0.7458541624999999 0.6548521546875 0.75365413125
0 0.6691504671875 0.8304096187500001 0.6469066953125 0.8620484296875001 0.5798331328125 0.973385421875 0.591980359375 0.972599375 0.669487546875 0.857669325 0.676127815625 0.8570488921875 0.6842936 0.8633326765625 0.7621095578125 0.9452610781249999 0.7663424609375 0.9424967375 0.769255215625 0.9353171953125001 0.7657330124999999 0.9312470421875 0.6927725546875 0.8502385218749999 0.6798328625 0.836299015625 0.6691504671875 0.8304096187500001
0 0.574392034375 0.9327697468749999 0.4617728078125 0.8306637453124999 0.4584494015625 0.8328653312500001 0.4232134109375 0.8808267390625 0.356804628125 0.991239715625 0.35692948593749996 0.99275313125 0.3689872390625 0.9925426625 0.45525773437500006 0.8598376468750001 0.46249948906249994 0.854921034375 0.4709113828125 0.860325875 0.5736208484375 0.9543204281250001 0.5765059203125 0.9429432828125 0.574392034375 0.9327697468749999
0 0.3662587234375 0.9397552203125 0.3553688421875 0.960646790625 0.3552303546875 0.9721575687499999 0.35927902500000003 0.9748846359375 0.3649821453125 0.9706293359375 0.4523698234375 0.8325575015625001 0.46030919375 0.82837195625 0.4665940828125 0.831168765625 0.5713621046874999 0.9269416859374999 0.57466443125 0.91675973125 0.5755870468750001 0.9086314906249999 0.4578451125 0.7985042390625 0.3662587234375 0.9397552203125
0 0.5710372078125 0.973213803125 0.57269823125 0.9624486703124999 0.48545164375 0.878216475 0.46473570937500003 0.8549907937500001 0.45546307343750003 0.8623266218750001 0.4401530453125 0.8853153593749999 0.36932694375 0.9925367328125001 0.38150341875 0.992324190625 0.45426805937500003 0.8864648765625001 0.4569281046875 0.8839470640625 0.4632945859375 0.8800079937499999 0.46864232968749997 0.8791699312500001 0.5686917453125 0.9756823171875 0.5710372078125 0.973213803125
0 0.47390850625000003 0.885067746875 0.4637118390625 0.8812031796875001 0.45521178124999995 0.8863169843750001 0.384498471875 0.9922719125 0.40479776875000006 0.9919175875 0.4590776046875 0.9138640828125 0.46600480781250003 0.9089967640625 0.47236471562500004 0.9088404546875 0.5438062 0.9791620218749999 0.5648826390624999 0.97585906875 0.47390850625000003 0.885067746875
0 0.3393863515625 0.9679160687499999 0.3377923875 0.9601821906250001 0.20465741093749998 0.8604508937500001 0.1931827234375 0.868131821875 0.1217905390625 0.9968574968749999 0.14174372500000001 0.9965092125 0.19743157656250002 0.896459265625 0.20498791718749998 0.8914933546875 0.21253768437499998 0.89031020625 0.3314404390625 0.975884375 0.33552987500000003 0.97524350625 0.3393863515625 0.9679160687499999
0 0.332353646875 0.932881609375 0.331600734375 0.92375536875 0.195703071875 0.82529739375 0.19129247656249998 0.829770328125 0.1311409359375 0.938782534375 0.10513026562500001 0.986558771875 0.1035661234375 0.9971756046875001 0.1177463375 0.9969280875000001 0.19253248125 0.8602500687499999 0.20005459375 0.8548693249999999 0.2056419015625 0.8569350734375 0.2189777671875 0.8640893999999999 0.3293659015625 0.9430142671875 0.332353646875 0.932881609375
0 0.168669534375 0.9960392203125 0.2106253953125 0.9250656984375001 0.21825018125 0.9209294343750001 0.223249115625 0.9197258500000001 0.3220446671875 0.9933620484375 0.3444897578125 0.9929702671875 0.3439971296875 0.9890435125 0.2118401 0.8895791546874999 0.20533015156249998 0.895641659375 0.19502562968749998 0.913644028125 0.1493813890625 0.996375896875 0.168669534375 0.9960392203125
0 0.21444387968749998 0.9597634765624999 0.21853988906250002 0.95533984375 0.22654770468750002 0.9519839453125 0.23433703437500003 0.953704596875 0.2842776703125 0.9940212734375 0.3086201859375 0.9935963734375 0.2343356171875 0.9343759625000001 0.223139903125 0.9222641203125 0.217368334375 0.92568975625 0.1757401171875 0.995915803125 0.1923968015625 0.9956250593749999 0.21444387968749998 0.9597634765624999