0 0.41404615156249996 0.790313209375 0.2629233703125 0.5712984515625 0.2367531890625 0.548495275 0.05483421875 0.779348515625 0.0630037765625 0.8017583625 0.0773736890625 0.8025476125000001 0.19332430625000002 0.6536335953125 0.22933501562499997 0.616981003125 0.249365284375 0.6231745390625 0.39117624218749997 0.8188567875 0.40111490781250003 0.8231400203125 0.41556602031249995 0.804023178125 0.41404615156249996 0.790313209375
0 0.418364146875 0.7326377796875 0.28932203749999996 0.5439409078125 0.23805220624999998 0.48172404999999996 0.057581368749999993 0.70875409375 0.0656489703125 0.7327458921875001 0.0794732390625 0.732678325 0.22565714531249997 0.5528469406250001 0.2450039453125 0.550999028125 0.25970048125 0.5653665609375 0.39684041406250004 0.758940115625 0.4079874375 0.7537974765625 0.41710481406250005 0.7428546296875 0.418364146875 0.7326377796875
0 0.42228943281250003 0.67173260625 0.2694579828125 0.43261422656250004 0.24656166875 0.4149519625 0.056952696875 0.6346007124999999 0.0584064765625 0.6586592140625 0.0740055 0.668346734375 0.23128544999999998 0.4841636859375 0.251228875 0.48238161562500004 0.265277809375 0.49747428437499996 0.39917974375 0.69467350625 0.41165783281249996 0.69684718125 0.4207752109375 0.6859043359375 0.42228943281250003 0.67173260625
0 0.249170996875 0.3371729125 0.0547739375 0.565852478125 0.058512248437500004 0.59175630625 0.07555940625 0.5976206296875 0.22890278125000002 0.41857935468749996 0.2450776703125 0.41000857812499997 0.26524576093749996 0.42338674374999996 0.4068376953125 0.63179045625 0.422466940625 0.622362859375 0.42831045 0.6062790984374999 0.249170996875 0.3371729125
0 0.25609219843750003 0.9290155515625 0.2636236171875 0.9147112734375 0.1320836 0.7647722406249999 0.0516939796875 0.8875513500000001 0.0535545234375 0.91949565625 0.126842359375 0.8088035421875001 0.1418598703125 0.8088676593749999 0.1988920140625 0.87490685 0.25609219843750003 0.9290155515625
0 0.24546437187499998 0.963394684375 0.25681153125 0.9458235828125 0.13280858125 0.8094619703125 0.053702190625 0.9220310140624999 0.05487567343750001 0.94217893125 0.0628979609375 0.9432467859375 0.13020871875 0.8498017609374999 0.143931028125 0.8513161468750001 0.24546437187499998 0.963394684375
0 0.068267559375 0.9438393703125 0.091535828125 0.946407240625 0.1382460984375 0.892908678125 0.1494799671875 0.8957416437499999 0.1972210390625 0.9567724671875 0.2311454375 0.96181445625 0.1384084953125 0.853096490625 0.068267559375 0.9438393703125
0 0.13186258906249998 0.9360173187499999 0.1415614796875 0.934697875 0.158389615625 0.9532836609374999 0.187027484375 0.956444115625 0.1351610328125 0.894161415625 0.0940563671875 0.944590684375 0.11901254531250001 0.9489380359374999 0.13186258906249998 0.9360173187499999
0 0.4310479765625 0.8248502078125 0.4359436671875 0.8421191406249999 0.449054246875 0.853125240625 0.6076954875 0.6571433890625 0.6340488203125 0.65845851875 0.7758956453125 0.8629073515625001 0.7886286234375001 0.86112614375 0.7951858203125 0.8339687171874999 0.621880415625 0.586218028125 0.4310479765625 0.8248502078125
0 0.625718853125 0.5173372453125 0.4350242390625 0.76315405625 0.4387776625 0.779500325 0.45492233281249994 0.7900446609375 0.6088925484375001 0.5919541171875 0.624674725 0.5801535890625 0.6424563296875 0.593268384375 0.7845580390625 0.7937623359375 0.799539684375 0.78505986875 0.8054341703125001 0.7681851328125 0.625718853125 0.5173372453125
0 0.8103790109375 0.691460428125 0.6304088046875 0.44456742499999996 0.442100678125 0.69064760625 0.443416634375 0.7075214796875 0.46085650312500004 0.71661555 0.6159689859374999 0.519447665625 0.6305937875 0.5162820359375 0.6441631671875 0.5201693484375001 0.7940209687500001 0.7215192546875 0.803770834375 0.7194088359374999 0.8116439906249999 0.70912528125 0.8103790109375 0.691460428125
0 0.6266950671875 0.3716667796875 0.441558853125 0.624469828125 0.4435582765625 0.6493851515625 0.463093878125 0.65393089375 0.6066156484375 0.4594668765625 0.624784315625 0.4479297203125 0.6466044515625 0.45432078750000005 0.7935962078125 0.6442019671875 0.8069258078124999 0.6424866031249999 0.8154616734375001 0.6219203578125 0.6266950671875 0.3716667796875
0 1 0.6464872671874999 0.9680176359375 0.5949432031249999 0.95956296875 0.5956033578125 0.7782708406250001 0.807407321875 0.7859457328125 0.8281693718750001 0.7978781765625 0.829486228125 0.942853728125 0.6590807171875 0.956540171875 0.65182851875 0.9757699078125001 0.6611201171875 1 0.7007008031249999 1 0.6464872671874999
0 1 0.5774220796875 0.9759153656249999 0.53766283125 0.9671189640625 0.5343022625 0.78961048125 0.743337378125 0.7989374171875 0.7571123265625 0.806663284375 0.7770834 0.9482630140625 0.6031189265625 0.96409616875 0.590527421875 0.9814850578125001 0.60041246875 1 0.6304922203125 1 0.5774220796875
0 1 0.50124928125 0.977912959375 0.469375496875 0.8053662546875 0.685331009375 0.806157325 0.7196722078125 0.8093802140624999 0.7256040984375 0.957114209375 0.5403675640625 0.9710045656249999 0.529951459375 0.992126121875 0.537858634375 1 0.5501212 1 0.50124928125
0 1 0.433599734375 0.9785134 0.40412038125 0.7990677625 0.6432126 0.801184253125 0.6569884109374999 0.8181804328125001 0.6636437109375 0.9714010937499999 0.4678602515625 0.9880045609374999 0.4712858 1 0.4860724328125 1 0.433599734375
0 0.1663444453125 0.16791519531250002 0.1682211578125 0.1760883296875 0.1730451140625 0.175824096875 0.2411960453125 0.097312146875 0.250894934375 0.095992703125 0.302476278125 0.1813454015625 0.318009215625 0.20138145624999998 0.3222006796875 0.192284796875 0.2500377796875 0.07200004374999999 0.1663444453125 0.16791519531250002
0 0.1677718234375 0.14576785781249998 0.1754259578125 0.1482057671875 0.24536675468750002 0.06989134687500001 0.25545835625 0.0718016515625 0.3028274765625 0.14792686875 0.321088634375 0.1722470171875 0.32691703437499997 0.1657208171875 0.25415750937500003 0.0453702203125 0.1729167546875 0.1312002078125 0.1677718234375 0.14576785781249998
0 0.41018361406250003 0.15101199062499998 0.47399380625000004 0.2703749453125 0.48041882812500003 0.2639145875 0.410162859375 0.13268785 0.3899645453125 0.1384248015625 0.3242869484375 0.22517572656249998 0.333221171875 0.2357209265625 0.39024019062500004 0.15279405937499999 0.41018361406250003 0.15101199062499998
0 0.4862113609375 0.2486218046875 0.48345291562500003 0.263452825 0.49025554062500004 0.2697797734375 0.5609968703125 0.188367290625 0.5723685609375 0.1983848875 0.611201815625 0.2950763515625 0.615633059375 0.2915823671875 0.57454549375 0.17393046406249998 0.5601397140625 0.1643746296875 0.4862113609375 0.2486218046875
0 0.4853542015625 0.22462914218750002 0.48533909218750004 0.23418670156250002 0.4923456265625 0.23734974375 0.557513446875 0.15850858125 0.5725819359375001 0.15778172343750002 0.634632478125 0.2578320328125 0.6371870140625 0.2461649171875 0.578323490625 0.143279915625 0.5652129125 0.132273815625 0.4853542015625 0.22462914218750002
0 0.63967256875 0.1493313703125 0.613218990625 0.1116681453125 0.5639631046875 0.059907196875 0.5356440625000001 0.10097985625000001 0.4879235546875 0.188600015625 0.4912325625 0.19534671406249998 0.502396490625 0.17979772656249998 0.5554667671875 0.08662279843750001 0.5679168765625 0.07877903281250001 0.57709325625 0.0885367765625 0.60724741875 0.1185724078125 0.61737555 0.13292588593750002 0.6327554046875 0.15707669062500002 0.63967256875 0.1493313703125
0 0.4881126453125 0.20979812187500002 0.49726589062500004 0.20762185625 0.5639838 0.123375546875 0.5764618890625 0.125549221875 0.6320156765625 0.21452672499999997 0.6386955875 0.2041114859375 0.5898934453125 0.12225190625 0.5695875312500001 0.101689109375 0.48773504375 0.1970108140625 0.4881126453125 0.20979812187500002
0 0.703145903125 0.20166495 0.7322292890625001 0.30046683281250003 0.7405971109375 0.291831075 0.7074034578124999 0.18221975625 0.7025794999999999 0.18248398906250002 0.62659128125 0.280046075 0.6301559046875 0.289998690625 0.63578039375 0.28663639375 0.635729415625 0.2874273703125 0.703145903125 0.20166495
0 0.6348458546875 0.2172288671875 0.6346778109375 0.22915935625 0.64103674375 0.23304753281249999 0.707209009375 0.14794440312499998 0.722670209375 0.150447290625 0.776943909375 0.2313175046875 0.78336893125 0.22485714687499997 0.7201100328125001 0.134232709375 0.7091820296875 0.1266538859375 0.6348458546875 0.2172288671875
0 0.635550078125 0.2435944578125 0.63359216875 0.25532741875 0.638757859375 0.25908390937500003 0.7079642125000001 0.1735190171875 0.7210389234375 0.1757585359375 0.7763378234375 0.26869092031249997 0.78102395625 0.26124205625 0.7274639453125 0.169298175 0.7105338546875 0.1522943421875 0.635550078125 0.2435944578125
0 0.6449412734375 0.153818215625 0.7030874500000001 0.08137156875 0.7150198953125 0.082688425 0.7770704375 0.182738734375 0.7837862171875 0.1810900765625 0.716534115625 0.0685166953125 0.7067993609375 0.061069556250000004 0.6407800296875 0.14379975625000002 0.6449412734375 0.153818215625
0 0.40926241250000006 0.103125446875 0.3261506609375 0.19730129999999999 0.3266111859375 0.2043024296875 0.333679565625 0.207802175 0.3927219890625 0.1369581421875 0.40320818125 0.126330090625 0.41157650312499994 0.130879859375 0.43967453437500004 0.1723585078125 0.4741641109375 0.22783875625 0.47902510468750004 0.219611784375 0.40926241250000006 0.103125446875
0 0.3262158546875 0.167996340625 0.3278466875 0.17452225 0.3314678984375 0.1749218828125 0.4023874125 0.0966251703125 0.4140073765625 0.09669879218750001 0.47312274531250004 0.1944832453125 0.48152760156249996 0.18785611875 0.47252256875 0.1684289140625 0.41902881093750005 0.082445784375 0.40942429843749995 0.07232022187500001 0.3262158546875 0.167996340625
0 0.6395543765625 0.140100575 0.6410551171875001 0.133411971875 0.568908434375 0.030199831249999996 0.5562297734375 0.033291321875 0.540776509375 0.0462397703125 0.4924398109375 0.1129929015625 0.4895486921875 0.1218915875 0.4889117609375 0.1234757640625 0.4954872078125 0.1265649515625 0.5476667765625 0.0555088671875 0.5539106 0.044380303125 0.5645255421875001 0.0401156515625 0.5654078265625 0.051321590625 0.5752558703124999 0.056190054687500005 0.632898821875 0.1410205421875 0.6395543765625 0.140100575
0 0.48193475 0.114739690625 0.42151184375 0.024910037500000003 0.40840330312499995 0.00600975625 0.3852923890625 0.0101326984375 0.32222430156250004 0.0935207625 0.3261249890625 0.0990846609375 0.38854579375 0.0197319 0.40492357968750003 0.017945946875 0.407309490625 0.0289894390625 0.41499893125 0.029838040625 0.4241410859375 0.0441938578125 0.47378539843749995 0.121027121875 0.478333359375 0.122555715625 0.48193475 0.114739690625
0 0.0989098484375 0.15274815625 0.045673275 0.2282641984375 0.0445465171875 0.23492245 0.044230846875 0.2398204140625 0.049040371875 0.24096778749999997 0.0893426609375 0.1785144265625 0.09680247187499999 0.1710135859375 0.0999364828125 0.17290095156250002 0.1505373 0.2429199171875 0.15442320781250002 0.2439653640625 0.1569551203125 0.23715388437499998 0.0989098484375 0.15274815625
0 0.09324174375 0.146881528125 0.098783440625 0.14749310468750002 0.1462422140625 0.20853291718750003 0.150449640625 0.20098144687500002 0.10336572343749999 0.13412530625000002 0.09860150625 0.12866672968749998 0.09401703593750001 0.131243790625 0.044382125 0.2049992109375 0.0450178359375 0.2167847671875 0.09324174375 0.146881528125
0 0.7774057015625 0.2052861375 0.7836566140625 0.20093869999999997 0.7643248671875 0.168221759375 0.7112663593749999 0.115591484375 0.7041515796875 0.1122876609375 0.637693184375 0.195984265625 0.637670159375 0.19634153125 0.636608440625 0.200182225 0.6409363203125 0.2046177125 0.7002986875 0.134170428125 0.703285990625 0.1341402984375 0.7107760015625 0.127410965625 0.7346172796875 0.14911178593750002 0.7580509281250001 0.172926459375 0.7774057015625 0.2052861375
0 0.643149309375 0.18291377343749998 0.6944596828125 0.1194936078125 0.7039742015625 0.1108288609375 0.715746040625 0.1092495453125 0.7611968578125 0.1578019859375 0.765692740625 0.1554197 0.7592849234375 0.145357584375 0.733817390625 0.115201753125 0.708142625 0.0882613046875 0.640829740625 0.1725832203125 0.643149309375 0.18291377343749998