0 0.3650802296875 0.7875098125 0.3683427359375 0.762454209375 0.20929553437499998 0.5511115249999999 0.19135174531250002 0.5393554078125 0.013027295312500001 0.7463332687500001 0.014026645312499999 0.8035859765625 0.1750392125 0.606984096875 0.2052174 0.6109837640625 0.3471364421875 0.79968360625 0.3650802296875 0.7875098125
0 0.34142705625 0.72469715625 0.352030203125 0.7289246421875 0.363448975 0.7190022390624999 0.363448975 0.6961600531250001 0.2052174 0.4684920265625 0.191351746875 0.46321478593750004 0.011703723437499999 0.6705058640625 0.0126353984375 0.7238814984374999 0.1701454515625 0.5385144921875 0.1880892390625 0.529603871875 0.20929553437499998 0.5391465703125 0.34142705625 0.72469715625
0 0.3699739890625 0.6612769703125 0.37242086875 0.6340554140625 0.20847990625 0.39775205156250004 0.01042664375 0.5973420296875 0.0112482671875 0.6444128328125001 0.193798625 0.4631863078125 0.2101111609375 0.46190873281249994 0.354477084375 0.6788609 0.3699739890625 0.6612769703125
0 0.3585552171875 0.6146377703125 0.3748677484375 0.5883425625 0.21500491875 0.334588165625 0.009177265625 0.5257651625 0.010017578125 0.5739066859374999 0.194614253125 0.3990011484375 0.2092955328125 0.3933916671875 0.2231611859375 0.40519524687499997 0.3585552171875 0.6146377703125
0 0.37486775 0.758027375 0.37976150937500003 0.779724884375 0.3928115375 0.7860993406250001 0.5200492999999999 0.5953546640625 0.54125559375 0.592932409375 0.6538120765625 0.749342290625 0.664415225 0.7481311625 0.6709402375 0.72847620625 0.52820556875 0.534347240625 0.37486775 0.758027375
0 0.37731462968749996 0.6959986781249999 0.37894588281249997 0.7188218796875 0.3944427890625 0.7229924140625 0.5135242859375 0.5432198921875 0.5347305812500001 0.532095853125 0.6578902078125 0.6916454984375 0.6644152234375 0.6893941109374999 0.6717558640625 0.670817384375 0.5257586859375001 0.479989559375 0.37731462968749996 0.6959986781249999
0 0.3699739890625 0.644961121875 0.37160524375000004 0.6590825390624999 0.3846552703125 0.66654471875 0.5200492984375 0.47679283906250003 0.5314680734375 0.4755722203125 0.6546277046875 0.630770971875 0.6668621015625 0.63171630625 0.669308984375 0.613196534375 0.5200492999999999 0.4224066796875 0.3699739890625 0.644961121875
0 0.37894588281249997 0.5861196515625 0.3944427890625 0.5935533562499999 0.524943059375 0.412560215625 0.5404399671875 0.41564302499999994 0.6627839703125 0.5697635484375 0.6733871171875 0.5500611265625001 0.524127434375 0.357095825 0.3756833765625 0.567666328125 0.37894588281249997 0.5861196515625
0 0.796546746875 0.5595049750000001 0.67420274375 0.71973645 0.66523085 0.745946225 0.66523085 0.7579111796875 0.67746525 0.765382853125 0.7737091984375 0.628297328125 0.7957311203125 0.6062865656249999 0.8095967734375 0.6115638078125001 0.8903438140625 0.757466665625 0.9033938421875 0.7562270625 0.9050250953125 0.73771678125 0.796546746875 0.5595049750000001
0 0.6717558640625 0.6849577859375 0.6717558640625 0.7001859109375 0.6799121296874999 0.709880490625 0.796546746875 0.55515408125 0.8095967734375 0.55282675625 0.8976844546875 0.7029950765625 0.9050250953125 0.7039973640625 0.907471975 0.6789512531249999 0.80144050625 0.5028864171875 0.6717558640625 0.6849577859375
0 0.6709402359375 0.651247859375 0.6807277578125001 0.6576602890625 0.7940998671874999 0.501884125 0.8063342671875 0.5006540140625 0.907471975 0.653933621875 0.9148126156249999 0.6342691687500001 0.80144050625 0.4517634265625 0.6684933562500001 0.6393113828125 0.6709402359375 0.651247859375
0 0.670124609375 0.583818515625 0.6774652484375 0.6022243765625 0.68725276875 0.6042859125 0.8006248796875 0.4550360875 0.8104123984375 0.4483958390625 0.8985000828124999 0.5887746484374999 0.9139969906250001 0.6049101375 0.923784509375 0.588480378125 0.8063342671875 0.40493437343750005 0.670124609375 0.583818515625
0 0.2598643859375 0.9007698468750001 0.27128315937499997 0.9017246734375 0.3422426828125 0.9868289453125 0.3683427375 0.987263096875 0.264758146875 0.8604671312500001 0.16769857187499998 0.98668491875 0.1921673734375 0.9893135 0.2598643859375 0.9007698468750001
0 0.2198986796875 0.9889907499999999 0.2623112671875 0.9442502953125 0.2745456671875 0.9484587984375 0.3055394828125 0.9861683906250001 0.3422426828125 0.987566859375 0.2745456671875 0.9027744249999999 0.25904876250000003 0.90513023125 0.192983 0.9863906468750001 0.2198986796875 0.9889907499999999
0 0.6358780796875 0.070667865625 0.5260668749999999 0.1608055484375 0.5234611859375 0.1682822140625 0.5320227359375 0.1731468 0.6325279078125 0.0920530296875 0.654862390625 0.10122512187499999 0.7118153203124999 0.2316178609375 0.718143425 0.22360145 0.661562734375 0.09121868749999999 0.639972734375 0.069627365625 0.6358780796875 0.070667865625
0 0.634088834375 0 0.6299222203125 0.0032237015624999995 0.4992654984375 0.1467212171875 0.504104634375 0.15560050625 0.6180104937500001 0.0296727359375 0.639228253125 0.0155259609375 0.6470453218750001 0.01692425 0.7002758375 0.0798468328125 0.718515665625 0.12431258593750001 0.7270772156249999 0.1167666046875 0.7092096296875 0.0762678953125 0.6444546703125 0 0.634088834375 0
0 0.6425784250000001 0.034351031250000004 0.6366225640625001 0.040873842187499995 0.5301615296875 0.12898684375 0.5297892890625 0.1384232078125 0.5357451515625 0.14182885 0.629177734375 0.060320971875 0.639228253125 0.060203998437499996 0.6585848046875 0.06295725625000001 0.71181531875 0.18197559531250002 0.7196323890625 0.17692039375 0.6656573906250001 0.053442912499999995 0.6425784250000001 0.034351031250000004
0 0.717398940625 0.225099384375 0.7069761812500001 0.23564556250000002 0.7066039421875 0.23713916406250002 0.7133042859375001 0.238054028125 0.7970585953125 0.16013374687499998 0.8059923875000001 0.1620154640625 0.82348773125 0.1687617625 0.87522928125 0.29077596875 0.8815573859375 0.2862345171875 0.82832686875 0.16026625781249998 0.8033866968750001 0.138217503125 0.7162822171875 0.2181624640625 0.717398940625 0.225099384375
0 0.8115760078124999 0.10784040937499999 0.7177711812500001 0.18835977343750002 0.7110708359375 0.20084832343749998 0.7177711812500001 0.2057345671875 0.8026422156249999 0.1287941359375 0.8115760078124999 0.1306758515625 0.832421525 0.1383760046875 0.87634600625 0.2450920890625 0.8845353171875001 0.23854328125 0.8394941109375 0.12935808437500002 0.8115760078124999 0.10784040937499999
0 0.79817531875 0.0752324765625 0.725216009375 0.13614874999999999 0.7214935953125 0.14512768125 0.72484376875 0.1490600703125 0.726332734375 0.147553475 0.7821689390625 0.10222558906250001 0.7966863515625 0.09808524843750001 0.8123204906250001 0.1068389 0.837632903125 0.128883321875 0.8480556625 0.15358315 0.8689011796875 0.17121175625 0.8789516953125001 0.1988944546875 0.8886299718749999 0.19332116562499999 0.8711346265625 0.14934316718750001 0.79817531875 0.0752324765625
0 1 0.24075291718749997 0.9958354875 0.229801584375 0.966800659375 0.2033326796875 0.8796961781249999 0.295191784375 0.886396525 0.3025601421875 0.9586113484375 0.228249125 0.9686618671874999 0.22565003906249997 0.9909963484375 0.236807821875 1 0.259794890625 1 0.24075291718749997
0 0.8321100484375 0.034898145312500004 0.82707279375 0.02399630625 0.742765046875 0.090740309375 0.7414394515625 0.0918164265625 0.74753718125 0.0977560359375 0.8063935343749999 0.053582743749999995 0.8138168578125 0.059153362499999994 0.8220355390625 0.063654034375 0.8395333703125001 0.1157777703125 0.8578265609375 0.1392536171875 0.8249518421875001 0.04947755625 0.8321100484375 0.034898145312500004