0 0.2073623546875 0.3087085515625 0.3331633140625 0.370947421875 0.353160084375 0.37611632031250003 0.36462530625 0.3645013265625 0.34694926718749997 0.3537035140625 0.3319300234375 0.3475659859375 0.330910740625 0.340321971875 0.0814668078125 0.218012934375 0.048863470312500004 0.22306323125 0.0016427453125000002 0.2823640046875 0.00190195625 0.32691860625 0.061922353124999996 0.253850840625 0.0801109390625 0.24998775312500002 0.0967893578125 0.255802403125 0.2073623546875 0.3087085515625
0 0.1205710546875 0.23467182968750003 0.3287284453125 0.3294213015625 0.33930701406249997 0.33059852031250003 0.3506908625 0.3228823375 0.3503141125 0.31454254062500003 0.051499121875 0.175954628125 0.025077010937499998 0.18174354375 0.0012492953125 0.214735621875 0.0015270578125 0.262478896875 0.030859296874999997 0.22138955 0.0427393125 0.2096938375 0.0600576234375 0.20794159375 0.1205710546875 0.23467182968750003
0 0.0736702578125 0.172610859375 0.2012957828125 0.2332003453125 0.3292737484375 0.2933976625 0.3431463609375 0.28519716562499997 0.34324675625 0.2770880953125 0.3216288515625 0.263821559375 0.045963596875 0.13108329999999999 0.0069729609375 0.1386708921875 0.000856521875 0.147223709375 0.0011540312500000001 0.1983610109375 0.0075119359375 0.1887211078125 0.022252179687500002 0.1719386546875 0.0513501125 0.16659976875 0.0736702578125 0.172610859375
0 0.062351924999999996 0.1376015640625 0.25694317187500004 0.22916654687500002 0.31876333749999997 0.255966075 0.332763296875 0.254859584375 0.3390639359375 0.24327887812500001 0.029643428125 0.08831066875 0.00054835 0.09425331406250001 0.000851203125 0.146309325 0.010185632812500001 0.13319198593749998 0.022046626562499998 0.12570653125 0.0360059 0.126549446875 0.062351924999999996 0.1376015640625
0 0.3371559171875 0.44685922656250004 0.34296303125 0.445729159375 0.3543875671875 0.43606357031250004 0.354363259375 0.42733160625 0.0677426859375 0.28507632968749996 0.0021051093749999998 0.36183745312500004 0.0024147015625 0.4150519265625 0.06359686718749999 0.34186266875000004 0.079917559375 0.3351272640625 0.09327498125 0.3351165546875 0.3371559171875 0.44685922656250004
0 0.3181769234375 0.5457954609375 0.33952111406249996 0.54908424375 0.3508620984375 0.539001315625 0.3489915609375 0.5296578843749999 0.08314028125 0.40504084218749997 0.0028521859375 0.4902491234375 0.0031194796875 0.5361930390625 0.07721012031249999 0.45937220312499993 0.09102038125 0.45086025625000004 0.1105806921875 0.45384902031249996 0.3181769234375 0.5457954609375
0 0.31687381875 0.5048442046875 0.326435746875 0.5052485203125 0.3359110125 0.496609421875 0.33516015625 0.4864009375 0.062254732812500005 0.356685009375 0.0024638640625 0.42350230624999996 0.0027391703125 0.4708235046875 0.0653855109375 0.4046129515625 0.08322165468750001 0.40114203125000003 0.109193571875 0.4103254625 0.31687381875 0.5048442046875
0 0.78462505625 0.315884 0.6031940031249999 0.1440929359375 0.5680651703125 0.14623865625000002 0.3302385609375 0.34080746875 0.332275921875 0.346183753125 0.3419460140625 0.35368267656249996 0.3534843734375 0.348911728125 0.5621581296875 0.179138325 0.5861840015625 0.1719373015625 0.60272208125 0.177738915625 0.7568991781250001 0.323805046875 0.7725334671875 0.325092175 0.78462505625 0.315884
0 0.6094557953125 0.10096418124999999 0.5733778046875 0.1007690265625 0.331412846875 0.29866874375 0.3368055453125 0.30880403749999996 0.35574686093749996 0.30980841406250004 0.5661315734375 0.1389804640625 0.5913605375000001 0.1329885078125 0.61603921875 0.1386491484375 0.76920058125 0.28924250625000003 0.7834927328125 0.28862603125 0.790844428125 0.282144228125 0.6094557953125 0.10096418124999999
0 0.612560728125 0.05886827812499999 0.5742155999999999 0.0569495265625 0.32959347656250004 0.2607782875 0.33715963437499996 0.26976903124999996 0.3541814234375 0.27078615156249997 0.5671779375 0.09620276875 0.5807053437499999 0.09176634375 0.6133855765625 0.09659147343749999 0.7686296687499999 0.25038750468750004 0.78745609375 0.253218225 0.7952461328125 0.24412553906249998 0.612560728125 0.05886827812499999
0 0.5691399640625 0.0099945109375 0.3237376125 0.22192707500000003 0.3362652640625 0.23169856718749998 0.3517363484375 0.2297702796875 0.5719908828125 0.0458369453125 0.6077937312499999 0.051858400000000006 0.7676869828124999 0.20727528281250002 0.785751609375 0.2135014265625 0.796292496875 0.2013478421875 0.59818676875 0.008671559375 0.5691399640625 0.0099945109375
0 0.37111654843749997 0.3721794953125 0.34008364375 0.38038329375 0.26971756406249997 0.34572972968750004 0.100485934375 0.2588775859375 0.086471871875 0.2608831328125 0.07754826249999999 0.269114021875 0.0730894046875 0.28044483593749997 0.08882031875 0.291815484375 0.36024573125 0.425888965625 0.5754463359375 0.2119105640625 0.5712567265625 0.2029843390625 0.5599451984375 0.1968872296875 0.54579209375 0.198198240625 0.37111654843749997 0.3721794953125
0 0.3870855 0.4567456609375 0.360816646875 0.46474396562500003 0.339862128125 0.46088418437499995 0.1276061578125 0.353540815625 0.10871315781249999 0.357578196875 0.09979249375 0.37302445624999997 0.118253046875 0.3860286984375 0.3737601875 0.5029952359375 0.3996996921875 0.4813507265625 0.5798103546875 0.30811578125 0.57626765625 0.2976204765625 0.5604701671875 0.29311793124999996 0.550851334375 0.2978761390625 0.3870855 0.4567456609375
0 0.783069665625 0.4713294890625 0.582581828125 0.3555624828125 0.38233265625 0.5410147265624999 0.3885808359375 0.5506227453125 0.40370725625 0.5541734890625001 0.5631079125 0.40950293125000004 0.5777659390625 0.3987129328125 0.5927050015625001 0.3965273828125 0.6067461671875 0.40425808593749996 0.770104334375 0.4929748015625 0.7849921375 0.4785321171875 0.783069665625 0.4713294890625
0 0.5857987046875001 0.30442486562500004 0.3829860421875 0.49867429999999996 0.381994465625 0.505722409375 0.3926590828125 0.5133885953124999 0.40542468749999994 0.51234759375 0.57175990625 0.35911162343749997 0.5906741156249999 0.35037975 0.6064716046874999 0.35488229531250004 0.7724474671875 0.45427431875 0.7871538078125 0.4485260828125 0.7911260078125 0.43476438906250003 0.5857987046875001 0.30442486562500004
0 0.551867646875 0.23814682031249998 0.358419884375 0.42876985625 0.354399371875 0.4374897890625 0.3434413515625 0.4475597640625 0.3522559640625 0.45558596093750003 0.3699941890625 0.455381271875 0.4612858984375 0.3665388140625 0.534406934375 0.29494267343749997 0.557692215625 0.286442578125 0.578970190625 0.2895178203125 0.744531865625 0.3940416078125 0.762684275 0.38870515625 0.7716986171875 0.37612704531249996 0.551867646875 0.23814682031249998
0 0.2390456984375 0.709375809375 0.22403270000000003 0.716223459375 0.055775568750000004 0.8073345968750001 0.058332375000000006 0.8235884625000001 0.2267912484375 0.7334850296875 0.2436682109375 0.73072425 0.26569853125 0.7345511109375 0.397541959375 0.832436065625 0.41207026718749995 0.8301323328124999 0.41651325781250004 0.8227242 0.26505184531250003 0.71216723125 0.2390456984375 0.709375809375
0 0.42549797656250005 0.8031773859375001 0.2676419859375 0.6867977984375 0.23338370937500003 0.6898000984375 0.052060890625 0.790520828125 0.05485235000000001 0.8062055499999999 0.2321839578125 0.709925884375 0.24488335156250002 0.7071928359374999 0.265503625 0.709200165625 0.27510211562500003 0.713614078125 0.3893582125 0.800264040625 0.40790167187500004 0.8110512296874999 0.419612025 0.8103428359375 0.42549797656250005 0.8031773859375001
0 0.2442435 0.6604657171875 0.0481598578125 0.7692937296875 0.0508679703125 0.7863033749999999 0.24264240468749998 0.683810496875 0.267271415625 0.6832055375 0.28165269375 0.690614834375 0.41020886250000005 0.79123341875 0.427136259375 0.7887245640625 0.4304389046875 0.7825853078125 0.27276499374999996 0.66015024375 0.2442435 0.6604657171875
0 0.250272203125 0.633118434375 0.15395735625 0.6848407 0.0437390875 0.7489529953125 0.0468660671875 0.764572425 0.24732901875 0.6567243828125 0.2616555875 0.6534129453124999 0.2742233390625 0.6569873 0.41380556718749995 0.7656681062499999 0.42791500937500004 0.7647545906250001 0.43420443906250006 0.7596045515625 0.28287039375 0.6322713734375001 0.250272203125 0.633118434375
0 0.2282427578125 0.754665325 0.06668708906250001 0.8635794453125 0.0706889921875 0.885310396875 0.215003540625 0.7912680078125 0.2372992890625 0.7877144703125001 0.254228821875 0.7904400171875 0.3979582671875 0.8658578968749999 0.4159251390625 0.8615763125000001 0.41988130312500005 0.85347769375 0.2386285484375 0.7560468796875 0.2282427578125 0.754665325
0 0.2456693890625 0.824299825 0.081817640625 0.9391573234375 0.0847604046875 0.9555978234375001 0.096420321875 0.9546375046875 0.21086018125 0.8750461921875001 0.23974369218749997 0.857385365625 0.264708228125 0.8567151140625 0.40913735156250003 0.9199567484375001 0.4291677890625 0.9155353375 0.43245290937499997 0.9075673046875 0.2456693890625 0.824299825
0 0.234586478125 0.8002824671875001 0.2229308375 0.8117115921875 0.075329028125 0.9084876140624999 0.0784538703125 0.9188726375 0.094308878125 0.9197133609374999 0.2348318203125 0.8258853390625 0.25164082187500003 0.8210438546875001 0.27066683281250004 0.8220527234375 0.4117099640625 0.8927585390624999 0.4237558390625 0.8919848531250001 0.435479440625 0.8826364296874999 0.431887434375 0.8786241 0.2527354296875 0.789945409375 0.234586478125 0.8002824671875001
0 0.7602666234375001 0.63143084375 0.73701731875 0.6369006296874999 0.658378521875 0.696955628125 0.5736031796875001 0.76828973125 0.57897909375 0.7741769625 0.5889177921875001 0.7735035046875 0.7284408734375 0.659054615625 0.744780128125 0.650517375 0.7629201 0.6488782515625 0.8976066390625 0.7115416156250001 0.9111997828125 0.706059996875 0.9082874421874999 0.6978024296875 0.7602666234375001 0.63143084375
0 0.7293100890625 0.610982065625 0.5715966031249999 0.7519770515624999 0.5721642499999999 0.75690905 0.579921909375 0.757920640625 0.7353169515625 0.6284072093749999 0.750203896875 0.6251950515625 0.899576671875 0.687836853125 0.9127472984375 0.6865344609374999 0.9153904796875001 0.6787715546875 0.75712475 0.6052541671875 0.7293100890625 0.610982065625
0 0.755862853125 0.582178340625 0.7323706421875 0.5864347796875 0.567749678125 0.7306648890624999 0.5727823265625 0.736934075 0.5784989296874999 0.7361367750000001 0.7328034546875 0.6074658687500001 0.7457100703124999 0.602748159375 0.755265875 0.604355290625 0.9023968859375 0.6683788015625 0.9130010093750001 0.6647394656250001 0.917099075 0.65795405625 0.755862853125 0.582178340625
0 0.7555489203125 0.555451346875 0.730358915625 0.5575169468750001 0.6518045203125 0.6263798328125 0.56273040625 0.7076899421875 0.5642882171875 0.713374715625 0.576489778125 0.7135215171875 0.73444875 0.5800424546875 0.7512552953125 0.5780325093750001 0.7679033328125 0.58361710625 0.89749906875 0.6460105265625 0.9120612749999999 0.6390797140625 0.9138964749999999 0.6314740421875 0.7555489203125 0.555451346875
0 0.8923171953125 0.7689835 0.7982541515625 0.7037724062499999 0.76289334375 0.6822897765625 0.569900878125 0.8043074421874999 0.5727921171875 0.8103630390625 0.5870743625 0.81042009375 0.73953545625 0.7186657796875 0.750018125 0.714419771875 0.76381455 0.712050134375 0.7736739953125 0.715173946875 0.8710085937500001 0.7778574703125 0.8862388031249999 0.774263359375 0.8923171953125 0.7689835
0 0.8651937046875 0.8347713015625 0.731270371875 0.7612441828125001 0.5493071203125 0.881745865625 0.552037278125 0.8890934265625001 0.5604418375 0.8912397421874999 0.5716321359375 0.8884317984375001 0.7098109859374999 0.796620428125 0.726979321875 0.7901279234375 0.7449793125 0.7919827359375 0.8438454765625 0.8455439078125 0.8589542281250001 0.841343121875 0.8651937046875 0.8347713015625
0 0.8696880359374999 0.8089995390625001 0.737135184375 0.7276420296875 0.5484070125 0.8541874796875 0.5495582609375 0.8536482937500001 0.5514804343749999 0.8611530859375 0.565762678125 0.861210140625 0.7166659640625 0.7637710515625 0.7321787093750001 0.75949165 0.7483198265625 0.7604475828124999 0.8438959078125 0.8206369296875 0.862540225 0.81732389375 0.8696880359374999 0.8089995390625001
0 1 0.6680999484375 0.8984123953125 0.7309573281249999 0.8831487078125001 0.732350596875 0.773275384375 0.6556395562499999 0.7611458125 0.657999975 0.756965103125 0.6685912453125 0.8824111515625 0.758042315625 0.9205732 0.7367379359374999 1 0.6867902421875 1 0.6680999484375
0 1 0.703114159375 0.8964459171874999 0.7672967171875 0.8818930093749999 0.7764369125 0.865659471875 0.779280553125 0.7605612328125 0.7117333921875 0.7460057484375 0.7145658953125 0.7403081984375001 0.72387529375 0.8655482234375 0.8039041625 1 0.7197917015625 1 0.703114159375