0 0.155435646875 0.1771645578125 0.006099759375 0.2796886265625 0.0058836546875 0.28764935 0.0017816890625000001 0.31157678906249997 0.139790128125 0.2201480015625 0.155752578125 0.217124809375 0.1733054625 0.222864465625 0.31753834062499997 0.35035051250000004 0.33060874687499997 0.348762009375 0.33730414531249997 0.3387543671875 0.155435646875 0.1771645578125
0 0.16007504374999998 0.130208453125 0.012159325 0.23221854375 0.01089370625 0.24019411875 0.00807324375 0.26519100624999997 0.14895380625000001 0.1748876921875 0.158588034375 0.17369036875 0.1757921515625 0.17685690468749998 0.32409365625 0.30960789218749996 0.3342068234375 0.309963940625 0.3436642015625 0.2995413828125 0.16007504374999998 0.130208453125
0 0.3495219265625 0.2536525265625 0.16121334375000002 0.0841533984375 0.018394534375 0.1833725140625 0.0168165234375 0.19379533437500002 0.013366973437499999 0.2208187796875 0.14989679218750002 0.1303622703125 0.1594659859375 0.12967485625 0.1774744171875 0.131845375 0.33038863281249997 0.2709047328125 0.34432849062500004 0.26781033125000003 0.3495219265625 0.2536525265625
0 0.028061864062500004 0.129118809375 0.025083985937499997 0.137235778125 0.0200708171875 0.1683015 0.159646296875 0.0805130796875 0.18163493125000002 0.0833358828125 0.32959265625 0.22939110468749999 0.34070550312500003 0.227221509375 0.35225055625 0.2163602734375 0.1665920765625 0.036711159375 0.028061864062500004 0.129118809375
0 0.067743865625 0.08623232812500001 0.0682116453125 0.092254065625 0.0752353375 0.095164509375 0.17078698750000001 0.0335470546875 0.18211915625 0.035810240625 0.26033081875 0.10727370624999999 0.2657925609375 0.10586810625000001 0.2717280828125 0.1007507234375 0.1740142453125 0.0110236984375 0.067743865625 0.08623232812500001
0 0.1561347390625 0 0.06854565 0.0650594921875 0.07009654843749999 0.0692116875 0.07266428593749999 0.07116629062499999 0.07982335 0.07301624375 0.17357611875 0.0089386046875 0.180984225 0.01159626875 0.264568234375 0.085113109375 0.272662778125 0.0768759375 0.18721943125 0 0.1561347390625 0
0 0.1232035703125 0 0.0662662734375 0.0440429671875 0.0665613203125 0.047249162500000004 0.0752823609375 0.05341520625 0.14745045625 0 0.1232035703125 0
0 0.1953389828125 0 0.2635764390625 0.05977802812500001 0.2703727734375 0.058952025 0.27363905625 0.0526754 0.213311609375 0 0.1953389828125 0
0 0.380842471875 0.0425822828125 0.27300111875 0.10891031874999998 0.2714178390625 0.11356504999999999 0.273748640625 0.117375571875 0.2802404078125 0.1189357234375 0.37192614062499996 0.06277481562500001 0.3813578953125 0.06337319687500001 0.4490426765625 0.1400587453125 0.4568907453125 0.1392697578125 0.46254338749999996 0.13360977031250001 0.380842471875 0.0425822828125
0 0.3872587828125 0.0199048703125 0.27853397343749997 0.08790404375000001 0.2773143609375 0.092200934375 0.28543576875 0.0975469125 0.3767032140625 0.041903909375 0.3817128546875 0.0412813390625 0.3900928734375 0.041842690625 0.45784534218750006 0.11799797812499999 0.46295648749999996 0.1165800140625 0.4679418046875 0.11063019999999998 0.3872587828125 0.0199048703125
0 0.38595915937499997 0 0.2782068875 0.068128825 0.2802031875 0.072328828125 0.286740934375 0.0762874421875 0.385912 0.016661646874999998 0.39437186875 0.019356340625 0.4657993359375 0.0943094109375 0.47115954843749996 0.093699171875 0.47519465624999996 0.0869169828125 0.393238909375 0 0.38595915937499997 0
0 0.3548758828125 0 0.28534043124999997 0.0458779296875 0.28546623125 0.0504097578125 0.293473971875 0.053887501562499995 0.38135044375 0 0.3548758828125 0
0 0.40263307499999995 0 0.4702137046875 0.0707625625 0.4776096734375 0.0707566390625 0.48094364531249995 0.0639497515625 0.42052752968749996 0 0.40263307499999995 0
0 0.7366321953125 0.41009265 0.7419079546875 0.40028109843750004 0.611769484375 0.24008949531249998 0.60305635625 0.2363054328125 0.3771215390625 0.36846355937499997 0.376737265625 0.37481950468749997 0.37939709062500004 0.3809984484375 0.39440427499999997 0.3850040984375 0.5695704828125 0.28250494375 0.5815113796875 0.279013346875 0.5924382078125 0.2789633875 0.6072046359375001 0.28035258750000003 0.7166254359375 0.41373493281249996 0.7366321953125 0.41009265
0 0.7605013031250001 0.3626852234375 0.62218221875 0.190035009375 0.387818409375 0.32719941406249997 0.3882236078125 0.33436542187499996 0.3937443484375 0.3406450875 0.4094894375 0.34337275625 0.596411028125 0.23433280625 0.607448328125 0.23341739218750002 0.62049814375 0.23474615468749999 0.74025796875 0.37718581093750003 0.7539154328125 0.37375468437500003 0.7605013031250001 0.3626852234375
0 0.7731674421875 0.317491378125 0.6374685265625 0.1423254046875 0.40087946093750004 0.2795671171875 0.4015723953125 0.28832628437499996 0.4086992328125 0.29553181875 0.41861196874999995 0.2989234578125 0.6198184328125 0.1860398078125 0.635729259375 0.1874692859375 0.7465549640625 0.3278557359375 0.7557850765625 0.3320926703125 0.767966728125 0.33121754531250003 0.7731674421875 0.317491378125
0 0.7868914921875 0.29102535937499996 0.7931260859375 0.278204915625 0.6575532671875 0.0930460890625 0.414916934375 0.22881237968749998 0.412371834375 0.23524274531249997 0.41722973281250003 0.24671506718749997 0.4338231828125 0.2472992609375 0.6279070890625 0.140684784375 0.6386483515625 0.13758564375 0.6542277109375 0.141611440625 0.7661269984375 0.291598296875 0.775301825 0.29626795625 0.7868914921875 0.29102535937499996
0 0.0173720625 0.6384092265625 0.021536776562500002 0.6441408953125001 0.0353386125 0.6507816859375 0.193275871875 0.5611466625 0.2164500953125 0.5623728765625 0.3411665890625 0.66072815625 0.3489893734375 0.658951925 0.35862248124999996 0.6514949140625 0.21126395781250001 0.5264919953125 0.0173720625 0.6384092265625
0 0.21498091718749998 0.48887293437499996 0.0214274171875 0.6009039125 0.0199752359375 0.6096186046875001 0.0235998375 0.6109771921875 0.03344549375 0.6146064265625 0.203578865625 0.522938825 0.22173536249999998 0.52521934375 0.3442056359375 0.62841944375 0.359363209375 0.6244395015624999 0.3616949734375 0.6146737953125 0.21498091718749998 0.48887293437499996
0 0.3702397859375 0.5817382921875 0.2155612203125 0.450322803125 0.0215566765625 0.5654749671875 0.0236921515625 0.5719995578125 0.029216637499999996 0.5754766609375 0.0424596203125 0.5779945078125001 0.19898505 0.48666849218749997 0.209717125 0.48335340000000004 0.2229600859375 0.48587125468750003 0.35424791093749997 0.5922540546875 0.3643877546875 0.5893284359375001 0.3702397859375 0.5817382921875
0 0.3709097140625 0.5509874984375001 0.372980715625 0.5432642375000001 0.220879884375 0.40865689375 0.0298451125 0.5237978296875 0.02847068125 0.5303146171875001 0.0354070171875 0.5354827375 0.047673996875 0.5371455765625 0.20484385 0.44502158593749996 0.21186573437499998 0.44526880156250004 0.22747789687500003 0.44622877812499995 0.3515873609375 0.5535898359375 0.361153575 0.5551576046875 0.3709097140625 0.5509874984375001
0 0.37006032499999997 0.6574698890625 0.3694294375 0.6645954296875 0.382255246875 0.6703812124999999 0.544793153125 0.5829597859375 0.5581925 0.58425219375 0.6611988296875 0.6826637671875 0.67393505625 0.68065020625 0.6787589609375 0.6726135656250001 0.555986584375 0.5505278609375 0.37006032499999997 0.6574698890625
0 0.377242484375 0.6184137109375001 0.3753069328125 0.62705245 0.3853277375 0.6335601265624999 0.5521868546875 0.5462908328125 0.5687749546875 0.548105821875 0.667739534375 0.648426725 0.68237566875 0.648531696875 0.6885406546875 0.6384906109374999 0.56766800625 0.5185234328125 0.377242484375 0.6184137109375001
0 0.3852746546875 0.5899067796875 0.387755803125 0.5975369984375 0.40068590156250006 0.60250580625 0.5692175703125 0.514885059375 0.5831571390625 0.5161964828125 0.6839172484375 0.6194528859374999 0.6991457515625 0.6191683796875 0.70440541875 0.61196769375 0.5831639046875 0.4821397296875 0.3852746546875 0.5899067796875
0 0.59393615 0.4402554875 0.395091115625 0.5531579421874999 0.3986697734375 0.563043609375 0.4119649234375 0.565152978125 0.570669609375 0.47800693125000004 0.5817854328125 0.475936328125 0.5963360703125 0.480962171875 0.6940117109374999 0.5828790171875 0.7083871312500001 0.5850264171874999 0.718176625 0.576343934375 0.59393615 0.4402554875
0 0.6422499953125 0.4851242453125 0.6465296671874999 0.48887336562500006 0.696907403125 0.459520434375 0.70287431875 0.45937066406250004 0.761293546875 0.5161237578125 0.7671754749999999 0.5129123250000001 0.703413115625 0.44769468906250004 0.6391813890625 0.48260679843750004 0.6422499953125 0.4851242453125
0 0.6296825984375001 0.4740182796875 0.63356813125 0.47672209218750006 0.6384668921875 0.48121269062499994 0.7012503953125 0.44599925 0.7063696203125 0.4468991578125 0.7618698734375 0.50229004375 0.766820809375 0.5026442671875 0.7698376921875 0.49951186875 0.705073996875 0.43281960937499997 0.6296825984375001 0.4740182796875
0 0.621338915625 0.4664414984375 0.6241299953125 0.4686531484375 0.6275080078124999 0.472010678125 0.7024833421875 0.4307492546875 0.7091150953125 0.4309827359375 0.7649143359374999 0.48962274062500005 0.7689407484374999 0.489764496875 0.77043688125 0.4854990359375 0.7081641859375 0.41979408124999995 0.621338915625 0.4664414984375
0 0.7149999703125001 0.412837853125 0.7086801203124999 0.40829721562500004 0.6155214015625 0.45919642187500004 0.6169002875 0.4619214171875 0.6199728546875 0.465807953125 0.7051537546875 0.4191483234375 0.7114947203125 0.41793219062500003 0.7667892125 0.474935125 0.7718169421875001 0.47655150625 0.774665571875 0.47287343281250005 0.722626571875 0.4183241015625 0.7149999703125001 0.412837853125
0 0.775334696875 0.5153220078125 0.778872759375 0.5174257109375 0.8683626453125 0.4705579328125 0.8752394406249999 0.4725992671875 0.9226868890625 0.527706634375 0.928759928125 0.5248617640625 0.8754188562499999 0.4600110203125 0.7753923109375 0.51216459375 0.775334696875 0.5153220078125
0 0.7824947734375 0.5039614078125 0.7843520390625 0.5061858546875 0.8729320671874999 0.4571269765625 0.8789757953124999 0.45823936718749997 0.929502246875 0.51345514375 0.9342456531250001 0.5098437765625 0.8779023671875 0.44614678750000003 0.7818903515625 0.5012412875 0.7824947734375 0.5039614078125
0 0.7851194687499999 0.49271870624999997 0.788894375 0.494830740625 0.878344990625 0.444543065625 0.8824171328125001 0.44432658125 0.93718399375 0.4998715640625 0.9419731499999999 0.4959019578125 0.881939946875 0.4331546015625 0.7849736109375 0.4899245234375 0.7851194687499999 0.49271870624999997
0 0.7365446921875 0.6370705078125 0.7399922578125 0.639825665625 0.8244684265625001 0.595631225 0.8298570640625 0.5955815015625 0.8745778828124999 0.644563940625 0.8810228890625 0.6411993296875 0.8285830484375 0.5857198453125 0.73541566875 0.633596421875 0.7365446921875 0.6370705078125
0 0.8266809984375 0.5832585390625 0.836421446875 0.5838409015625 0.88051190625 0.6328011375 0.8858896062499999 0.6303566953125 0.83343888125 0.5724824749999999 0.7442262875 0.6215382859374999 0.7464544375 0.6264054203125 0.8266809984375 0.5832585390625
0 0.7436130828125 0.6114604609375001 0.746460703125 0.6139550578125 0.8274393718749999 0.56987691875 0.83358008125 0.5688959312499999 0.8833244375 0.6206890125 0.8878174484375 0.6177345453124999 0.8341363749999999 0.559577584375 0.743337859375 0.6083530671874999 0.7436130828125 0.6114604609375001
0 0.746892946875 0.5981676140625 0.7510013296875 0.6007065984375 0.8341254375 0.5571828609375 0.8419138937499999 0.55817536875 0.886258678125 0.6076234375 0.8904669343749999 0.6044195171875 0.8383922203124999 0.5460796625000001 0.747379778125 0.5943538203125 0.746892946875 0.5981676140625
0 0.8654149953125 0.056495423437500004 0.8663187406249999 0.0585005640625 0.8686656359375 0.0605565140625 0.9369823765625 0.018232984375 0.9495627437499999 0.0241573484375 0.98234209375 0.07398676875 0.9864007750000001 0.0717178234375 0.952168275 0.01964465625 0.93986651875 0.01153750625 0.8654149953125 0.056495423437500004
0 0.9447976734375001 0 0.8696565859375 0.043708507812500005 0.870821103125 0.045942090625 0.8747225984375 0.047175732812499996 0.94497611875 0.0055781625 0.9559361796875001 0.0105684546875 0.9857435328124999 0.054154003125 0.9905845187500001 0.052570365625000004 0.9603949390625001 0.007436553125 0.9473717328125 0 0.9447976734375001 0