0 0.18098634062500002 0.3701871 0.23061696406249999 0.3026894515625 0.24583702187499998 0.30092480781250003 0.256755759375 0.3066599015625 0.287195875 0.3419527890625 0.3738840296875 0.446066809375 0.3848027671875 0.4368024265625 0.385464509375 0.4266557203125 0.3024159328125 0.32915911875 0.2385578625 0.2554852140625 0.212088196875 0.29254274687500004 0.1796628578125 0.3384235015625 0.1148121765625 0.44297868124999995 0.11712827031249999 0.45444887031250003 0.12573091249999999 0.4593016421875 0.18098634062500002 0.3701871
0 0.1472375171875 0.3652813890625 0.19455204375 0.296019096875 0.22863173906249998 0.24969718125 0.24583702187499998 0.248814859375 0.2630423046875 0.267343625 0.3040702875 0.3185183125 0.3699135796875 0.4010154375 0.380501446875 0.400133115625 0.3821558 0.38336899375 0.3576713609375 0.3485172671875 0.238888734375 0.20469874843750002 0.2077868765625 0.24352092656250002 0.166097153125 0.3013130296875 0.1088565 0.3886629265625 0.111172596875 0.400627215625 0.1207678515625 0.402833021875 0.1472375171875 0.3652813890625
0 0.2256539015625 0.203375265625 0.24120483125 0.20425758906249997 0.25708662968749996 0.2161689375 0.36925183906250003 0.364840228125 0.379508834375 0.364840228125 0.384471896875 0.34984075 0.23558002656250002 0.15881799531250002 0.204147296875 0.1971990109375 0.101246471875 0.3454291390625 0.106871275 0.35998745625 0.1144813046875 0.3604286171875 0.2256539015625 0.203375265625
0 0.1105108546875 0.3035188359375 0.20547078124999998 0.1746997953125 0.230947834375 0.1482301296875 0.2471605046875 0.1526417390625 0.2650275296875 0.1702881828125 0.37289141875 0.3264592125 0.379508834375 0.3224887625 0.384471896875 0.3070481234375 0.2415357015625 0.10808446875 0.206132521875 0.1438185171875 0.14955361250000002 0.21837474375000002 0.0979377640625 0.28896051875 0.09628340937499999 0.291166325 0.102900825 0.301754190625 0.1105108546875 0.3035188359375
0 0.51583339375 0.2959362890625 0.5302191859375001 0.2959362890625 0.5441939546875 0.30744492343749996 0.642017340625 0.4340398921875 0.6518818828125 0.42198322812500005 0.526108959375 0.2537379671875 0.52240975625 0.2548340265625 0.3970478546875 0.42801155937499996 0.39910296875 0.4389721640625 0.4089675125 0.4466445859375 0.51583339375 0.2959362890625
0 0.5199436203125 0.15125632656250002 0.536384525 0.1457760234375 0.5552915656249999 0.1600248078125 0.5783088328125 0.1978388890625 0.6074914390624999 0.2531899359375 0.647360634375 0.3184055265625 0.6568141546875 0.32004961718749997 0.6609243796875 0.3068968921875 0.6190000734375001 0.2329128203125 0.57419860625 0.1583807171875 0.5409057734375 0.1063178515625 0.5039137375 0.1424878421875 0.4496587515625 0.20551131250000002 0.395403765625 0.27291902343749996 0.3982809234375 0.289359928125 0.4052683078125 0.2904559890625 0.5199436203125 0.15125632656250002
0 0.517477484375 0.20167510156250001 0.5330963453125 0.1994829796875 0.5450160000000001 0.20551131250000002 0.5762537203125 0.2581222078125 0.6444834765625 0.3606038484375 0.652703928125 0.361699909375 0.6572251765625 0.3463550640625 0.5852962171875 0.2367490328125 0.5322743 0.159476778125 0.476375221875 0.22414433749999998 0.3929376296875 0.327174009375 0.394170696875 0.3408747640625 0.4015691046875 0.34580703437500004 0.517477484375 0.20167510156250001
0 0.518710553125 0.24606554531249997 0.533507365625 0.24716160468749998 0.5528254296874999 0.26908281093749997 0.6399622265625 0.393485659375 0.6518818828125 0.3819770265625 0.6190000734375001 0.3293661296875 0.553236453125 0.238393121875 0.5252869140625 0.20551131250000002 0.45089181875 0.3030606828125 0.3958147875 0.37978490468750004 0.39910296875 0.390197478125 0.40937853437499994 0.3989659609375 0.518710553125 0.24606554531249997
0 0.780120940625 0.2942921984375 0.791629575 0.2849756859375 0.8084815015625001 0.2877158375 0.826155475 0.311281134375 0.8997285249999999 0.4285595890625 0.9095930687499999 0.4269154984375 0.9141143171874999 0.4143108046875 0.8845206875 0.3677282421875 0.8039602531250001 0.24880569531250002 0.7977949140625 0.24222933281249998 0.7451840187500001 0.3068968921875 0.663390515625 0.41705095625000005 0.6654456296875 0.4269154984375 0.6757211953125 0.42801155937499996 0.780120940625 0.2942921984375
0 0.788752415625 0.24168130312499997 0.8031382078125 0.2389411515625 0.8150578656249999 0.24661357499999997 0.8314987687500001 0.27127493281250004 0.868901828125 0.3211456765625 0.9042497734375001 0.3852652078125 0.9153473859375 0.3770447546875 0.8771222812499999 0.3041567421875 0.80149411875 0.1967428296875 0.7903965078125 0.21044358281250003 0.6658566515625 0.3710164234375 0.6691448328125 0.38416914687500003 0.6761322171875 0.3880053578125 0.788752415625 0.24168130312499997
0 0.6744881265625 0.3463550640625 0.7891634390625 0.1994829796875 0.8043712765625 0.1956467703125 0.8179350218750001 0.2049632828125 0.9067159109375 0.3436149140625 0.9145253406249999 0.35183536718749997 0.9227457921875001 0.3386826421875 0.8039602531250001 0.1556405671875 0.6757211953125 0.3101850734375 0.6658566515625 0.3288181 0.6658566515625 0.3310102203125 0.66708971875 0.34032673281250003 0.6744881265625 0.3463550640625
0 0.7994390046875 0.153448446875 0.8154688875 0.1567366265625 0.8245113859375 0.1649570796875 0.9157584078125 0.311281134375 0.9223347687500001 0.311281134375 0.9280890859375001 0.3014165921875 0.8080704796875 0.11234618437499999 0.6675007421875 0.2833315953125 0.6679117640625 0.2959362890625 0.675310171875 0.3047047734375 0.7994390046875 0.153448446875
0 1 0.489067384375 0.9526625078125001 0.41307514218749997 0.8217987750000001 0.5620878609375 0.8361269218749999 0.5854374328125 0.9450208312499999 0.4606233609375 0.9571201531250001 0.46019882343749996 0.9666722515625 0.47335949062499993 1 0.5272757734375 1 0.489067384375
0 0.8233907921875 0.54680450625 0.9488416687499999 0.4113769921875 0.960622590625 0.40882976718749997 0.97081149375 0.42623581093749996 0.9997861890624999 0.47845394218750004 1 0.43727378906250003 0.9603041859375001 0.3672250765625 0.904265215625 0.42878303593749995 0.8160675156250001 0.522181321875 0.8144755 0.5336438390625 0.8157491140625 0.5425591296875 0.8233907921875 0.54680450625
0 1 0.5417100546875 0.9462944437499999 0.4614724359375 0.8418581796875 0.5918054984375 0.8526838906249999 0.61388145625 0.9322847015625 0.5107188046875 0.9469312499999999 0.5085961171875 0.9568017515625 0.5183604828124999 1 0.5845883578125 1 0.5417100546875
0 0.954572928125 0.5629369359374999 0.9641250250000001 0.573974915625 0.9991493828125 0.6270421234375 0.9997861890624999 0.5871355828125 0.946612846875 0.5128414921875 0.8615991796875001 0.6236458218750001 0.8752905203125 0.6440236296874999 0.9399263796874999 0.5642105500000001 0.954572928125 0.5629369359374999
0 0.8029852421875001 0.94791728125 0.8852133875 0.8466940703124999 0.8953000390625 0.8402620015625001 0.9016590156250001 0.8411391015625 0.9113071187499999 0.8522490375 0.975116159375 0.9387895921875 0.9814751359375 0.942590359375 0.9865184625 0.9384972250000001 0.9862991859375001 0.932649890625 0.897931340625 0.8139489953125001 0.850129378125 0.8744689109375001 0.8038623421875 0.9273872890625 0.7953106156249999 0.9428827265624999 0.794652790625 0.943824146875 0.7979419156249999 0.9508409484375001 0.8029852421875001 0.94791728125
0 0.8251320234374999 0.8952269484375 0.85890038125 0.8554650718750001 0.894642215625 0.8139489953125001 0.9003433671875 0.8124871609375001 0.9058252421875 0.8159955625 0.91262276875 0.8244741984375 0.936304475 0.8557574390625 0.9549428546875 0.8814857109374999 0.9830100609375 0.917154453125 0.9878341125000001 0.913646053125 0.9895883124999999 0.9077987171874999 0.9439791015625 0.8440627703124999 0.9001240906250001 0.78792835625 0.8810471625 0.810148228125 0.8038623421875 0.9013666499999999 0.796406990625 0.9197857546874999 0.7988190171875 0.9238788890625 0.8023274171875 0.9241712546875 0.8251320234374999 0.8952269484375
0 0.80430089375 0.8981506156249999 0.8257898484374999 0.8712528765625001 0.8944229390625 0.7858817890625 0.9036324921875 0.7858817890625 0.90714089375 0.7893901890625 0.927314196875 0.8148260953124999 0.9858606359375001 0.8885025140625 0.9920003375 0.8832399125 0.9909039625 0.87680784375 0.9018782921874999 0.7589840484375 0.8922301890625001 0.7586916828125 0.8161417453125 0.85692690625 0.8049587171875 0.8756383765625 0.797503365625 0.8905490796875 0.7966262656249999 0.8937651140625 0.8005732171875 0.899904815625 0.80430089375 0.8981506156249999
0 0.8038623421875 0.8692063078125001 0.8928880140625 0.7566451140625 0.901220465625 0.7563527484375 0.9080179921875 0.76161535 0.9860799124999999 0.8607276734375 0.9920003375 0.856342171875 0.9922196140624999 0.8499101046875 0.898589165625 0.726531340625 0.80737074375 0.84143146875 0.7970648171875 0.8601429390625001 0.796187715625 0.865990275 0.7996961171875 0.8712528765625001 0.8038623421875 0.8692063078125001
0 0.6609488609375 0.7678575015625 0.705060859375 0.7100163515625 0.7586776546875 0.6473009484375 0.7686698765625 0.6463260984375 0.7793932359375 0.653150053125 0.8066890593749999 0.6879197328125 0.8593310031250001 0.7610335453125 0.867373521875 0.7545345390625 0.8695669374999999 0.748360484375 0.8469016546875 0.7161904078125 0.770863290625 0.6128562203125 0.7652578984375 0.61188136875 0.754534540625 0.6242294796875 0.7235830265625001 0.6612738109375 0.689219534375 0.7022175453124999 0.6675291031249999 0.7311381203125 0.651200353125 0.7532347390624999 0.6504692140625 0.75973374375 0.6538811921875001 0.7659077984375 0.6609488609375 0.7678575015625
0 0.6621674234375 0.7340626718750001 0.7581902296874999 0.6135061203125 0.7669638875 0.6109065171875 0.7774435343749999 0.6131811703125 0.796453125 0.6404769921875 0.8607932796875 0.726263865625 0.8693232249999999 0.7239892140624999 0.872978915625 0.7139157546875 0.77476269375 0.578736440625 0.7672076 0.5774366390625 0.754534540625 0.5891348484375001 0.7035985828125 0.652500153125 0.6514440640625 0.7200898109375 0.6516877765625 0.7256139640625 0.653393765625 0.7311381203125 0.6621674234375 0.7340626718750001
0 0.6638734125 0.6996179421875001 0.7650141859375 0.5761368390625 0.7813429375000001 0.5780865390625001 0.79499085 0.5962837546875 0.8722477765625 0.7025424953125 0.8776094562500001 0.6989680421875 0.882239996875 0.6918191359375 0.77451898125 0.5429919109375 0.6685039546875 0.6635484625 0.6543686171875 0.6875947828125 0.653150053125 0.6931189375 0.6577805953125 0.7012426953124999 0.6638734125 0.6996179421875001
0 0.6648482625 0.6654981640625001 0.7540471140625 0.5576146734375 0.7691573015625 0.5429919109375 0.7840237765625 0.5429919109375 0.7935285734375 0.5520905171875 0.874197478125 0.67069736875 0.8807777218749999 0.6716722203125001 0.8854082625 0.6606239109375001 0.7798806609375 0.50822223125 0.7508788484375 0.5332434015625 0.65753688125 0.64925065 0.6558308937499999 0.6570494578125 0.6582680203125 0.6638734125 0.6648482625 0.6654981640625001
0 0.5259301390625 0.6587289625 0.5388005109375 0.6556088734375 0.548745796875 0.6634090984375 0.63854588125 0.7683221171875 0.646443609375 0.7589618484375 0.6461511 0.7515516343749999 0.5349979015625 0.6208978734375 0.530317765625 0.6232379406249999 0.47152357343749995 0.7043602765625 0.4244297171875 0.7702721734375 0.42706229375 0.7796324421875 0.4346675125 0.7850926 0.5259301390625 0.6587289625
0 0.5224200390625 0.6220679078125 0.530610275 0.6181677953125 0.5428956281249999 0.6197278390625 0.55254840625 0.6294781203125 0.63679083125 0.732441084375 0.64439605 0.7289309828125 0.6452735765625001 0.7187906921875 0.633865746875 0.7035802546875 0.5440656609375 0.5924270546875 0.531780309375 0.581116728125 0.46070076249999997 0.677059490625 0.42355219218749995 0.7332211078124999 0.42530724375 0.7429713875 0.434960021875 0.74492144375 0.5224200390625 0.6220679078125
0 0.5253451234375001 0.5815067390624999 0.531780309375 0.5791666734375001 0.5446506796875 0.5834567953125 0.5566435234375 0.5978872109375 0.6394234062499999 0.7051402984374999 0.643811034375 0.700850175 0.647028625 0.6934399625000001 0.615730225 0.6505387265625 0.5338278671875 0.548745796875 0.47737374218750006 0.613877671875 0.4209196171875 0.6910998953124999 0.422382159375 0.7016301984375 0.42881734531250004 0.7078703765625 0.5253451234375001 0.5815067390624999
0 0.5355829187500001 0.5471857515624999 0.5446506796875 0.5499158296875 0.5531334218749999 0.5604461328125 0.640593440625 0.6790095468749999 0.64761364375 0.6696492765625 0.6479061515625 0.6614590421875 0.5358754265625 0.5109147078125 0.42706229375 0.6364983234375 0.417702025 0.6634090984375 0.42676978437499996 0.6739394015625 0.52476010625 0.5503058421875 0.5355829187500001 0.5471857515624999
0 0.6922257046875 0.857073809375 0.701087284375 0.8566193703125 0.7859539515625 0.958868365625 0.7917480609374999 0.95477840625 0.7917480609374999 0.9461440453125001 0.6963156640625 0.8284440906249999 0.596452478125 0.9506884453125 0.596452478125 0.9611405656249999 0.6005424374999999 0.9661394046874999 0.6922257046875 0.857073809375
0 0.6922257046875 0.8229908109374999 0.7007464546875 0.8220819296874999 0.7845906328125001 0.9288753265624999 0.7917480609374999 0.9256942468749999 0.7924297218749999 0.9156965671874999 0.69392985625 0.7966332921875 0.5961116484375 0.9252398078124999 0.5961116484375 0.9329652859375 0.5998607781249999 0.9361463671875001 0.6922257046875 0.8229908109374999
0 0.695293175 0.7916344515625 0.7061997343749999 0.8034498921875001 0.7805006718749999 0.892520128125 0.7849314609375 0.8938834484375 0.7883397609375 0.8825224484374999 0.7024506046875 0.7780012515625 0.687794915625 0.764368053125 0.5909991984375 0.8957012078125001 0.596452478125 0.9047900078125 0.686090765625 0.792997771875 0.695293175 0.7916344515625
0 0.6823416359375 0.7652769328125 0.691203215625 0.7620958531250001 0.7818639921874999 0.8670714890625 0.7876581015624999 0.8647992890625 0.789021421875 0.854801609375 0.689158234375 0.7361927734375 0.6574610468750001 0.7684580125 0.589976709375 0.86798036875 0.589976709375 0.8738880890624999 0.5954299890625 0.8788869281249999 0.6823416359375 0.7652769328125
0 0 0.74437269375 0.06918848749999999 0.6480314171875 0.0848666671875 0.6498491765625001 0.18063989375 0.759823653125 0.1874564921875 0.7584603328124999 0.1884789828125 0.7502804140625 0.18029906406250001 0.7470993328125 0.1765499328125 0.7384649734375001 0.18063989375 0.7343750140624999 0.0732784484375 0.613493978125 0 0.7157429734375 0 0.74437269375
0 0.0811175375 0.6116762171875 0.1820032125 0.7275584140625 0.19086479375 0.7157429734375 0.18575234375 0.7102896953125 0.17689076406249998 0.717560734375 0.1717783140625 0.7066541749999999 0.17552744375 0.697565375 0.0821400265625 0.582592059375 0.0712334671875 0.5789565390625 0.000681659375 0.6771155765625 0 0.7075630546875 0.06884765781249999 0.6103128984375 0.0811175375 0.6116762171875
0 0 0.6648456953124999 0.0627127171875 0.5775932203125 0.0746417671875 0.5775932203125 0.086911646875 0.5880453390625 0.1765499328125 0.6984742546875 0.1888198125 0.6825688546875 0.18507068437500002 0.6789333359375 0.17689076406249998 0.682114415625 0.1700741640625 0.6739344953125 0.1724599734375 0.6662090171874999 0.07259678750000001 0.5435102203125 0.0521469875 0.5639600203125 0 0.6371248578125 0 0.6648456953124999
0 0 0.6298538171875 0.0620310578125 0.547145740625 0.0712334671875 0.5435102203125 0.083503346875 0.5457824203125 0.1724599734375 0.6639368171875 0.18404819375 0.651212496875 0.0770275765625 0.5089727828124999 0 0.5998607781249999 0 0.6298538171875
0 0.2232436421875 0.8857035281250001 0.232105221875 0.8829768890624999 0.241989290625 0.88843016875 0.344919946875 0.9997679640625 0.3500323984375 0.9906791640625 0.22767443125 0.8538927296875001 0.1281520765625 0.992496925 0.1288337359375 0.9984046453125 0.135991165625 1 0.2232436421875 0.8857035281250001
0 0.2154045515625 0.85071165 0.2266519421875 0.8493483296875001 0.23346854218750002 0.8543471703125001 0.33435421718749997 0.9647760859375 0.3411708171875 0.9638672046875 0.3428749671875 0.95250620625 0.22051700156249998 0.8202641703125 0.12167630468749999 0.9579594859375 0.1230396265625 0.9684116046875 0.12917456562500002 0.9711382453124999 0.2154045515625 0.85071165
0 0.211996253125 0.8198097296875 0.2246069625 0.8189008515625 0.2389218203125 0.8329884906249999 0.33435421718749997 0.9361463671875001 0.3408299875 0.9316019671875001 0.34185247812499997 0.923422046875 0.2177903625 0.790725571875 0.169733334375 0.8543471703125001 0.12031298593749999 0.9316019671875001 0.121335475 0.9411452062500001 0.12781124531250002 0.9447807265625 0.211996253125 0.8198097296875
0 0.2389218203125 0.9129699265625 0.314926909375 0.9993135234375 0.333331728125 0.9997679640625 0.2283560921875 0.8829768890624999 0.14587523593750001 0.9979502046875 0.161212584375 0.9997679640625 0.2263111125 0.9125154875 0.2389218203125 0.9129699265625
0 0.4068841109375 0.7778851343750001 0.404625734375 0.7663423234375 0.3007404296875 0.6353565031249999 0.2909541328125 0.62833044375 0.1791645125 0.7743721046875 0.1791645125 0.7839074703125 0.1859396390625 0.78491119375 0.190079996875 0.7854130546875 0.2815442328125 0.6659700468749999 0.3007404296875 0.66747563125 0.3959686265625 0.7854130546875 0.4068841109375 0.7778851343750001
0 0.2815442328125 0.5580698515625 0.29547088593750004 0.5585717125 0.3056335796875 0.5660996328125 0.39785060625 0.69005939375 0.4057549234375 0.6895575328125 0.40914248750000004 0.6780147203125 0.2898249453125 0.5254488609375 0.2649828078125 0.5495382078125 0.1738949671875 0.6624570171874999 0.17050740312499998 0.6709886609375 0.17502415625 0.6805240265625 0.1840576609375 0.6780147203125 0.2815442328125 0.5580698515625
0 0.2691231625 0.6042410984375 0.2826734203125 0.5926982859375001 0.2996112421875 0.596211315625 0.4001089828125 0.72318224375 0.406507715625 0.7116394328125 0.287942965625 0.5585717125 0.1735185703125 0.70360965 0.1738949671875 0.7136468781249999 0.1799173046875 0.7196692140625001 0.2691231625 0.6042410984375
0 0.281920628125 0.6273267203125 0.2999876375 0.629836028125 0.396345021875 0.747271590625 0.406507715625 0.7397436703125 0.40500213125 0.7322157484375 0.2996112421875 0.5997243453125 0.2886957578125 0.5926982859375001 0.17728253125 0.7352269171875 0.1795409078125 0.7482753140625 0.190079996875 0.749780896875 0.281920628125 0.6273267203125
0 0.4810816640625 0.8789822109375001 0.489610359375 0.8735069984375 0.49845493437500005 0.8772975296875 0.5837418999999999 0.9809053999999999 0.5922705953125 0.9830112515625 0.5941658624999999 0.969112634375 0.48771509375 0.8436039140625 0.389161265625 0.9796418890625 0.389793021875 0.9863806125 0.39484706406250003 0.9901711453125 0.4810816640625 0.8789822109375001
0 0.48803097187500005 0.8398133828125 0.5562605453125 0.91562401875 0.589743575 0.9488964640625 0.593849984375 0.9379460390625001 0.48392456250000004 0.8120161484375 0.38568661249999997 0.951002315625 0.3923200421875 0.9632162515625 0.47887051875 0.844867425 0.48803097187500005 0.8398133828125
0 0.48771509375 0.814964340625 0.5891118203125 0.9189933796875 0.5913229624999999 0.906358275 0.4779228875 0.7829554046875 0.390424778125 0.9109911468749999 0.3828437140625 0.927416784375 0.389793021875 0.93920955 0.4757117421875 0.81580668125 0.48771509375 0.814964340625
0 0.4722370890625 0.7871671078125 0.481397540625 0.7816918953124999 0.583426021875 0.891196146875 0.5900594531250001 0.8852997640625 0.59037533125 0.876455190625 0.4763434984375 0.756842853125 0.379369059375 0.8987772109375 0.38063257031250003 0.9097276359375 0.386950121875 0.9114123171875 0.4722370890625 0.7871671078125