0 0.176663040625 0.696307028125 0.2100857765625 0.6557222765625 0.23037815312499998 0.6597011734375 0.3837646453125 0.83954733125 0.3939108328125 0.8427304484375 0.40704119531250005 0.8220401828125 0.40465385625000005 0.8085119328125 0.2405243421875 0.6063839484375 0.21306995 0.5864894625 0.0471499328125 0.8371599921874999 0.056699285937499996 0.8586460390624999 0.0710233171875 0.857850259375 0.176663040625 0.696307028125
0 0.20232692812500003 0.59205991875 0.22142563437499999 0.588081021875 0.23694333437499998 0.6008134921875 0.3855551484375 0.7790680921875001 0.396298171875 0.77270185625 0.40465385625000005 0.7607651640624999 0.40525069062499997 0.75042003125 0.2649945609375 0.5761443296875 0.2100857765625 0.5196439875000001 0.045359428125000004 0.7663356203125 0.0549087828125 0.789413225 0.068635978125 0.7878216671875 0.20232692812500003 0.59205991875
0 0.20352059687500001 0.5228271062500001 0.22321613906249999 0.5188482078125001 0.238137003125 0.532376459375 0.3837646453125 0.71460995625 0.396298171875 0.7154057359375 0.40465385625000005 0.70346904375 0.40525069062499997 0.6891450140625001 0.238137003125 0.46712254375000006 0.21426361875 0.4520027328125 0.0399879171875 0.69232813125 0.042972090625 0.7162015140625 0.059086625000000004 0.724159309375 0.20352059687500001 0.5228271062500001
0 0.1969554171875 0.4575731890625 0.2124731171875 0.44722805781249997 0.2333623265625 0.45836897031249996 0.387345653125 0.6509475984375 0.40226651718750006 0.6398066859375 0.40704119531250005 0.6230953171875 0.21187628125 0.374016346875 0.0334227375 0.623891096875 0.0387942484375 0.6493560406250001 0.0561024515625 0.6533349375 0.1969554171875 0.4575731890625
0 0.1205605890625 0.8586460390624999 0.13548145312499998 0.8570544796874999 0.19635858281250002 0.9167379390624999 0.2566388765625 0.96448470625 0.26320405625 0.9493648968749999 0.1229479265625 0.8140823890625001 0.0310353984375 0.9819918546874999 0.034019571875 0.9915412078125 0.04476259375 0.9955201046875001 0.1205605890625 0.8586460390624999
0 0.1402561296875 0.899230790625 0.2482831921875 1 0.2584293796875 0.9811960750000001 0.12652893437499999 0.8586460390624999 0.0435689265625 0.999499003125 0.06565180625 1 0.12652893437499999 0.899230790625 0.1402561296875 0.899230790625
0 0.094299865625 1 0.13727195625 0.9414071015625 0.1486118140625 0.9429986609375 0.1999395890625 0.9987032234375001 0.2339591625 1 0.13488461875 0.9016181296875001 0.0710233171875 1 0.094299865625 1
0 0.143240303125 0.982787634375 0.16114534062500002 0.999499003125 0.1897934015625 0.999499003125 0.134287784375 0.9429986609375 0.0966872046875 0.99790744375 0.1217542578125 0.999499003125 0.1336909484375 0.9851749734374999 0.143240303125 0.982787634375
0 0.5884789125000001 0.6541307171875 0.6147396328125 0.6525391578125 0.768722959375 0.841138890625 0.7812564859375 0.837955771875 0.7860311624999999 0.8101034921875 0.598028265625 0.5817147859375 0.4237525625 0.841138890625 0.429720909375 0.857850259375 0.44344810468749996 0.8673996125000001 0.5884789125000001 0.6541307171875
0 0.5854947390625 0.5888768015625 0.600415603125 0.57534855 0.6189174765625001 0.5864894625 0.7729008015625001 0.7711102984375 0.78722483125 0.7607651640624999 0.7919995078125 0.7432580171875001 0.5974314296875 0.5124819734375 0.4237525625 0.7790680921875001 0.4285272390625 0.79498368125 0.44523860937500004 0.8037372546875 0.5854947390625 0.5888768015625
0 0.5878820765625 0.515665090625 0.6022061062499999 0.5108904140625 0.615933303125 0.5132777515625 0.777675478125 0.6978985875 0.78722483125 0.6947154703125 0.7943868468749999 0.6835745578125 0.7919995078125 0.6660674078125 0.5974314296875 0.4392702625 0.4261399015625 0.7058563828125 0.4285272390625 0.7225677515625 0.4464322765625 0.7297297656249999 0.5878820765625 0.515665090625
0 0.5747517156249999 0.45677741093749996 0.59205991875 0.443249159375 0.6141428 0.44722805781249997 0.7723039671875 0.6207079796875 0.785434328125 0.6175248609375 0.79259634375 0.5960388171875 0.5890757468750001 0.36685433125 0.421365225 0.6398066859375 0.42494623281250005 0.66447585 0.4446417734375 0.6668631890625 0.5747517156249999 0.45677741093749996
0 0.921512615625 0.6191164203125 0.9346429765625001 0.610362846875 0.95433851875 0.6175248609375 0.999697946875 0.6803914390625 1 0.6310531125 0.9424018265624999 0.5522709453125 0.9340461421875 0.5538625046875 0.767529290625 0.785434328125 0.776481809375 0.8053288140625 0.7884185015625 0.8053288140625 0.921512615625 0.6191164203125
0 1 0.5689823140625 0.9465796687499999 0.4941790453125 0.93762715 0.4917917078125 0.77469130625 0.7201804125 0.78483749375 0.7329128828125 0.7937900124999999 0.752011590625 0.9233031203125 0.5626160796875 0.938223984375 0.5482920484375 0.956129021875 0.5562498421875001 1 0.6167290828125 1 0.5689823140625
0 1 0.4941790453125 0.9441923296875 0.4257420109375 0.786627996875 0.6604969515625 0.7896121703125 0.6947154703125 0.793193178125 0.7002859265625 0.928077796875 0.498953721875 0.9412081578124999 0.4870170296875 0.962694203125 0.4925874859375 1 0.5419258124999999 1 0.4941790453125
0 1 0.429720909375 0.9406113218750001 0.3604880953125 0.777675478125 0.6191164203125 0.7806596515625001 0.632644671875 0.7979678546875 0.6374193484374999 0.93762715 0.42494623281250005 0.95433851875 0.426537790625 1 0.4742845578125 1 0.429720909375
0 0.1885997328125 0.1352825078125 0.1981490859375 0.1328951703125 0.254848371875 0.21247311562500001 0.2715597421875 0.23077604375 0.2751407484375 0.221226690625 0.1957617484375 0.1090217859375 0.118770084375 0.214064675 0.1211574234375 0.2220224703125 0.1259321 0.221226690625 0.1885997328125 0.1352825078125
0 0.201133259375 0.10822600625 0.25305786874999997 0.17905037968749998 0.2727534109375 0.201332203125 0.27812492187500004 0.1941701890625 0.1981490859375 0.081965284375 0.1229479265625 0.176663040625 0.118770084375 0.19178285 0.12652893437499999 0.193374409375 0.1909870703125 0.10743022656250001 0.201133259375 0.10822600625
0 0.43688292500000003 0.27533969375 0.3586975921875 0.15199387656250002 0.33900205 0.15995167187499998 0.27931859062500003 0.25385364843749997 0.28886794375 0.2634030015625 0.34019571875 0.1742757015625 0.3598912609375 0.1702968046875 0.430914578125 0.2825017078125 0.43688292500000003 0.27533969375
0 0.5120840828125 0.1909870703125 0.524020775 0.1997406453125 0.5687833703125 0.2920510625 0.5729612125 0.2880721640625 0.524617609375 0.17507148125 0.5096967453125 0.1671136859375 0.4416576015625 0.2594241046875 0.43986709687500003 0.2745439140625 0.4470291125 0.2801143703125 0.5120840828125 0.1909870703125
0 0.506712571875 0.16154322968749998 0.5216334359375 0.15915589218749998 0.5896725796875 0.2522620890625 0.5914630843750001 0.240325396875 0.5264081125 0.1440360828125 0.51268091875 0.1344867296875 0.4392702625 0.23555072031250002 0.43986709687500003 0.2451000734375 0.4470291125 0.2474874125 0.506712571875 0.16154322968749998
0 0.50007773125 0.0899573265625 0.51194218125 0.08074909531249999 0.52168165625 0.08948510781249999 0.5535562984375 0.11616536562499999 0.5645353421875 0.1293874390625 0.5813580703125 0.15181774374999998 0.5877329984374999 0.1433178390625 0.5590458203125 0.10860989531250001 0.5068068218749999 0.062332635937500006 0.48130710781249997 0.1064849171875 0.439515909375 0.1992755453125 0.44323461875000003 0.20565047343749998 0.45332825468750004 0.1888867734375 0.50007773125 0.0899573265625
0 0.5234239406250001 0.12652893437499999 0.58430106875 0.20928999843749999 0.5902694140625 0.1981490859375 0.5365543015625 0.1217542578125 0.51506825625 0.1034513296875 0.43986709687500003 0.2076984390625 0.44106076562499996 0.2204309109375 0.4500132859375 0.2172477921875 0.5108904140625 0.1257331546875 0.5234239406250001 0.12652893437499999
0 0.6571148906250001 0.1687052453125 0.6523402125 0.169501025 0.5831074 0.27533969375 0.5872852421875 0.284889046875 0.592656753125 0.28091015 0.592656753125 0.2817059296875 0.6541307171875 0.1885997328125 0.6893439578125 0.2840932671875 0.6971028078125 0.2745439140625 0.6571148906250001 0.1687052453125
0 0.6547275515625001 0.1344867296875 0.67024525 0.1352825078125 0.7293318765625 0.21008577812499998 0.735300221875 0.2029237625 0.66666424375 0.11936691875000001 0.6553243859375 0.1130006828125 0.5872852421875 0.21167733593750002 0.5878820765625 0.223614028125 0.59444725625 0.226797146875 0.6547275515625001 0.1344867296875
0 0.6571148906250001 0.15995167187499998 0.67024525 0.1607474515625 0.7311223796874999 0.2474874125 0.735300221875 0.23952961718750002 0.676213596875 0.15358543593750001 0.658308559375 0.1384656265625 0.5896725796875 0.23793805781250002 0.5884789125000001 0.2498747515625 0.5938504234375 0.25305786874999997 0.6571148906250001 0.15995167187499998
0 0.658308559375 0.06843703281249999 0.726347703125 0.16154322968749998 0.732912884375 0.15915589218749998 0.65890539375 0.054113003125 0.64875920625 0.0477467671875 0.5884789125000001 0.137669846875 0.5932535890625 0.1472192 0.6463718671875001 0.06843703281249999 0.658308559375 0.06843703281249999
0 0.3416471015625 0.1581825328125 0.351382571875 0.14640940468750002 0.3599860109375 0.1500319046875 0.3905508609375 0.1883700390625 0.42836071249999996 0.2399906734375 0.43266243125 0.231236296875 0.3559106984375 0.122561275 0.27938536875 0.22580254531250002 0.28029099375 0.23274567343750002 0.28753599531249996 0.2354625484375 0.3416471015625 0.1581825328125
0 0.36021241718749997 0.1156181484375 0.4251910234375 0.2067844171875 0.4331152453125 0.19923754062500001 0.4229269609375 0.1808231625 0.36428773125 0.1008262703125 0.3540994484375 0.09177001875 0.27757411875 0.19652066562499998 0.2796117765625 0.20286004218749998 0.2832342765625 0.20286004218749998 0.34866569687500004 0.11682564843750001 0.36021241718749997 0.1156181484375
0 0.4903382578125 0.0597354421875 0.49582777812499995 0.04793001875 0.506098496875 0.0424995234375 0.507692228125 0.05359662187499999 0.517785865625 0.0573743578125 0.5804726640625 0.1357623671875 0.5870246734375 0.1341096078125 0.5880871625 0.1272624640625 0.5098172046875 0.0321107515625 0.4974215109375 0.0365968125 0.482900840625 0.0512355375 0.439161746875 0.12324862031249999 0.43685968906249995 0.13245685000000001 0.4363284453125 0.1341096078125 0.4430575375 0.13647069375 0.4903382578125 0.0597354421875
0 0.3461480625 0.037948084375 0.349224934375 0.048717134375 0.3569171125 0.048717134375 0.36691694531249996 0.062050245312499995 0.421146809375 0.1333311046875 0.425762115625 0.1343567296875 0.4288389875 0.1261517390625 0.36307085625 0.043076203125000004 0.348840325 0.025640596874999998 0.32614839687499997 0.032307151562500004 0.2688416609375 0.1225620546875 0.2730723609375 0.1276901734375 0.3299944859375 0.041537767187500005 0.3461480625 0.037948084375
0 0.042963428125 0.2331420453125 0.0498930125 0.22482654218749998 0.0531268203125 0.22636645 0.10787054375 0.29073459687500003 0.1117973078125 0.2913505609375 0.113876184375 0.284266984375 0.050816957812499994 0.20634764843750003 0.0027718343749999997 0.28765478125 0.002078875 0.2944303765625 0.002078875 0.29935808124999996 0.006929584375000001 0.29997404375 0.042963428125 0.2331420453125
0 0.1050987078125 0.24884910468750002 0.0540507640625 0.1872527921875 0.04896906875 0.18232508593750002 0.04458033125 0.1854049015625 0 0.2645561640625 0.0013859171874999999 0.2762594640625 0.0448113171875 0.2011119609375 0.0503549859375 0.2011119609375 0.1014029296875 0.256856625 0.1050987078125 0.24884910468750002
0 0.592527521875 0.198407759375 0.646981825 0.12148880937499999 0.6499471578125 0.12112937500000001 0.656956128125 0.1135812546875 0.6820266734375 0.1326312734375 0.70682764375 0.1538379 0.7281241281249999 0.1840303859375 0.7340547953125001 0.1789983046875 0.7127583109375 0.14844638593749998 0.656686553125 0.10171992031249999 0.6494080062500001 0.0992038796875 0.588753459375 0.1901407703125 0.588753459375 0.1905002046875 0.5879447328125 0.19445398125 0.592527521875 0.198407759375
0 0.7089842484375 0.1383822234375 0.7132974625 0.1355067484375 0.7062884921875 0.12616145625 0.679061340625 0.0988444453125 0.6518341875 0.07476234375 0.5903709140625 0.166418103125 0.5933362484375 0.1764822640625 0.64024243125 0.1074708703125 0.64913843125 0.0977661421875 0.6607301890625 0.0948906671875 0.7089842484375 0.1383822234375