0 0.19301259375 0.5465091015625 0.19344968437500001 0.5371626859374999 0.13735869218750002 0.45172856250000004 0.0726338546875 0.3511697453125 0.06704125625 0.3519907828125 0.02316589375 0.41563234062500004 0.020924425 0.4473667359375 0.06261710781249999 0.3872100125 0.06803638749999999 0.384696603125 0.0730638015625 0.3851640265625 0.0767250890625 0.38785119843750004 0.08524368593750001 0.40004177968750004 0.18636768125 0.548238053125 0.18938413125 0.5485185078125 0.19301259375 0.5465091015625
0 0.1979222703125 0.506306234375 0.19821886875 0.499964025 0.073737378125 0.311377375 0.069212703125 0.31095669375 0.0243162484375 0.3748385703125 0.022990971875 0.40857578749999995 0.0587944578125 0.355582309375 0.0647304828125 0.3474176625 0.0723964890625 0.3454483953125 0.0761046109375 0.347134165625 0.0825013625 0.3561102 0.19008455 0.5119473078125 0.1934148109375 0.5109159296875 0.1979222703125 0.506306234375
0 0.198113971875 0.46441757656249993 0.0714950265625 0.2729501828125 0.0678977859375 0.2742919875 0.0267390671875 0.33382785312499996 0.024456742187499998 0.371834365625 0.0639651375 0.309798296875 0.068772403125 0.30957475 0.075810784375 0.3102291421875 0.0805728234375 0.3163711734375 0.190121753125 0.4787608328125 0.1938610921875 0.479779003125 0.1983997703125 0.47450170312499995 0.198113971875 0.46441757656249993
0 0.200881821875 0.42142742968749997 0.071482190625 0.2300367515625 0.028926121875 0.292459965625 0.026518915625 0.3331368828125 0.0614245859375 0.272349134375 0.068523803125 0.266304146875 0.0752639859375 0.2679365703125 0.0836873125 0.276765775 0.1913813796875 0.43563045625 0.19482251718750002 0.43762665624999997 0.1996437875 0.4317051296875 0.200881821875 0.42142742968749997
0 0.35698628125 0.44666930625 0.46266617343750005 0.5946186625000001 0.467190846875 0.5950393453125 0.4705351140625 0.5883099875 0.46979500781250005 0.5825418953125 0.3403969796875 0.3965153984375 0.21727665312500002 0.5567172265625 0.21553427187500002 0.56158400625 0.2160698390625 0.5663273281250001 0.21963746562500003 0.5710173015625 0.224335459375 0.5731303578125 0.328501728125 0.440333184375 0.33435970312499996 0.4338375421875 0.34273299062499996 0.43293978906249997 0.3488611546875 0.4368620734375 0.35698628125 0.44666930625
0 0.347090328125 0.3991492234375 0.458692240625 0.5446319125 0.4632497375 0.549749171875 0.46681575937500003 0.5490749671875 0.46961045468749996 0.5433002703125 0.46990705312500003 0.5369580625 0.3345557828125 0.35406583125 0.218395784375 0.5165910578124999 0.21390554062499997 0.52623113125 0.2139383671875 0.5309277078125 0.2159821578125 0.5358112578124999 0.219863596875 0.5391893999999999 0.22375904218749998 0.5368695640625 0.3251742390625 0.3981173296875 0.32966608750000004 0.39384143437499997 0.3357926484375 0.392399540625 0.3418411578125 0.3926266484375 0.347090328125 0.3991492234375
0 0.33823267968750004 0.3564192015625 0.456229740625 0.5055137453125 0.45894798750000004 0.50677223125 0.46177550624999997 0.5056941140625 0.46612525624999995 0.49905824218749995 0.4664842953125 0.49138083125 0.3241430796875 0.3121969828125 0.3000539390625 0.3468349984375 0.2052852578125 0.4892224609375 0.20432821250000002 0.493491753125 0.2063876140625 0.49804149999999997 0.209735090625 0.5020405015625 0.214746896875 0.5028417265625 0.3130815984375 0.35978006093750003 0.3208552734375 0.35011001249999996 0.3282230765625 0.3491187734375 0.333125609375 0.3522566015625 0.33823267968750004 0.3564192015625
0 0.3306615046875 0.3077742578125 0.33642902812500003 0.314009775 0.45051342656250004 0.460393775 0.45657914843749997 0.46565126250000005 0.46103977812499997 0.46204296874999995 0.463080359375 0.45619815781249995 0.461946784375 0.44804671875 0.32340735 0.2685458375 0.2512195859375 0.376155059375 0.205052271875 0.4456180578125 0.2038282453125 0.45019777968749997 0.20382984999999998 0.45556195781250003 0.2066277515625 0.46051562031250004 0.21006889062499998 0.4625118203125 0.21563026875000002 0.462358384375 0.313978975 0.3135987375 0.3192873796875 0.308057753125 0.3256809203125 0.30630543125 0.3306615046875 0.3077742578125
0 0.750524059375 0.6384663171875 0.7522120484375 0.632613496875 0.7505554421875 0.6256984906249999 0.6309327421875001 0.43160936875000006 0.6267432515625 0.43046862968750005 0.483812359375 0.5835749015625 0.481454071875 0.591664134375 0.48689610781250003 0.6023115812500001 0.4902756828125 0.6026257984375001 0.6186913703125 0.46957975156250004 0.6283367906249999 0.4689740953125 0.63513271875 0.4748644890625 0.7382040390625 0.6418281828125 0.7451049046875 0.6454746734375 0.750524059375 0.6384663171875
0 0.6309677203125 0.4308614015625 0.6361263296875 0.43547273437499995 0.7425772265624999 0.602750646875 0.7465200640625 0.6031172328125 0.7513234875 0.597178459375 0.7528697609375 0.5883075812499999 0.6269423390625 0.38992125 0.484048221875 0.54828948125 0.482659353125 0.5537945015625 0.48459759062499996 0.5607356921875 0.4885772046875 0.5663642375 0.49102443906250004 0.5684698203125 0.49295908125 0.563391153125 0.6109736984375 0.43501221718750005 0.6180826421875001 0.42816097031250006 0.624612628125 0.427641265625 0.6309677203125 0.4308614015625
0 0.75768528125 0.5639650375 0.7600064921875 0.55666865 0.7604612203125 0.546945065625 0.6294819234375 0.347713425 0.48101124687499996 0.5164558687499999 0.48092559687499997 0.52433571875 0.4836212796875 0.5332253812500001 0.4871775484375 0.5358096875 0.6179826078125 0.3879613875 0.6245650640625 0.3863197328125 0.6313242156250001 0.3869481640625 0.6375568796875 0.3927861875 0.7530917328125 0.5654160015625 0.75768528125 0.5639650375
0 0.757198678125 0.525983175 0.763270340625 0.523167196875 0.7664364453125 0.5159493640624999 0.76571218125 0.507242990625 0.6316856109375 0.300591440625 0.5406304453125 0.408940325 0.48307681562499993 0.4783356859375 0.4818471515625 0.486484778125 0.4852827921875 0.4976969015625 0.49031717500000005 0.49891619374999996 0.61784759375 0.348509775 0.6256440234375 0.3451029375 0.6351845078125 0.3467411828125 0.64353030625 0.35578055625 0.7501386078125 0.5196926140625 0.757198678125 0.525983175
0 1 0.6115933906250001 0.9094631578125 0.4639342234375 0.756521021875 0.6225459625 0.7547333921875 0.630765115625 0.759319840625 0.6377134875 0.7637522234375 0.640454853125 0.8975310953125 0.502888215625 0.9039485578124999 0.5006897593749999 0.9098648859375 0.5017056828124999 0.914624871875 0.5049433624999999 0.9198448390625 0.5133481921875 1 0.64443728125 1 0.6115933906250001
0 1 0.564819115625 0.9171365046875 0.42737939531249997 0.757998146875 0.5896077203125001 0.758043759375 0.5961339046874999 0.7601417625 0.6037826203125001 0.764945128125 0.6060926265625 0.9062978062499999 0.46410577656249996 0.91686343125 0.463224703125 0.922912140625 0.4689114671875 1 0.6005333140625 1 0.564819115625
0 1 0.511741584375 0.9169907453125001 0.3779854015625 0.91312680625 0.37809200625 0.760844203125 0.5437528640625 0.7620461625 0.5480572953125 0.762178540625 0.5527281359375 0.760412603125 0.5604834515625 0.7621156953125 0.561573503125 0.767027521875 0.561564328125 0.9052799265625 0.4183575234375 0.9144917515625 0.416418875 0.919687796875 0.417833684375 0.9242525578125 0.425245890625 1 0.54516510625 1 0.511741584375
0 1 0.4584668734375 0.9207545375 0.335010990625 0.766180940625 0.5046515234375 0.766007409375 0.508362215625 0.7669924499999999 0.5173050124999999 0.7642437015625 0.523571390625 0.769266215625 0.5286968921875 0.9049628656250001 0.38012808124999997 0.9150251234375 0.375007528125 0.9237358125 0.3762832578125 0.9301338156250001 0.38200249999999997 1 0.4927991859375 1 0.4584668734375