0 0.1502153546875 0.32120939531250003 0.161134090625 0.30973920625 0.1783393734375 0.3119450125 0.224992159375 0.3666489890625 0.316643378125 0.48223319531250003 0.3269003734375 0.4787039078125 0.3288855984375 0.46454263593749995 0.2504692140625 0.35998745625 0.167089765625 0.259402725 0.1148121765625 0.3339589515625 0.02779315 0.4671896015625 0.029447503125000003 0.47649810156249994 0.0390427578125 0.4826743578125 0.1502153546875 0.32120939531250003
0 0.1502153546875 0.26116737031250004 0.164111928125 0.2571969203125 0.179993728125 0.2620496921875 0.31035683281250004 0.4288085875 0.3212755703125 0.4279262640625 0.3265695015625 0.41160330468749995 0.1627884453125 0.20646339375 0.024484440625 0.41601491562500004 0.026469665625 0.425720459375 0.035072306250000004 0.4323378765625 0.1502153546875 0.26116737031250004
0 0.162126703125 0.2020517828125 0.1796628578125 0.20911036093750002 0.315650765625 0.3917510546875 0.3269003734375 0.37631041718749997 0.15881799531250002 0.1535240625 0.0168744109375 0.362634421875 0.029447503125000003 0.3802808671875 0.1475683875 0.20911036093750002 0.162126703125 0.2020517828125
0 0.1548475453125 0.1482301296875 0.18032459843749998 0.1548475453125 0.314658153125 0.3445468171875 0.3285547265625 0.3269003734375 0.16378105781250002 0.093526153125 0.0122422203125 0.3035188359375 0.0181978953125 0.3242534078125 0.0251461828125 0.325576890625 0.1548475453125 0.1482301296875
0 0.5287315765625 0.1522005796875 0.5416355375 0.1469066453125 0.5542086281249999 0.1526417390625 0.678616059375 0.331311984375 0.6888730546875 0.3269003734375 0.690858278125 0.313665540625 0.552554275 0.10587866406249999 0.5413046671874999 0.0957319578125 0.3848027671875 0.3061658015625 0.38678799218750004 0.321606440625 0.3980376015625 0.325576890625 0.5287315765625 0.1522005796875
0 0.51847458125 0.32822385625 0.537003346875 0.31631250781250003 0.5512307921875 0.3211652796875 0.668689934375 0.48571836875 0.6779543171875 0.482630240625 0.6822556375 0.46851308593749996 0.5393194421875 0.266461303125 0.3887732171875 0.4614545078125 0.392412796875 0.47557166406249995 0.40233892187500003 0.47954211406249997 0.51847458125 0.32822385625
0 0.5297241890625 0.258520403125 0.5432898921875 0.2558734359375 0.5578482078125 0.2686671078125 0.663726871875 0.429690909375 0.678616059375 0.43057323125 0.685564346875 0.4146914328125 0.658763809375 0.3727811265625 0.5475912125 0.21219848749999998 0.5363416046875 0.211316165625 0.3914201828125 0.4049858875 0.394398021875 0.41910304218750005 0.40399327500000004 0.421750009375 0.5297241890625 0.258520403125
0 0.509210196875 0.2316095765625 0.5290624453125 0.20911036093750002 0.5485838249999999 0.20822803906249998 0.562149528125 0.2196982265625 0.6716677703125 0.38513363906250003 0.681593896875 0.39263337656249997 0.6888730546875 0.38557479843750003 0.69118915 0.37366345 0.5962292234375 0.2320507375 0.5442825046875 0.1605826390625 0.5141732593749999 0.1927874 0.3857953796875 0.35954629531250004 0.3900967015625 0.3732222890625 0.398368471875 0.37542809374999997 0.509210196875 0.2316095765625
0 0.8292449281250001 0.336132053125 0.8489122296874999 0.31658394843750004 0.8678643562499999 0.3203982125 0.8753736890624999 0.3313642234375 0.9125627671875 0.383810359375 0.9544004796875001 0.4429314578125 0.9851529859375001 0.4848883671875 0.99480784375 0.469631309375 0.9279390203125001 0.3647390359375 0.8953985765624999 0.3213517796875 0.8557063875 0.26747529375 0.69622245625 0.46724739375 0.6976528046875 0.47964375312499996 0.7076652484375 0.4844115828125 0.8292449281250001 0.336132053125
0 0.8428332453125 0.2689056421875 0.8564215624999999 0.2646145953125 0.8703674671874999 0.2727199078125 0.93079971875 0.354249809375 0.9812195265625 0.43196544843750007 0.9933774937500001 0.4262440515625 0.9965957812499999 0.4171851734375 0.936521115625 0.32754995781249996 0.8567791484375 0.2169362890625 0.851057753125 0.2183666390625 0.69622245625 0.4205226546875 0.6990831546875 0.433395796875 0.709810771875 0.4362564953125 0.8428332453125 0.2689056421875
0 0.8424756578125001 0.21685046875 0.8596398484375 0.2087451578125 0.8760888640625 0.2173272515625 0.9955230187499999 0.39182985000000004 0.999814065625 0.3889691515625 0.999456478125 0.36369965 0.9501094328124999 0.28884471093749997 0.8632157203125 0.161543634375 0.8274569906250001 0.2006398453125 0.6983679796875 0.3665603484375 0.699440740625 0.38038705625 0.7094531859375001 0.38372453906250004 0.8424756578125001 0.21685046875
0 0.8542760375 0.1501008421875 0.8664340062500001 0.14485622812500001 0.8846709578124999 0.1543918890625 0.999456478125 0.3250802234375 0.9990988921874999 0.2917054078125 0.9290117812500001 0.179661390625 0.8678643562499999 0.098608271875 0.7030166140625 0.3056179390625 0.7083804234375 0.3193588265625 0.71696251875 0.3255570046875 0.8542760375 0.1501008421875
0 0.8800223234375 0.7552243578125 0.8914651156250001 0.7552243578125 0.9004047999999999 0.761899321875 0.99480784375 0.8953985765624999 0.999456478125 0.89492179375 0.999456478125 0.872512990625 0.9558308296875 0.804809796875 0.8878892437499999 0.71326745 0.8260266421875 0.7790635109374999 0.7409208671874999 0.8787111703124999 0.745211915625 0.8911075296875 0.7548667703125 0.892537878125 0.8800223234375 0.7552243578125
0 0.873585753125 0.7199424125 0.8850285453125 0.710883534375 0.894325815625 0.7113603171875 0.904338259375 0.7151745828125 0.9386666390625 0.765236803125 1 0.8563023671875 0.999814065625 0.8238811187499999 0.9518973687500001 0.7495029625 0.8968289265625 0.6698801921875 0.8868164828125 0.6717873234375 0.7434239781249999 0.8319864296875 0.74986055 0.849627403125 0.7570122953125 0.849627403125 0.873585753125 0.7199424125
0 0.88860441875 0.667973059375 0.90827171875 0.6746480234375001 1 0.8205436374999999 0.999814065625 0.783354559375 0.8986168625 0.6269697171875 0.7455695015625 0.7938437859375 0.74699985 0.8062401453125 0.753794009375 0.8091008437499999 0.88860441875 0.667973059375
0 1 0.7337691203125 0.90827171875 0.5840592421874999 0.7516484859375 0.7490261796875 0.7530788359375 0.7604689718750001 0.7620185171875 0.7628528875 0.8896771796875 0.6303071984375 0.902192734375 0.6255393671875 0.9179265765625001 0.6322143296875 1 0.7700046328125 1 0.7337691203125
0 0.56856379375 0.7614225390625 0.5767883015625 0.75951540625 0.5903766171875 0.7633296703125 0.701228678125 0.9054110203124999 0.711241121875 0.9006431906250001 0.7133866453125 0.889200396875 0.57821865 0.7151745828125 0.529229190625 0.7714349828125 0.4416203046875 0.8868164828125 0.44448100312500005 0.8996896234375 0.45306309687499996 0.9020735390624999 0.56856379375 0.7614225390625
0 0.56498791875 0.6455642562499999 0.5853703953125 0.6274465 0.5975283640625 0.6274465 0.61040150625 0.6360285953125 0.71588975625 0.8019490984375001 0.7248294390625001 0.79575091875 0.7266173765625 0.784308125 0.667973059375 0.6879979484375001 0.5989587125 0.5831056765625 0.44483859062500003 0.7452119140625 0.4473417015625 0.7609457546875 0.4559237953125 0.765236803125 0.56498791875 0.6455642562499999
0 0.56892138125 0.6756015890625 0.585012809375 0.6641587953125 0.604322521875 0.6732176734374999 0.710883534375 0.8305560812499999 0.7176776921875 0.8319864296875 0.721968740625 0.8186365046875 0.6171956640625 0.66034453125 0.5910917921875 0.6269697171875 0.54603579375 0.6741712390625 0.443765828125 0.7905063046875 0.4451961765625 0.8029026640625 0.45377827187499997 0.8067169296875001 0.56892138125 0.6756015890625
0 0.583582459375 0.7104067515625 0.5989587125 0.714221015625 0.7058773125 0.861070196875 0.71624734375 0.8558255828125001 0.7180352796875 0.84533635625 0.6314991562500001 0.7223263281250001 0.5875159203125 0.6665427109375 0.559981696875 0.6961032609375 0.487749065625 0.781924209375 0.4459113515625 0.8358006953125001 0.4498448125 0.8486738375 0.45878449374999997 0.8515345359375001 0.5699941421875 0.715651365625 0.583582459375 0.7104067515625
0 0.177720884375 0.8877700484375 0.28893053125 0.7552243578125 0.3057371328125 0.7547475765625 0.3171799265625 0.765236803125 0.4148012578125 0.8977824921875 0.423025765625 0.9063645875 0.4305350984375 0.90302710625 0.43446855937500006 0.8920610953124999 0.3404231015625 0.75951540625 0.3007309109375 0.7089764015625 0.16377497968750002 0.87346655625 0.1634173921875 0.8739433390625001 0.166278090625 0.88490935 0.177720884375 0.8877700484375
0 0.28893053125 0.7118371015625 0.304664371875 0.7089764015625 0.31753751406249997 0.7185120640625 0.42159541562499997 0.8653612453124999 0.4298199234375 0.8648844609375 0.43482614531249997 0.85201131875 0.3075250703125 0.6660659265625 0.3007309109375 0.664635578125 0.16162945625 0.8253114671875 0.1627022171875 0.8348471296875 0.1752177734375 0.8424756578125001 0.28893053125 0.7118371015625
0 0.292863990625 0.6651123609375 0.3075250703125 0.6660659265625 0.321470975 0.6798926359374999 0.4273168125 0.8400917421875 0.43446855937500006 0.8348471296875 0.43732925624999996 0.8229275515625 0.3393503390625 0.670356975 0.3039491984375 0.6231554515625 0.1630598046875 0.771911765625 0.156623234375 0.7838313421875001 0.15841117031250002 0.79432056875 0.167350853125 0.7976580515625 0.292863990625 0.6651123609375
0 0.1712843125 0.7547475765625 0.2921488171875 0.62410901875 0.306452309375 0.6226786703125 0.3218285625 0.6326911140625 0.4301775109375 0.8014723140625 0.4366140828125 0.7962277015625 0.4405475421875 0.7824009921874999 0.30859783125 0.5850128078125 0.2853546578125 0.60265378125 0.156980821875 0.74139765 0.1562656453125 0.7514100953125 0.165920503125 0.758561840625 0.1712843125 0.7547475765625
0 0.2807613640625 0.9124744296875 0.3631375265625 1 0.3909212046875 0.9995624453125 0.27052527187500003 0.8780291703125 0.1881491078125 0.9976127140625 0.2100835890625 1 0.2700378390625 0.913124340625 0.2807613640625 0.9124744296875
0 0.27881163125 0.9534187953125001 0.32609262499999997 0.998262625 0.35923806406250003 1 0.27344986875 0.9176737140625001 0.2188573828125 0.9976127140625 0.24127929531249998 0.9989125359375001 0.26808810781250003 0.9586180796875 0.27881163125 0.9534187953125001
0 0.6463360546875 1 0.5717588171875 0.91637389375 0.4942569828125 0.996962803125 0.52642755625 1 0.5668844890625 0.9566683484375 0.576633146875 0.9527688859375001 0.6136780500000001 1 0.6463360546875 1
0 0.8495955828125 0.9339214796875 0.902725771875 0.9995624453125 0.926609984375 0.9995624453125 0.842771521875 0.8988263078125 0.7506467 0.9989125359375001 0.7803801078125 1 0.8383846265624999 0.9358712109375 0.8495955828125 0.9339214796875
0 0.0297334078125 0.8890776499999999 0.12137079843750001 0.9989125359375001 0.1428178453125 0.9995624453125 0.021447048437499998 0.85333256875 0.000974865625 0.8780291703125 0 0.9124744296875 0.019984750000000003 0.8871279187500001 0.0297334078125 0.8890776499999999
0 0 0.9514690640625 0.019984750000000003 0.9254726421875 0.030220840625000002 0.9274223734374999 0.0906625234375 0.9995624453125 0.11552160156249999 0.9995624453125 0.0224219140625 0.8916772921874999 0 0.9209232671875001 0 0.9514690640625
0 0.0248590796875 0.9560184375 0.031683140625 0.9605678109375001 0.0662908765625 0.9995624453125 0.0906625234375 1 0.023396781250000002 0.9248227312499999 0.000974865625 0.95406870625 0.0004874328125 0.9833146812500001 0.0146229875 0.9631674546875001 0.0248590796875 0.9560184375