0 0.0317963421875 0.42183477500000005 0.0435889046875 0.42434512187499995 0.1637440734375 0.22124219374999998 0.1843268265625 0.223823921875 0.3467810609375 0.3845964296875 0.3593813421875 0.3687802609375 0.16446155468749998 0.17089905 0.0275373265625 0.41338043124999996 0.0317963421875 0.42183477500000005
0 0.0161850203125 0.36241605312499997 0.0215639296875 0.3717604484375 0.029738529687499998 0.37120080624999996 0.1562971546875 0.166361284375 0.1802708421875 0.1698648546875 0.346246965625 0.343186109375 0.35284254531250003 0.322491965625 0.15500633125000002 0.1177904296875 0.1358206453125 0.1492033359375 0.0161850203125 0.36241605312499997
0 0.0043683968750000005 0.29228438125 0.009676800000000001 0.300835559375 0.016448465625 0.307776621875 0.146170965625 0.10171075468749999 0.15743377187500002 0.099208771875 0.17299562968749999 0.1062212296875 0.34102525156249996 0.293778478125 0.350936090625 0.273290153125 0.15529010625 0.0529561671875 0.0043683968750000005 0.29228438125
0 0.0453134390625 0.4874071203125 0.0545577140625 0.49177479375 0.16932381875 0.2844249015625 0.19168785156249998 0.283086225 0.35438951093750004 0.435812046875 0.3664498796875 0.4200809515625 0.172967953125 0.23580471875 0.0408343375 0.476114328125 0.0453134390625 0.4874071203125
0 0.5163418421875 0.1919108125 0.38195218125 0.416490684375 0.385942584375 0.427930178125 0.39580245468749997 0.432928903125 0.5086052421875 0.243359534375 0.5147060125 0.23875872656250002 0.5315951734375 0.23755442031250001 0.6717916265625 0.3850894421875 0.678195103125 0.3833528046875 0.6820050359375001 0.36746528437500003 0.5163418421875 0.1919108125
0 0.37665630625 0.3593722453125 0.3802769828125 0.3691288109375 0.3916809609375 0.37315630624999996 0.5040952359374999 0.18510413125 0.512052959375 0.17729892187500002 0.52808923125 0.1784128796875 0.6716562671874999 0.3370645734375 0.678554509375 0.3192346078125 0.5115290390625 0.1307912078125 0.37665630625 0.3593722453125
0 0.365429228125 0.3022057921875 0.3691364203125 0.3104618296875 0.37845637656250003 0.3155456 0.504293115625 0.12465125625 0.520879565625 0.120582721875 0.534670328125 0.126418225 0.6748157203125 0.2994402953125 0.6843380390625 0.2804690484375 0.516349121875 0.0725221609375 0.365429228125 0.3022057921875
0 0.5190953953124999 0.0102119125 0.3633819578125 0.233770934375 0.3674220703125 0.242302484375 0.3761264296875 0.246755203125 0.5076549796875 0.062972 0.5185393984375 0.0568897390625 0.5331829546875 0.060406978124999997 0.6700685078124999 0.244134134375 0.6773902859375001 0.24589274687499998 0.68474259375 0.23235913749999998 0.5190953953124999 0.0102119125
0 0.6967671171875 0.36295183125 0.7006364359374999 0.3739145421875 0.708908621875 0.37598435625 0.8281207937499999 0.19250321718750002 0.8384348968750001 0.18581946875 0.855162403125 0.1876817 0.9786426265625 0.3413678078125 0.987963375 0.3252843125 0.8397800671875 0.1383887515625 0.6967671171875 0.36295183125
0 0.8384562687500001 0.0857571609375 0.69641774375 0.3099342109375 0.7002712296875 0.318321315625 0.7089524390624999 0.3242616046875 0.828414103125 0.1351198515625 0.8378280515625001 0.1319506734375 0.8530710703125 0.131798221875 0.9760096171875 0.288380296875 0.9807869015625 0.2814444109375 0.9828366031250001 0.2687546984375 0.8384562687500001 0.0857571609375
0 0.8368829734375 0.0387861375 0.8162233359375 0.067898190625 0.6927166375 0.25967861875 0.694653421875 0.26917668125 0.7020254921875 0.274761084375 0.8252394484375 0.0850283 0.8383472546874999 0.08071518125 0.8542915093750001 0.087197796875 0.9814420531250001 0.2515483671875 0.9785340734375 0.21827866093749998 0.8673566296875 0.07445946249999999 0.8368829734375 0.0387861375
0 0.8284277484375 0 0.817818003125 0.014806896875 0.769286225 0.07697774375000001 0.691698409375 0.20674567968750002 0.6938634125 0.2175852671875 0.7002768500000001 0.2261312640625 0.830644878125 0.031898890624999995 0.8380910609375001 0.0301639 0.85630309375 0.0340408546875 0.9767225390625001 0.2011380109375 0.9724566671874999 0.16077450937499999 0.8513669671875 0 0.8284277484375 0
0 0.2867989328125 0.6765195640624999 0.2765819796875 0.6700806187499999 0.1590215140625 0.8559360546875 0.1640910625 0.864860171875 0.17120384375 0.870638321875 0.27046449687499996 0.7147345453125 0.2777806859375 0.7101329328125 0.2903248546875 0.709881675 0.4153299796875 0.834485053125 0.4231323234375 0.830381653125 0.426627225 0.8183337234374999 0.2867989328125 0.6765195640624999
0 0.2829225109375 0.6357392921875 0.2694818875 0.6275086421875 0.155000684375 0.8123561078125 0.15882402499999998 0.8191251015625 0.1685548109375 0.8250657203125 0.26684319375 0.66816536875 0.27269289375 0.6660942046875 0.283651121875 0.6672425203125 0.4119477171875 0.7901776593750001 0.4193834625 0.7867069328125 0.42257148593749994 0.775857084375 0.2829225109375 0.6357392921875
0 0.145320215625 0.7815858718750001 0.15529810156249998 0.7857629671875 0.2632735796875 0.626187015625 0.2777703640625 0.6239036 0.41602071875 0.763091959375 0.42068325937499995 0.7456862171875 0.2641987375 0.589824290625 0.14338370625000002 0.7755672812500001 0.145320215625 0.7815858718750001
0 0.2648331265625 0.5466088921875001 0.1392956890625 0.735711340625 0.1425355515625 0.74293310625 0.14935759531249998 0.7418585531249999 0.25561145625 0.59060203125 0.2639079671875 0.5829716140625 0.2807078625 0.5860741625 0.40885278906250005 0.7239798687500001 0.41610118125 0.7228381609375 0.41928923593749995 0.7119882828125 0.2648331265625 0.5466088921875001
0 0.5592175968750001 0.620963121875 0.44901078906249997 0.8156889609375 0.453106215625 0.8227860609375 0.46071317812499996 0.8250371218750001 0.5538849796875 0.6689426968750001 0.5622413234375 0.661877715625 0.5758772703124999 0.663754021875 0.696523315625 0.7758218453125 0.70249250625 0.7748816281249999 0.7057483953125 0.7605718375 0.5592175968750001 0.620963121875
0 0.559178503125 0.5795784375 0.44286058749999996 0.7685660578125 0.445767040625 0.7779522359375 0.4555058984375 0.779867475 0.5506900734375 0.6223063093750001 0.5576396953125 0.61833731875 0.5698172593749999 0.6187186890625 0.692399778125 0.7368051109375 0.6972174984375 0.7331718953124999 0.6997401109375 0.720127346875 0.559178503125 0.5795784375
0 0.4377695984375 0.725930346875 0.44019315625 0.733415215625 0.44670026875 0.73756411875 0.54358994375 0.579734328125 0.5547435296875001 0.5745282671874999 0.5659488406250001 0.5739130609374999 0.6928905015625 0.7045349296875 0.7001630359375 0.6913170953125001 0.55262433125 0.5380701890624999 0.4377695984375 0.725930346875
0 0.552704759375 0.4978164140625 0.448642528125 0.6493026296875 0.4315278125 0.6834759 0.43296543125 0.6937376859375 0.43941281875 0.6973211359375 0.5436025734375 0.5429404625 0.5531782562500001 0.5351085859375 0.5678462859375 0.538546915625 0.691070040625 0.6709041640625 0.6958877640625001 0.6672709718750001 0.6974381203125 0.6532298265625001 0.552704759375 0.4978164140625
0 0.7108213484375 0.7568965828125 0.713885640625 0.7674375703125 0.7214570499999999 0.7723011296875 0.8205458890624999 0.6218062484375 0.8319871921875001 0.616150209375 0.8417796984375 0.6184616671875001 0.9490342437500001 0.7298482484375 0.9596092765625001 0.7199241734374999 0.8290913484375 0.5769660125 0.7108213484375 0.7568965828125
0 0.8287028734374999 0.5379374328125001 0.70798498125 0.719457171875 0.7122148640625 0.7280604078125 0.7217707421874999 0.73206084375 0.8222067781250001 0.5786009609375 0.83125524375 0.57387235 0.8421583546875 0.5749078015625 0.9542403437500001 0.6926912875 0.9615564015625001 0.6794266015625 0.8394188203124999 0.5450585 0.8287028734374999 0.5379374328125001
0 0.7114752234374999 0.6896376984375 0.7179360671875 0.695777325 0.8296417046875 0.5350367515625 0.8434109109374999 0.531766834375 0.963335121875 0.6648318578125 0.9694910421875 0.6484465609375001 0.8315810656249999 0.49839430937499996 0.7103228500000001 0.6826619453125 0.7114752234374999 0.6896376984375
0 0.7083659078125 0.64057708125 0.7101555484375 0.6496546875 0.717024759375 0.655729990625 0.8258070296875 0.4987532328125 0.8389389656249999 0.49338143749999996 0.8500137765625 0.49604150625 0.9628243484375 0.6285753515625 0.9724110781249999 0.6171552625000001 0.8365659921875 0.45521600624999997 0.7083659078125 0.64057708125
0 0.2167914453125 0.882951228125 0.22655266406250002 0.88141371875 0.3453122203125 0.9819029531250001 0.3638849140625 0.9809296 0.21324938124999998 0.8533490140625 0.1363332125 0.9928550796875 0.15362529687499998 0.9919488390625 0.2167914453125 0.882951228125
0 0.22054613281250002 0.92239055 0.2246286640625 0.9140704046874999 0.2331050265625 0.916025459375 0.314632103125 0.9835108296874999 0.3408053609375 0.9821391484375 0.2223637921875 0.8848153703125 0.159661215625 0.9916325109375 0.1769423578125 0.9907268437500001 0.22054613281250002 0.92239055
0 0.23483381250000002 0.9519453046875 0.24395264062500002 0.9521540843749999 0.2828680546875 0.9851755140625 0.3074449890625 0.983887490625 0.23384610156250002 0.9230374781249999 0.193511565625 0.9898584890625 0.21153969374999998 0.988913675 0.23483381250000002 0.9519453046875
0 0.23909886875000003 0.9874693593750001 0.2416789375 0.98541420625 0.24934951875000003 0.983657621875 0.25265195625 0.986759071875 0.27755590625000004 0.9854539109375 0.247133990625 0.9587817515625 0.23906433124999998 0.9567626125 0.2181145140625 0.9885691031249999 0.23909886875000003 0.9874693593750001
0 0.6432789171875 0.9238024671874999 0.5064918640625 0.8071597984375 0.4161788484375 0.9776695515625 0.41648815 0.97817278125 0.42953577656249997 0.977488984375 0.507992628125 0.840922103125 0.5154428859375 0.8331682046875001 0.642442509375 0.9354499140625 0.6432789171875 0.9238024671874999
0 0.40723548750000005 0.9478213562500001 0.41018118281250004 0.956131246875 0.41540379375 0.95859880625 0.5056861140625 0.80344813125 0.510566725 0.802679375 0.6354187359375 0.9042026328125001 0.6385584453125001 0.9026113625000001 0.639858565625 0.8914392484375 0.5026571375 0.7787003890624999 0.40723548750000005 0.9478213562500001
0 0.6404352531249999 0.9516686999999999 0.51554156875 0.8419265328125001 0.4325702390625 0.9773299546875001 0.44890518906250004 0.9764738765625 0.5146743625 0.868933053125 0.5273966109375 0.8680258953125 0.6284618171874999 0.9557481171875001 0.6404352531249999 0.9516686999999999
0 0.6228247328125 0.9571843984375 0.5207104890625 0.8712725000000001 0.45374610468750004 0.9762201749999999 0.47664270468750003 0.9750202140625 0.5252369484375 0.9023647625000001 0.533949003125 0.9026376125000001 0.5962741375 0.9602697109375 0.6228247328125 0.9571843984375
0 0.6501618734375 0.9482586312500001 0.65291619375 0.95154840625 0.7455941625 0.8151350562499999 0.756017996875 0.8150890171875 0.8585327203125 0.9159696937499999 0.863565975 0.90666571875 0.7484633328125 0.7891497671875001 0.650232075 0.9413322796875001 0.6501618734375 0.9482586312500001
0 0.7364762218750001 0.7819947921875 0.7458898109375001 0.7799801078125 0.8521839765625 0.8786696375 0.854691575 0.86444405 0.7369856328125 0.75265758125 0.6434739031250001 0.91154398125 0.64813071875 0.9214493390625 0.7364762218750001 0.7819947921875
0 0.669770678125 0.9478297140624999 0.6813781624999999 0.9475972359375 0.7488493218750001 0.8497307093750001 0.759391225 0.847006346875 0.836375896875 0.9226512984375 0.8529464687500001 0.920041234375 0.750715678125 0.8180519687500001 0.661335690625 0.9487341671875 0.669770678125 0.9478297140624999
0 1 0.8093418515625 0.9705982640625 0.777034478125 0.876512134375 0.9155590390624999 0.8836650515625 0.9146707125000001 0.8904827796875001 0.9146607453125 0.9668847406250001 0.8026208312499999 0.9753912031249999 0.803408734375 1 0.8297370531249999 1 0.8093418515625
0 1 0.7787197796875 0.9711630046874999 0.7482204859375 0.8706857953125 0.9014040218750001 0.8743216374999999 0.9097590953125 0.9735961546875 0.77124284375 1 0.799210425 1 0.7787197796875
0 1 0.7518398265624999 0.9653119515625 0.71562955625 0.87011149375 0.873718021875 0.8715641328125001 0.879872553125 0.8741525609374999 0.8815926624999999 0.9644079812499999 0.7450289156250001 0.9738215984374999 0.7430142046875 1 0.7693013750000001 1 0.7518398265624999