0 0.345782065625 0.4883155875 0.2529632953125 0.3909778859375 0.155805709375 0.2980287515625 0.11485170156249999 0.37686956875 0.048005396875 0.5171988171875 0.05099385937499999 0.5263290984375 0.0613915609375 0.5316463812500001 0.1480607984375 0.3610805328125 0.157209440625 0.34870047656250003 0.174567146875 0.34939845625 0.22870058750000002 0.399835890625 0.3362251046875 0.50700865625 0.34587029375 0.502598171875 0.345782065625 0.4883155875
0 0.1438673109375 0.245657778125 0.0373059078125 0.46649951562499997 0.040679612500000004 0.4759965515625 0.05015835625 0.4818399078125 0.139351575 0.301257875 0.1525369109375 0.2960905796875 0.1689679703125 0.299541221875 0.3222504203125 0.45432723125 0.33293485624999997 0.4524963546875 0.335809559375 0.43577156562499997 0.1438673109375 0.245657778125
0 0.03703734375 0.4304634 0.129179403125 0.2496217921875 0.14257209843750002 0.24131997031250002 0.160961359375 0.2468241484375 0.32211753125000003 0.41694362187499995 0.3310179015625 0.40057877968750005 0.1322565578125 0.1932579640625 0.0220270265625 0.41397741093749996 0.03703734375 0.4304634
0 0.15374571875 0.1927019015625 0.3142875078125 0.36999837343749997 0.3254891140625 0.3512050515625 0.1284684703125 0.1330466359375 0.0140889046875 0.345766503125 0.015055185937500002 0.36948074062499997 0.017770374999999998 0.3756212578125 0.024842978125 0.37633422968749997 0.127556875 0.1883294734375 0.15374571875 0.1927019015625
0 0.5152478390625 0.11146503593749998 0.5026359703125001 0.10233601875000001 0.3781818546875 0.32564314843750003 0.38238744687500004 0.3408543234375 0.3941034375 0.34382965 0.49837620312500003 0.1596943125 0.5103866171875 0.15329489375 0.523669165625 0.15791305 0.672781703125 0.325086040625 0.6822989078125 0.31979645625 0.6823450609374999 0.306436928125 0.5152478390625 0.11146503593749998
0 0.5254347312500001 0.27261464375 0.4046386 0.480018396875 0.41029046406249997 0.4937667171875 0.42069585624999994 0.4968574109375 0.5137516328125 0.3359685703125 0.5303722109375 0.32248560625 0.545165025 0.3260804578125 0.68534920625 0.47979354374999994 0.6940754390625 0.47590913125 0.696287153125 0.46146861250000004 0.5254347312500001 0.27261464375
0 0.6591379468749999 0.368134175 0.5257550203125 0.2178290390625 0.5144869703125 0.2179305578125 0.39906889843750004 0.42352535468749997 0.4040654640625 0.4373313578125 0.413951234375 0.43913224375000004 0.514781065625 0.265539165625 0.5278307265625 0.26171936093750003 0.5441030328124999 0.27319725625 0.6723075671875 0.424403409375 0.68717975625 0.4239846328125 0.6917566984375 0.40755518281249997 0.6591379468749999 0.368134175
0 0.690809759375 0.3782565109375 0.691375534375 0.3661867890625 0.5767990390625 0.2333690296875 0.514991540625 0.1666901875 0.4898468484375 0.20140188124999997 0.38690775624999996 0.3787420875 0.3931509265625 0.3919931734375 0.40166210781249995 0.3934698765625 0.49056335312500005 0.24051484531249998 0.5069587328125 0.2163673296875 0.5261620453125 0.2137865703125 0.5412594296875 0.22403234374999997 0.673708015625 0.3793167296875 0.6846253421874999 0.3859238171875 0.690809759375 0.3782565109375
0 1 0.4281177921875 0.9245255921875 0.33665772656250004 0.8860085906249999 0.2962655078125 0.8388879984375001 0.24604579062499998 0.70993438125 0.4589900703125 0.71314891875 0.4712164578125 0.723755453125 0.47509409218750004 0.8226430109375 0.31675832812500004 0.8392833140624999 0.2955672640625 0.8586041640625 0.2977155546875 0.86763101875 0.30798692031249997 0.9120654 0.35699970468750003 0.9620713656250001 0.41225785000000004 0.9986103640625 0.4513808015625 1 0.4483467109375 1 0.4281177921875
0 1 0.382786896875 0.927629765625 0.2988564296875 0.8326195249999999 0.195597921875 0.827161315625 0.1975217734375 0.7031568578125 0.4124360421875 0.7078569781249999 0.42501278750000004 0.7188950859375 0.42692791874999997 0.8263476828125 0.24859305312500002 0.839181259375 0.24313320312500003 0.8541670625 0.2499932515625 0.9258369515625 0.3259574578125 0.9870386234374999 0.3989941140625 0.9982483046875 0.3922338234375 1 0.383529946875 1 0.382786896875
0 0.9354714921875 0.2591081125 0.8309585984375 0.139846578125 0.8012190515625001 0.18191700156249999 0.6974541421875 0.35848386875 0.7005220515625 0.37216654843749997 0.7109211109375 0.3746190625 0.8184428625000001 0.1967592359375 0.8342642281250001 0.1871873515625 0.851797925 0.194304246875 0.9953810859375001 0.35775833281249997 0.9992153984375 0.3545340390625 0.9951958984375 0.3293880328125 0.9354714921875 0.2591081125
0 0.8264330624999999 0.0767359359375 0.6932176859375 0.2973588984375 0.7005224109375 0.310582025 0.7099199984375 0.3160094640625 0.8204461625 0.12922485625 0.831725003125 0.12293960468750001 0.8511675437499999 0.1308507296875 0.9895940671875 0.290909703125 0.9843988749999999 0.25768799375 0.898742003125 0.1521627609375 0.8264330624999999 0.0767359359375
0 1 0.755772728125 0.9354205796875 0.6874038734375 0.8837042125 0.758352046875 0.81388124375 0.8650542250000001 0.8199286265625 0.8770312468749999 0.8296969437499999 0.877614765625 0.9337162015624999 0.7298932406249999 0.9450475718750001 0.728895784375 0.9548684265625 0.734767096875 1 0.7846715875 1 0.755772728125
0 1 0.71334665 0.9379798015624999 0.6433958703125 0.928341484375 0.6461688078125001 0.8095824593750001 0.818282003125 0.8185152171875 0.8352974546875 0.8255973234375 0.83467404375 0.9222245843750001 0.6953012703125 0.9322419453125 0.68527803125 0.94151784375 0.6849426390625 0.9519860609374999 0.68787019375 0.99324180625 0.7347571375 1 0.7425609828125 1 0.71334665
0 1 0.6799939421875 0.933526071875 0.60048631875 0.8061744187500001 0.7800916921875001 0.8093889578125 0.7923180796875 0.8165319109375 0.7945760843749999 0.92955874375 0.6422126265625 0.9500027546875 0.6471488234375 1 0.7084712046874999 1 0.6799939421875
0 1 0.6360811156249999 0.9368626593749999 0.556891015625 0.805693321875 0.73490793125 0.8087695453125001 0.7461842328125 0.8179679703125 0.7477801765625001 0.9251575453124999 0.60459086875 0.9368596484375 0.5987494890625 0.9534085031249999 0.6040285609375 1 0.6639042484375001 1 0.6360811156249999
0 0.6290419796875 0.716297721875 0.5886902359375 0.7766229328125 0.5186707578124999 0.8992196609375 0.5233708765625 0.9117964046875 0.532215196875 0.9134235187499999 0.6261895 0.7632183109375 0.6340572890625 0.760601225 0.648066559375 0.763217071875 0.7784484203125001 0.89511645625 0.7876717859375 0.8894932703125 0.7881366171875 0.8779052593750001 0.6290419796875 0.716297721875
0 0.78602366875 0.7722429078124999 0.71398039375 0.6813965750000001 0.630423215625 0.58290344375 0.5013176625 0.7578519171875 0.5060786265624999 0.7733100796875 0.5151995796875 0.776837359375 0.6058429546874999 0.6480950296875 0.623398940625 0.628266746875 0.6354385234375 0.6272069484375 0.6494311671874999 0.6346355499999999 0.7779593671875 0.7907545453125 0.7859129421875 0.7837997484375 0.78602366875 0.7722429078124999
0 0.659686246875 0.6582704046875001 0.62899546875 0.6272929765625 0.591224875 0.67824953125 0.50682539375 0.803074334375 0.5100399312499999 0.8153007203125 0.519091728125 0.8183529593750001 0.6140950953125001 0.67767974375 0.6283700343749999 0.66487608125 0.64880573125 0.6722186531250001 0.7771513953125 0.8196933984375001 0.784086871875 0.8205262812499999 0.7863997015625 0.806851084375 0.659686246875 0.6582704046875001
0 0.6311945640625 0.66703309375 0.60821626875 0.6988857734375 0.5491355 0.79068961875 0.5155200734375 0.848016215625 0.521282509375 0.86049945 0.53055009375 0.8625704328125 0.6209667140625 0.717489684375 0.633661975 0.71107975 0.6494417734375 0.713539746875 0.776620059375 0.8505324171875 0.7861283718750001 0.8444030187499999 0.7863774125 0.8337962624999999 0.682841053125 0.718778928125 0.6311945640625 0.66703309375
0 0.510044878125 0.9163373453125001 0.5123493921875 0.9050685218750001 0.3999936515625 0.781204946875 0.35335716562499997 0.73431051875 0.2415944640625 0.9101380140625001 0.2413095171875 0.9106442250000001 0.24573300312500002 0.92132080625 0.257479325 0.923173596875 0.3483800546875 0.7814181328124999 0.3649538484375 0.7794780796875 0.377806703125 0.788931525 0.49370349999999996 0.912483396875 0.5030927734375 0.9203172140625 0.510044878125 0.9163373453125001
0 0.35386091406250003 0.6909645796875 0.346925434375 0.6901316953125 0.23248483437499998 0.862345884375 0.2349303171875 0.8717531968750001 0.24843054062499997 0.8782628859375 0.342086640625 0.73818939375 0.3572523265625 0.73396764375 0.37138328593750003 0.7423463265625 0.49572872968750004 0.8795883609375 0.50380399375 0.8783963968749999 0.5068941921875 0.8651339 0.35386091406250003 0.6909645796875
0 0.38599871406249997 0.692465771875 0.34409560625 0.6485225859375 0.226155515625 0.8090166 0.22151057968750001 0.821453696875 0.22480259062500002 0.8317487484375 0.23413933281250002 0.8342947734375 0.33920427656249996 0.6912924890625 0.35386091406250003 0.6909645796875 0.369676615625 0.7035251203125 0.49772902031250005 0.853912453125 0.5040503859375 0.8480635921875 0.5051542671875 0.8359381984375001 0.38599871406249997 0.692465771875
0 0.5024627515625 0.7952791703125001 0.3431663015625 0.61011408125 0.322708315625 0.6297166875 0.2157095875 0.7791438687500001 0.21645370156250002 0.789182075 0.227051921875 0.7954660859375 0.2318102359375 0.7911982 0.3325484453125 0.650501296875 0.346505184375 0.6478293515625 0.363184040625 0.65646488125 0.4949600328125 0.815184759375 0.5005731875 0.8093982375 0.5024627515625 0.7952791703125001
0 0.46505388124999997 1 0.3479671125 0.905378640625 0.29985906562500003 1 0.3221996609375 1 0.3525750546875 0.940388078125 0.363099890625 0.9388057812499999 0.435186828125 1 0.46505388124999997 1
0 0.42859054687500003 1 0.35661375624999997 0.9446234062500001 0.32875309218750004 1 0.35036515625 1 0.3572432734375 0.985885559375 0.367108209375 0.9797705109375 0.39370539843749996 1 0.42859054687500003 1
0 0.622394759375 1 0.6528473671875 0.9578971640624999 0.6619354734375 0.953162165625 0.70547063125 0.9969915515625001 0.7378106359375 0.994144784375 0.6518294359375 0.9173250359375 0.5900417390625 1 0.622394759375 1
0 1 0.954702065625 0.917657890625 0.8762176500000001 0.8409478375000001 0.9839686375 0.8705494593750001 0.982460296875 0.9186871546875001 0.9135096078125 0.9295061328124999 0.9105897531249999 0.9916403375 0.9713595890625 1 0.9706237203124999 1 0.954702065625
0 0.199783121875 1 0.097731946875 0.9024841734375 0.081041403125 0.928875084375 0.0850723875 0.9632794734375001 0.101185975 0.9362835171875 0.11112251875000001 0.9373763437499999 0.1769754703125 1 0.199783121875 1
0 0.168715878125 1 0.1042593046875 0.940603825 0.08629790937500001 0.9716974437499999 0.0904183109375 1 0.091963921875 1 0.10674795781249999 0.974488146875 0.11716718906250001 0.9755384843750001 0.14299095312500001 1 0.168715878125 1
0 0.1397375390625 1 0.11003249531249999 0.9735431859375 0.0947495765625 1 0.1397375390625 1