0 0.2949938515625 0.709648996875 0.5915179875 0.9300618828125 0.6029923 0.9211378046875 0.60911288125 0.9124134015625 0.60563194375 0.8990438296875001 0.23693255156249998 0.61826270625 0.0812097578125 0.9673140874999999 0.0872533453125 0.9987138828125 0.1096096875 0.9984537437500001 0.24018179375 0.711976503125 0.254971065625 0.69981354375 0.27400670312500003 0.69844276875 0.2949938515625 0.709648996875
0 0.5875419625 0.854972265625 0.5893718328124999 0.8431982437500001 0.5877179156250001 0.8299493328124999 0.21449202031249998 0.5371403703125 0.059706334375 0.8764334593750001 0.0736956234375 0.9401235328125 0.214579103125 0.6347670421875 0.22613925468749999 0.6222525109375 0.2405865953125 0.6185040265625 0.2530781546875 0.620020565625 0.271090846875 0.6319985406249999 0.5557171750000001 0.8554984093750001 0.572795609375 0.865339996875 0.5875419625 0.854972265625
0 0.568120228125 0.7653356171875 0.1938599359375 0.452087684375 0.03873659375 0.7819532265625 0.052405375 0.8462141109375001 0.19281958593749998 0.5487104375 0.2087133703125 0.537450296875 0.22647424531250002 0.536410271875 0.24482744531249997 0.5459211109375001 0.553411096875 0.7976974859375 0.5662445875000001 0.790799546875 0.5689243015625001 0.7788050265625001 0.568120228125 0.7653356171875
0 0.5552984390625 0.712748915625 0.5557691296875 0.69894875625 0.177777203125 0.365271828125 0.0174288890625 0.6899513625 0.031434209375 0.7576812187499999 0.1715050625 0.4745393625 0.18502099375 0.4567598109375 0.20078602031249998 0.4508853515625 0.21591152500000002 0.454097278125 0.23379688125000003 0.46551359375 0.5355360140625 0.73274386875 0.5489217640625 0.7262973390624999 0.5552984390625 0.712748915625
0 0 0.6134877624999999 0.013268360937500001 0.6755687234375001 0.159632903125 0.3705742140625 0.17973155937500002 0.365954146875 0.192095784375 0.3669090234375 0.2112129875 0.37978981875 0.52284980625 0.6569406984375 0.5314326546875 0.6570925921875 0.5398895968749999 0.650735490625 0.5418911468750001 0.6317805578125 0.540491896875 0.6196549671875 0.1540887984375 0.27864523281250003 0 0.60301415 0 0.6134877624999999
0 0.9331534874999999 0.3306101953125 0.93665941875 0.322694325 0.9319256125000001 0.31260479375 0.78371265625 0.16782006875 0.7656176390625 0.156346753125 0.664679465625 0.3765546390625 0.6672959625 0.38449881874999997 0.6724926421874999 0.39123460625 0.6816568375000001 0.39209052187500004 0.759248921875 0.21997734375000003 0.7686477828125 0.2056820359375 0.7787377265625001 0.199830471875 0.79001923125 0.2028317375 0.9268002671875 0.3295638890625 0.9331534874999999 0.3306101953125
0 0.9276196593750001 0.284619215625 0.9322030484375 0.27965743125000003 0.9320513390625 0.26999586249999996 0.7714443984375 0.1047134703125 0.7637440328125 0.10132198750000002 0.658418240625 0.3129673484375 0.6586866390624999 0.3177481765625 0.664460296875 0.32702896406250004 0.6744322609375 0.331447884375 0.7661972015625 0.14811227031250002 0.7752083953125 0.1446963578125 0.7847576734375 0.1454523625 0.794382159375 0.15373402187500002 0.8639071859375 0.22300355624999998 0.9276196593750001 0.284619215625
0 0.748795178125 0.7799542859375 0.7566109375 0.7838547671875 0.761001140625 0.7816378125 0.8384064953125 0.585320753125 0.8441464234374999 0.5746694890625 0.8550441359375001 0.5723809281250001 0.8641305406249999 0.576490671875 0.9842239296875 0.6661682546875001 0.9846769609375 0.6467041874999999 0.8361867015625 0.5287689875 0.7498401953125 0.75758658125 0.7455239109375 0.7727189328125 0.748795178125 0.7799542859375
0 0.7354481734375 0.719283340625 0.7433793296875 0.7236928234375 0.7499257359375 0.7219943015625 0.8294847140625 0.5369751640625 0.8357251187499999 0.5267329859375 0.8446598140624999 0.5211811609375 0.8527076578124999 0.5207099015625001 0.8605610203125 0.5283732140625 0.9849128984375 0.6365673625 0.9854472187500001 0.6136107515625 0.8320791015625 0.476479615625 0.7369521906250001 0.70973111875 0.7358345484375 0.7137936859375 0.7354481734375 0.719283340625
0 0.96771005625 0.5819525375 0.9776820203125001 0.5863714546875001 0.9823043031250001 0.579782759375 0.9804579718750001 0.5716387546874999 0.8174990578125 0.41936223593750005 0.7186392968749999 0.6433423875 0.71933038125 0.65178613125 0.7211391078125 0.65616730625 0.7259130984375 0.6592401796875 0.732727903125 0.6623224890625 0.8129779625 0.485747090625 0.82049030625 0.470324434375 0.8312350187499999 0.46376404375 0.8385126953125001 0.4634926109375 0.8470597234374999 0.4688201828125 0.96771005625 0.5819525375
0 0.9614086437499999 0.5253819 0.9661852203124999 0.517675290625 0.96684128125 0.5115767234375 0.797219271875 0.365879465625 0.7127644484375 0.574265440625 0.7052495234375 0.60046758125 0.7075198328125001 0.6068847578125001 0.713525575 0.61179380625 0.719224025 0.6135489390625 0.79570363125 0.4239393609375 0.8014435578124999 0.413288096875 0.8130349390625 0.40866379375 0.8243164437500001 0.4116650609375 0.8605427890625 0.44376426249999995 0.9614086437499999 0.5253819
0 0.9327374125000001 0.4600639046875 0.954873859375 0.47857274531250005 0.9602274140624999 0.4734111375 0.9604218921875001 0.46527656874999995 0.7927265859375 0.31369000625 0.7099689671875 0.5097789328125 0.7002615265625 0.5263100656249999 0.6947122 0.5449959875 0.6958272640625001 0.551712903125 0.7036041265625 0.5572403 0.7101505343750001 0.5555417796875 0.787358828125 0.3781387703125 0.7939467140625001 0.3640338546875 0.801071390625 0.35949059375000003 0.8105830656249999 0.3564837703125 0.821247403125 0.36395669062499997 0.9327374125000001 0.4600639046875
0 0.9375969453125 0.4275445015625 0.9428338125 0.4272636328125 0.945954659375 0.4194476734375 0.944069434375 0.412930584375 0.77872223125 0.2645073703125 0.6871427296875 0.47743660625000006 0.682748653125 0.49582278437499994 0.6860588187500001 0.5014312249999999 0.6904477265625 0.5046040109375001 0.697956196875 0.5053505781250001 0.7757440515625 0.319713090625 0.7813296859375 0.31017974062500003 0.7915726296875001 0.308600003125 0.799696971875 0.3102646578125 0.8102459156249999 0.317228578125 0.9375969453125 0.4275445015625
0 0.8166470703125001 0.2789197796875 0.821343275 0.2852464828125 0.830582678125 0.2936280546875 0.84194068125 0.29876523593750004 0.8493700671875001 0.308155371875 0.8549142249999999 0.31102841875 0.8947204187500001 0.34812714375 0.9338342390625 0.38217186875000003 0.9383022328124999 0.3767010875 0.9374957531250001 0.36774834218749997 0.7719955484375001 0.215053303125 0.678262428125 0.4166846171875 0.672289125 0.437097365625 0.6737127671875001 0.441578453125 0.6776777 0.44647806875 0.6865722078125 0.44794289843749996 0.7687865781250001 0.2692410203125 0.7758360468750001 0.2571721046875 0.789159653125 0.2547930640625 0.8052527546875 0.26463003125 0.807368771875 0.2721651234375 0.8166470703125001 0.2789197796875