0 0.1267044140625 0.2595808796875 0.1423261859375 0.25601446562499997 0.1606648390625 0.2611093484375 0.3216374546875 0.38287699375 0.3345424546875 0.3808390484375 0.339976109375 0.3706492828125 0.1368925859375 0.21627439843750002 0.0002482546875 0.32349209375 0.0010506640625000002 0.3314187328125 0 0.3553646359375 0.1267044140625 0.2595808796875
0 0.13010043437500002 0.21423645468750002 0.1396093578125 0.212707984375 0.15726881875 0.21525542656250002 0.322995896875 0.3421179734375 0.3331840140625 0.3421179734375 0.34133455156250003 0.3314187328125 0.1355340890625 0.169401503125 0.0002482546875 0.27605817187500004 0 0.284036340625 0.00037147187500000004 0.309001215625 0.13010043437500002 0.21423645468750002
0 0 0.26467576249999997 0.1253459734375 0.1699109796875 0.1348549515625 0.16889202812499998 0.15319354999999998 0.170420496875 0.3243543390625 0.30339685781250003 0.33793853125 0.29983044375 0.34133455156250003 0.28556483125 0.13077968281250002 0.12354755937499999 0.0002482546875 0.22724935156249998 0 0.2376729015625 0 0.26467576249999997
0 0.12874204843749998 0.11998116875 0.151155915625 0.1220191125 0.3182414359375 0.2621283203125 0.3291088015625 0.2595808796875 0.3392969171875 0.24837214218749998 0.13010043437500002 0.076165178125 0.002998046875 0.17294095 0.0010506640625000002 0.1811197390625 0 0.21219848749999998 0.12874204843749998 0.11998116875
0 0.13390245781250001 0.0728707140625 0.14555726875 0.07472518125 0.23314487968750003 0.1430755828125 0.238442534375 0.1414860546875 0.2437401609375 0.13618757343750001 0.134255625 0.0503521828125 0.037304917187499995 0.128889115625 0.0385449640625 0.13486296250000002 0.0459616515625 0.1375121921875 0.13390245781250001 0.0728707140625
0 0.0477275453125 0.11531913281249999 0.133549290625 0.0482933421875 0.1413191453125 0.050677653125 0.234557578125 0.120882534375 0.24162109843750001 0.1124049734375 0.1303706984375 0.026834490625000002 0.0353984640625 0.1077989828125 0.037485432812500004 0.1118751375 0.0403108578125 0.113729584375 0.0477275453125 0.11531913281249999
0 0.1261325734375 0.0233904859375 0.133549290625 0.023125556250000002 0.2303194828125 0.09571475 0.2370298078125 0.09465504687500001 0.23950203593750002 0.0882968703125 0.125073071875 0.0027264109375000002 0.0304219125 0.0869722515625 0.0311282765625 0.0901513390625 0.040664025 0.0959796890625 0.1261325734375 0.0233904859375
0 0.2546052671875 0.15397930312500002 0.3393674828125 0.09490121406249999 0.34890323125 0.09516614375 0.42660192500000005 0.169079978125 0.43437177968749996 0.16802026406249998 0.4393162390625 0.1621919234375 0.3457246390625 0.07450206718749999 0.24606149375 0.144259890625 0.24506951875 0.148945715625 0.24789491562500002 0.1526546703125 0.2546052671875 0.15397930312500002
0 0.34148651406249997 0.073972209375 0.3464310015625 0.073177446875 0.3549072203125 0.073442375 0.43260591406250004 0.146826353125 0.43755037343750003 0.1452368046875 0.4417884671875 0.139143525 0.3492563984375 0.051718596875 0.2489211734375 0.12316975625 0.24824811093750002 0.1274868765625 0.2570774984375 0.132520453125 0.34148651406249997 0.073972209375
0 0.3474905046875 0.048539509375 0.35631991875 0.050923821875 0.43755037343750003 0.12298316718749999 0.44284802812499996 0.12218839374999999 0.4460265921875 0.115300371875 0.3496095671875 0.028935131250000003 0.24606149375 0.1035094625 0.24860127968749998 0.107617575 0.2556647984375 0.111326509375 0.3474905046875 0.048539509375
0 0.35066909687500003 0.0252261859375 0.35667308593749997 0.0265508125 0.43896307187500005 0.0994049234375 0.44637975937499996 0.09914000625 0.44885198906249996 0.0922519734375 0.3513754609375 0.005091957812500001 0.25036717343750003 0.081125159375 0.25107350781250004 0.08562886875 0.2595497265625 0.0888079671875 0.35066909687500003 0.0252261859375
0 0.4031629921875 0.41465725000000003 0.565715840625 0.30655970312499997 0.5772444171875 0.30266817968750004 0.5881965796874999 0.3022358 0.6031837375 0.303100578125 0.7299980296874999 0.431952865625 0.7495965984375 0.42762896093749997 0.7536315953125 0.417683978125 0.6026073234375 0.2628882859375 0.5933844515625 0.259429175 0.38371253125 0.39880853437499997 0.3841408359375 0.4051446828125 0.38759941875 0.411198140625 0.4031629921875 0.41465725000000003
0 0.4129622765625 0.3727154203125 0.5864672875 0.25769960468750003 0.5974194484375001 0.2564024296875 0.6106772703125001 0.25726720625 0.7490201359374999 0.3947673203125 0.7622780046875001 0.39087583124999997 0.767465878125 0.37963363906250003 0.6066422734375 0.21273102656249998 0.389157790625 0.35738566875 0.3904815640625 0.3644999921875 0.396822265625 0.3705534515625 0.4129622765625 0.3727154203125
0 0.41642085937499995 0.32817920625 0.6037601515625 0.2088395125 0.6199001875000001 0.2097042796875 0.7490201359374999 0.345474821875 0.75881946875 0.349366328125 0.7709244609375 0.3480691546875 0.7743830421875 0.334232665625 0.6158651421875 0.1647356953125 0.3961588390625 0.309545175 0.3979751421875 0.3182342421875 0.40604513593749997 0.32515247812500003 0.41642085937499995 0.32817920625
0 0.4250672671875 0.2762923953125 0.6060659046875 0.16343852187500002 0.6164416046875 0.1599794125 0.6325815921875 0.16343852187500002 0.7640072953125 0.3087216390625 0.7738065796875 0.31304554218749997 0.7847587421875 0.30742448125 0.7893701531249999 0.29445276875 0.629699425 0.1150108140625 0.40373940625 0.25856438125 0.40201013906250005 0.2650502359375 0.4083508421875 0.2762923953125 0.4250672671875 0.2762923953125
0 0.22400045 0.5969221296875 0.2473989546875 0.597330315625 0.3850691578125 0.6908031234374999 0.392687265625 0.6887622140625 0.40139369374999995 0.6810068499999999 0.2376042515625 0.5618188046875 0.057477045312499996 0.6799409640625 0.0623876265625 0.685496784375 0.0770797046875 0.691619459375 0.22400045 0.5969221296875
0 0.0705498953125 0.65569978125 0.22944196093749997 0.558553375 0.2479431375 0.56018608125 0.3839808390625 0.6585570265625 0.3986729140625 0.6540670578125 0.3997612359375 0.6442707859375 0.2365159765625 0.5242664046875001 0.056742709375 0.6424898625 0.0564019765625 0.6512098140625 0.060211031250000005 0.6524343515625 0.0705498953125 0.65569978125
0 0.07490310781250001 0.6189637343750001 0.22019144218750003 0.5226337062499999 0.2305302828125 0.5189600999999999 0.24413403906250003 0.5210009828125 0.38942235 0.6222291640625001 0.3992170984375 0.6189637343750001 0.4041144265625 0.611208353125 0.23216274062500003 0.48589765781249994 0.052336698437499996 0.6072417671875 0.05531365781249999 0.6136574296874999 0.0612993296875 0.616922859375 0.07490310781250001 0.6189637343750001
0 0.07490310781250001 0.5781459203125 0.2207355796875 0.4809995234375 0.2278095046875 0.4809995234375 0.2435899015625 0.48140770625 0.3818042421875 0.583860428125 0.3915989453125 0.585084965625 0.40084955468750005 0.580594996875 0.40193783125 0.572839615625 0.23216274062500003 0.44426348750000005 0.05531365781249999 0.5654924203125 0.0547695203125 0.5720232453125 0.0623876265625 0.5769213984375 0.07490310781250001 0.5781459203125
0 0.5793310734375 0.6063102171875 0.5929347859375 0.6071265875 0.7088389875 0.7014157328125 0.7213544234375 0.69896665625 0.725163478125 0.6908031234374999 0.58640504375 0.57365596875 0.41362967656249994 0.68654998125 0.413909175 0.693660334375 0.42751293125 0.69896665625 0.5793310734375 0.6063102171875
0 0.5820518515625001 0.5695741859375001 0.5989204796875 0.5707987250000001 0.711015628125 0.6671287609375 0.7257077046875 0.66672059375 0.7306051234375001 0.656516134375 0.5940231515625001 0.5414098890625 0.4158326828125 0.6474466249999999 0.41499745 0.65610795 0.4258804734375 0.6622306250000001 0.5820518515625001 0.5695741859375001
0 0.5951114265624999 0.537736284375 0.609259365625 0.538552653125 0.7235310640625 0.63773994375 0.73876736875 0.636923590625 0.7431204703125001 0.6295763765625 0.6049061734375 0.504673859375 0.42023869375 0.6188075484375 0.42370387656249997 0.626310946875 0.43730763437500003 0.630800915625 0.5951114265624999 0.537736284375
0 0.5918465109375 0.5010002609375 0.6027295328125 0.49855119375 0.6179658375 0.50304114375 0.7289726203125 0.6010039125 0.7436646984374999 0.60263661875 0.75237108125 0.593656715625 0.610347640625 0.4626315015625 0.4253790421875 0.5819071984375 0.43023366406249997 0.5916158078125 0.443837465625 0.593248515625 0.5918465109375 0.5010002609375
0 0.7160842374999999 0.47818937031250003 0.7220493078125 0.47783140937499996 0.7879037703125 0.5322415828125 0.7933916484375 0.5288409546875 0.7210949 0.46619765781250005 0.6611461265624999 0.5031766296875 0.6645459296875 0.5055734359375 0.6693179953125 0.5091530546875 0.7160842374999999 0.47818937031250003
0 0.718708846875 0.4645868328125 0.723958146875 0.46530274531250004 0.7867107640625 0.5184600671874999 0.7917214265625 0.5186390453125 0.7943460578125 0.515417378125 0.7208562828125 0.451342240625 0.6505202406249999 0.4949657171875 0.654763203125 0.4975193015625 0.6602510796875001 0.501814840625 0.718708846875 0.4645868328125
0 0.7179930546875 0.4493734515625 0.7246739578125 0.4493734515625 0.7881423875 0.5057524203125 0.7921986421875 0.5057524203125 0.79315305 0.50145688125 0.72228790625 0.4382766421875 0.641182340625 0.48772079375 0.6442646640625 0.48982312187500004 0.6480823203125 0.4930447796875 0.7179930546875 0.4493734515625
0 0.7191860609375 0.4377396953125 0.7253897499999999 0.43630785000000005 0.7881423875 0.49107599375 0.7933916484375 0.4925078359375 0.7957776796875 0.48874924062499997 0.7366041015625 0.43630785000000005 0.728252996875 0.4311174078125 0.721333496875 0.4268218640625 0.6344204125 0.48071736875 0.6361521578125 0.4833798140625 0.63973120625 0.48713840781249995 0.7191860609375 0.4377396953125
0 0.8894504171875001 0.48316438125000005 0.8966085156249999 0.48495419375 0.951248646875 0.53811150625 0.9569751203125 0.53506883125 0.8951768921875001 0.47242552968749996 0.801536621875 0.527809365625 0.8018830546875 0.5309522765625 0.8057007109375001 0.5329210609375 0.8894504171875001 0.48316438125000005
0 0.8923136640625 0.46964367031250004 0.898517353125 0.47053857343749994 0.9562593078124999 0.523695896875 0.9605541593750001 0.5199373015625001 0.8958927031249999 0.45854686093749997 0.8066551203125 0.5167156375 0.8076095296875 0.5194003578124999 0.8097569640625 0.52154811875 0.8923136640625 0.46964367031250004
0 0.8961313015625001 0.45693602968749997 0.9001875546875 0.45657806250000005 0.9622243796875001 0.5099143609375 0.9665192515625 0.5057977984375001 0.8982787359375 0.44548125 0.80829855 0.5053501046875 0.8088025453125001 0.508124559375 0.8128587984375001 0.5100933375000001 0.8961313015625001 0.45693602968749997
0 0.8614407296875 0.6091205171875 0.86683865 0.60888233125 0.9179601171874999 0.6560422578125 0.9239930984375 0.652469534375 0.8642984359374999 0.59911689375 0.7769897046875001 0.6500058890625 0.7785667625 0.65342225625 0.7823770578125 0.6560422578125 0.8614407296875 0.6091205171875
0 0.871919053125 0.5969732640625 0.9224054859375 0.6441331796875 0.9274858640625 0.6415131890625 0.867473709375 0.5857787250000001 0.7842822140625 0.6377022796875 0.78713993125 0.6424659109374999 0.8620757640625 0.5967350796875001 0.871919053125 0.5969732640625
0 0.8611232125000001 0.58339691875 0.8671561671875001 0.5822060015625 0.92367558125 0.631985928125 0.92780340625 0.628889565625 0.8665211328125 0.5729169296875 0.7817032234375 0.6246171625 0.7823770578125 0.627698659375 0.7855523078125 0.6300804734375001 0.8611232125000001 0.58339691875
0 0.8662035890625001 0.57053511875 0.8741417234375 0.571249665625 0.924945675 0.618885953125 0.9287559828124999 0.6155514156249999 0.8690613203125 0.559340584375 0.7839646828125 0.610549609375 0.7839646828125 0.6143604984375 0.7884100390625 0.6167423125 0.8662035890625001 0.57053511875
0 0.9003623484375 0.030802940625000004 0.9137376921874999 0.0362557140625 0.9529914421875001 0.08467640625 0.9567714374999999 0.0822771890625 0.9157730718750001 0.0316753828125 0.9023977046875 0.0240414875 0.83348553125 0.0713716234375 0.8346486015625001 0.07333462187499999 0.837265515625 0.07529762031250001 0.9003623484375 0.030802940625000004
0 0.9067592234375 0.017934375 0.9183899734375001 0.022514710937499998 0.95386375 0.0648282859375 0.9585160546875 0.06308339375000001 0.9224607328125 0.019243040625 0.907050009375 0.01160915 0.8361024453124999 0.0585030625 0.8375562890625 0.06068417499999999 0.8416270484374999 0.0617747234375 0.9067592234375 0.017934375