0 0.5835592093749999 0.9037746125 0.2400851828125 0.588949246875 0.05694921093750001 0.9232100796875 0.06416563125 0.9900321249999999 0.23568498437500002 0.6828827375000001 0.25136932968750003 0.6721059859375 0.27039424375 0.67250685625 0.2903343234375 0.685655159375 0.567010984375 0.9334526640625 0.579138015625 0.925603628125 0.5859294609375 0.9174561625000001 0.5835592093749999 0.9037746125
0 0.56917300625 0.8580593625 0.5719495578125 0.846465896875 0.571384765625 0.833074825 0.2243924203125 0.50581121875 0.042981887499999996 0.8304095078125 0.0516967453125 0.895344603125 0.21653186249999998 0.6033600375 0.22903645468749997 0.5919316921875 0.243696103125 0.5895302078125 0.25598394999999996 0.5922072046875 0.27290586562499997 0.6058499328125 0.537509875 0.8556251296875 0.5536774421875 0.8670464578124999 0.56917300625 0.8580593625
0 0.557172734375 0.766695284375 0.21081642656250002 0.4189144984375 0.029837834375 0.7340621359374999 0.0381877765625 0.7995377296874999 0.201917403125 0.515355421875 0.21862567031250002 0.5055834203125 0.2363570875 0.5061961890625 0.253818153125 0.5174056218749999 0.53992376875 0.797660615625 0.5532363109375 0.791962346875 0.5568751953125 0.78022761875 0.557172734375 0.766695284375
0 0.5487140312500001 0.712962371875 0.55030506875 0.699218140625 0.20190407968750002 0.330679275 0.01615624375 0.6401595171875 0.024558178125 0.709132328125 0.1867775609375 0.43926725937500005 0.20165395312499998 0.42276042968749994 0.2177958796875 0.41835739375000003 0.23256274062500001 0.4229732640625 0.249403859375 0.43604298124999996 0.52745094375 0.7311016875 0.54127545 0.72590579375 0.5487140312500001 0.712962371875
0 0.5419839328125 0.6308183359374999 0.5415807312500001 0.61857328125 0.18541952343749998 0.2419257734375 0.0041177515625 0.55478138125 0.0131932359375 0.6254025828125 0.1834447328125 0.33428945625 0.2037903359375 0.3315427609375 0.2159973890625 0.333646753125 0.23394322500000003 0.34829423125000003 0.521016834375 0.6541853546875 0.5295321703125 0.6551353765625 0.538452259375 0.6495704203125 0.5419839328125 0.6308183359374999
0 0.9552483890625 0.36630307812499996 0.9593761671875001 0.3587202515625 0.9554940921874999 0.34819933125 0.820019325 0.18975730625 0.8029745343749999 0.1766111375 0.6847593921875 0.38723723906249996 0.6867123984375 0.39541777499999997 0.6913273765625 0.40263095625 0.7003630140625 0.40433845 0.7914670328125 0.239593371875 0.8019691796874999 0.22618480624999998 0.8124706265625001 0.2212768234375 0.8234353328124999 0.225324703125 0.9490211609375001 0.364666803125 0.9552483890625 0.36630307812499996
0 0.9534939109374999 0.319837909375 0.9584517515625001 0.31530677812499996 0.9590874953125 0.30563960625000003 0.8129669453125 0.1255652390625 0.8055921359375 0.12146055781250001 0.683714578125 0.32312359687500003 0.683592078125 0.327925178125 0.6885731578125001 0.3377347828125 0.6981213359375 0.34307726875 0.8042206828125 0.1684378078125 0.8134520421874999 0.165863003125 0.822878421875 0.167506484375 0.8317669171875 0.17667599218750002 0.8952064937499999 0.252350821875 0.9534939109374999 0.319837909375
0 0.9962221578125 0.7192670234375 0.9986158890624999 0.7135621000000001 0.9981279875 0.7072666734374999 0.9924386453125 0.698104371875 0.8427739734375 0.5552688640625 0.7383558875 0.7758542125 0.732835521875 0.7905717984375 0.735496790625 0.7981050296875 0.742944821875 0.8027289953125001 0.7474872828125 0.800922309375 0.840376034375 0.61197729375 0.8469461234375 0.601869259375 0.8579601109375 0.6005962703125001 0.8666535859375 0.6055474921874999 0.9925590421875 0.718804540625 0.9962221578125 0.7192670234375
0 0.9832579703125001 0.6783571421875 0.9883129703125 0.680185446875 0.9939304968749999 0.6718272953125 0.9922217921875 0.66254418125 0.8429492640625 0.5026434937500001 0.729446259375 0.726842215625 0.7280050921875 0.73079725625 0.727174328125 0.7362461437500001 0.7346955796875 0.7413893921875 0.7413381875 0.7403012265625 0.835447040625 0.5628444859374999 0.8424810921875 0.553191725 0.8518103140625 0.5484757734375 0.8598448078125 0.54875343125 0.867023896875 0.557140409375 0.9832579703125001 0.6783571421875
0 0.9691229609375 0.62063811875 0.9786711390624999 0.6259806046875 0.9838000625 0.6198276109374999 0.9826285390624999 0.6115190562499999 0.8331124140625 0.44422036406250004 0.7166552562499999 0.658808715625 0.71665455625 0.6673092984375 0.718095021875 0.671854840625 0.7225881984375 0.675369021875 0.72910830625 0.6790824375 0.8232164578125 0.51012628125 0.8319359796875 0.49541589999999996 0.8431456890625 0.48986061249999996 0.8503986984375 0.49026628906249997 0.85845713125 0.4963841015625 0.9691229609375 0.62063811875
0 0.9674670437499999 0.5635312156250001 0.97284026875 0.55627564375 0.973988553125 0.5502434609375 0.8173165765625001 0.38889852812500003 0.716441209375 0.5892461859375 0.70684164375 0.6147263203125 0.7085749906250001 0.621349 0.7141425328125 0.6268123015625 0.7196614953125 0.62909588125 0.8110844390624999 0.4467663421875 0.8176545281250001 0.43665830625 0.8295478609375 0.43311615000000003 0.8405125671875 0.43716402656250003 0.8738931828125001 0.4726042546875 0.9674670437499999 0.5635312156250001
0 0.944297096875 0.49560411562500006 0.9647846421875 0.5161554953125 0.9705239671875001 0.5114963484375 0.9713793718750001 0.5033870281249999 0.817101125 0.33633716874999997 0.7189130703125 0.52455645625 0.707922321875 0.5401701796875 0.7008875671875 0.5583235265625001 0.7014486890625 0.5651382359375 0.7087256390625 0.571384065625 0.7153682484375 0.5702959 0.8065215484375001 0.40022995625 0.8142152843750001 0.3867501734375 0.8216640156249999 0.3828735546875 0.8313593390625 0.3807540265625 0.8413468390625001 0.38921221875 0.944297096875 0.49560411562500006
0 0.951772575 0.46356531093750003 0.9569986578125 0.46377175312499996 0.96073569375 0.456252934375 0.959393090625 0.44956624375 0.807190353125 0.2858953375 0.6988662531250001 0.490119615625 0.693003725 0.5080809296875 0.6958360765625 0.5139922984374999 0.6999385124999999 0.5175704875 0.7073379640625 0.5190147359374999 0.7997374109375001 0.3407754640625 0.8060631984375 0.3317700078125 0.8163689218749999 0.3311443234375 0.82430555625 0.3335631296875 0.8342198375000001 0.3415020375 0.951772575 0.46356531093750003
0 0.8436983046875 0.30382231875 0.847849321875 0.310580225 0.8563470765625001 0.31981374375 0.8672139203125001 0.3260027703125 0.8738311875000001 0.3360756203125 0.87910585 0.33946178125 0.9156363375 0.3802300796875 0.9517275046875 0.417882671875 0.956612125 0.412832259375 0.95653960625 0.4038123890625 0.8045325890624999 0.2358591875 0.6949883875 0.42859518906250005 0.6873918109375 0.4484344078125 0.688441534375 0.45304395937499997 0.6919821484375 0.4583080234375 0.700700265625 0.46059881249999995 0.7969332078125 0.2897007421875 0.804919825 0.278298096875 0.8183514828125 0.277160334375 0.833540425 0.2884854046875 0.83502946875 0.2962106640625 0.8436983046875 0.30382231875