0 0.2790968359375 0.2968764359375 0.274933375 0.29543359375 0.20608131875 0.368744090625 0.1858585859375 0.3950491484375 0.1879331609375 0.401078346875 0.19280712656250001 0.4026040875 0.26915535468749996 0.3229908578125 0.27534388125000003 0.322277515625 0.281844790625 0.32542861093750003 0.34265862343750003 0.41387019374999995 0.34808688593750003 0.41354662500000006 0.34999860312500003 0.4056352203125 0.2790968359375 0.2968764359375
0 0.35152054062500004 0.38093079531249996 0.27832416875 0.26664075781249996 0.27386903125 0.2713843734375 0.2639925484375 0.2798018703125 0.186596953125 0.3649815109375 0.18680524999999998 0.3708012140625 0.189448196875 0.3730236203125 0.1937180859375 0.3768713796875 0.27031512968750004 0.2948946765625 0.2753881453125 0.2945296546875 0.28147714687500003 0.294761703125 0.3446353125 0.38826185 0.3494526140625 0.38691 0.35152054062500004 0.38093079531249996
0 0.2663175953125 0.25088466875000004 0.186885475 0.33588004531250004 0.1871052484375 0.34404020156250004 0.1916806328125 0.3484021265625 0.27299543437499996 0.2660189328125 0.279745159375 0.2668065765625 0.2861465578125 0.27090308125 0.3488070953125 0.3691301515625 0.35569231874999996 0.3617991171875 0.2793913328125 0.24284028281249997 0.2663175953125 0.25088466875000004
0 0.3554587125 0.3469383359375 0.3583864125 0.3396239828125 0.28486385625 0.2147688734375 0.2734668453125 0.2239659203125 0.18880551406249999 0.30739408749999997 0.1875973796875 0.3120381234375 0.189281003125 0.3165410921875 0.1933449390625 0.31892931875 0.2742616515625 0.24032767812500003 0.276897678125 0.2391997828125 0.283341921875 0.23947327812500002 0.2893880625 0.2435283234375 0.3502295015625 0.345371140625 0.3554587125 0.3469383359375
0 0.5261523015625 0.4266695953125 0.4672792453125 0.3197929796875 0.46276744062499997 0.3216589921875 0.3793544453125 0.4065005484375 0.37974687500000004 0.413413134375 0.3812245640625 0.41645657187499996 0.38650353593750003 0.4175510828125 0.458147790625 0.3450449296875 0.46474132656249995 0.34390033125 0.47205918125 0.349539290625 0.516105825 0.42645425000000003 0.5204323796875 0.433179625 0.5261523015625 0.4266695953125
0 0.531120290625 0.3999748125 0.47209794687500006 0.294516275 0.46504274062500006 0.2932144890625 0.4564379609375 0.30321587499999997 0.38397676718749996 0.3779630640625 0.384409403125 0.3862041921875 0.38715185625 0.38748122500000004 0.391109346875 0.3874645421875 0.46310890000000005 0.3149998265625 0.4675211765625 0.3140792078125 0.4741285109375 0.3196352421875 0.5207254765625 0.40306831406250004 0.526210384375 0.40562235781249995 0.531120290625 0.3999748125
0 0.5342830078125 0.38359636406250003 0.534112996875 0.374963521875 0.47285962968749995 0.2702016484375 0.46829806406249996 0.272540346875 0.421153553125 0.317281440625 0.384346875 0.353955009375 0.3845600953125 0.36086127968750004 0.3860377484375 0.3639047125 0.39065599687499997 0.3644436296875 0.463465559375 0.29111644062500003 0.4699595671875 0.290917246875 0.47625452343749997 0.292608821875 0.4795153296875 0.299209840625 0.5283073515625001 0.389119565625 0.5342830078125 0.38359636406250003
0 0.48260204375000004 0.245978009375 0.4745737 0.2402561546875 0.46900306875000003 0.245348103125 0.387133971875 0.3295806203125 0.3869984875 0.3376992984375 0.3934994125 0.34085041875 0.4676732671875 0.26481144218749997 0.47376228437499995 0.26504348125 0.4798581859375 0.26862582968750004 0.5290552015625 0.35810431249999997 0.5343839359375 0.3587261390625 0.5373683203125 0.3542894 0.48260204375000004 0.245978009375
0 0.617046825 0.3383372390625 0.613444559375 0.33839539531249996 0.6086341796875 0.343097546875 0.53299078125 0.4251467625 0.5338271890625 0.431982146875 0.5394614046874999 0.4331181359375 0.6095851624999999 0.361391534375 0.6151696296875 0.3630002109375 0.6203490734375 0.365040115625 0.6630811546875 0.4441941625 0.667187934375 0.4427594015625 0.6717495 0.4404207015625 0.617046825 0.3383372390625
0 0.6289054921874999 0.3315865734375 0.616842253125 0.3129528703125 0.601700621875 0.3269764578125 0.5357957921875001 0.40106386875 0.536009865625 0.407833340625 0.5417505078125 0.4113742328125 0.6088263109375001 0.337856478125 0.61577510625 0.3367533390625 0.6225317328125 0.3408913046875 0.6663295609375 0.42016971718749996 0.6720066359375 0.41748269843749997 0.6738755125 0.4133942796875 0.6289054921874999 0.3315865734375
0 0.62227195 0.288704453125 0.6121964 0.2990127125 0.5388672031249999 0.3770120625 0.5386970734375 0.3823079078125 0.5422066953125 0.3865454640625 0.6118190171875 0.31284518906250003 0.6214038203125 0.310614171875 0.6274499609374999 0.3146692078125 0.6735990546874999 0.40235650781250004 0.6768889046875 0.3984339078125 0.68022855 0.394038625 0.62227195 0.288704453125
0 0.6839745828125 0.3652872546875 0.630124765625 0.2585183109375 0.6272330234375 0.25865936875 0.5428343109375 0.3464246828125 0.5433029171875 0.35222136875 0.5443755515625 0.35569603125000004 0.5496545203125 0.3567905640625 0.6185563562499999 0.2830073703125 0.6242334328125 0.2803203390625 0.6326101203125 0.28273333906250003 0.6763222234375 0.3696577671875 0.680883790625 0.3673190671875 0.6839745828125 0.3652872546875
0 0.81626841875 0.3766354453125 0.812247328125 0.3704242109375 0.805362134375 0.37775526875 0.7971623765625 0.38732541249999997 0.7254072125000001 0.46734394375 0.726611471875 0.4733571953125 0.731542103125 0.477760553125 0.8017584687499999 0.40173825625 0.8079400937500001 0.3976746140625 0.8146898015625 0.39846225625 0.8568247265625001 0.483288621875 0.8636173109374999 0.48025328125 0.86547926875 0.4728145421875 0.81626841875 0.3766354453125
0 0.8199080437499999 0.34547914999999996 0.8165117468749999 0.3469968421875 0.8116516031250001 0.35217170000000003 0.73975158125 0.4236910015625 0.729427246875 0.43636276093750004 0.7304072734375 0.4441330984375 0.73320640625 0.4482877671875 0.8119418640625 0.369910071875 0.8167093671875 0.3690309046875 0.8220450203125 0.37300303125 0.863369896875 0.4586919015625 0.8697505703124999 0.45273749218750003 0.8695308015625001 0.44457731562499997 0.8199080437499999 0.34547914999999996
0 0.8756419421875 0.430935434375 0.8244281656249999 0.32303860625 0.7881125328125 0.353731359375 0.7338153296875001 0.4105303328125 0.7337552046875 0.4191632796875 0.7376200875000001 0.42344227187500005 0.81452954375 0.3453300328125 0.818842296875 0.345354784375 0.8247819906249999 0.3470049125 0.8278866234375 0.351673703125 0.8692184171875 0.4407128734375 0.8757055078124999 0.43716336875 0.8756419421875 0.430935434375
0 0.8838707375 0.41084167968749996 0.8331974390625 0.2943949203125 0.8241807515625 0.3014772265625 0.8010314968750001 0.3198298890625 0.7410592171875 0.3801449234375 0.740236809375 0.388338621875 0.7458779609375 0.3928248921875 0.8191491937500001 0.3219440953125 0.8272563421875001 0.316669646875 0.8344677546874999 0.319903653125 0.83762211875 0.324099753125 0.875870034375 0.418521059375 0.8806375375 0.41764189218750003 0.8838707375 0.41084167968749996
0 0.9502449859375 0.3864317046875 0.9454207984374999 0.38443325625 0.936915546875 0.393489259375 0.8653895609375001 0.46967890937499995 0.8662153531250001 0.48093909999999995 0.8693628312499999 0.48178488281250004 0.936694371875 0.40925395625 0.9430819328125001 0.4066498453125 0.9501938203125 0.410829246875 0.9870359359374999 0.4878604984375 0.990382465625 0.4868155140625 0.9938216359375 0.4814748375 0.9502449859375 0.3864317046875
0 0.96019336875 0.36366759375 0.9563782484375001 0.3589158953125 0.9528824312499999 0.361378959375 0.9131843390625001 0.4002900078125 0.8704023734374999 0.4445831734375 0.870771434375 0.45132525 0.8744303484374999 0.45414470468749996 0.9449093640624999 0.38245958281250003 0.9514033718749999 0.38226037968750004 0.9558722984375001 0.384217371875 0.9912505968750001 0.46490579531250004 0.9965793312500001 0.4655276203125 0.9989029578125 0.46053528281249995 0.96019336875 0.36366759375
0 1 0.42724707500000003 0.972755671875 0.35364952031249997 0.9649056578125 0.335985975 0.9529971937499999 0.34320934687500004 0.8879326328125 0.40787030937499996 0.8770469796875 0.4204239421875 0.87777828125 0.4291748875 0.8839032250000001 0.4222336078125 0.9542467562500001 0.358667165625 0.957493759375 0.3585675734375 0.96373895 0.3607318421875 0.9682714750000001 0.368916753125 1 0.45257883125 1 0.42724707500000003
0 1 0.3802551171875 0.98907638125 0.345505525 0.9746480703125 0.3117623390625 0.9703920015625 0.31461517968749997 0.9558474953125 0.32296644375 0.9189775828125001 0.3555085109375 0.8980662671875 0.3765148125 0.8858163781249999 0.3903973515625 0.885879946875 0.3966252640625 0.8889278968750001 0.3984164390625 0.960088359375 0.3373378359375 0.9661137765625 0.3313419484375 0.9727142265625 0.33354767500000004 0.9757193015625001 0.33916185625 1 0.41470340781250004 1 0.3802551171875
0 0.19529536249999999 0.601280728125 0.16745329375 0.5583162328125 0.1441009046875 0.5273596765625 0.13452990468749998 0.5362913140625001 0.1196370578125 0.5479514234375 0.09579111875 0.5729217765625 0.066218325 0.6010518578124999 0.053506751562499996 0.6124880125 0.0561068359375 0.6185334265625 0.06164153906249999 0.6206147875 0.1347137203125 0.5516247562500001 0.1466359875 0.55110200625 0.1522273421875 0.5560609796875 0.20780506562499998 0.63958504375 0.21408618437500002 0.6345760031250001 0.214477403125 0.627444153125 0.19529536249999999 0.601280728125
0 0.21611958437499998 0.6118452765625 0.215650996875 0.60604859375 0.15767915937500002 0.51793865 0.1459283046875 0.5031694109375 0.13918548125000002 0.505732065625 0.131291221875 0.515816375 0.1061238046875 0.5396755140625 0.06774026093749999 0.576347453125 0.056854696875 0.587518196875 0.056563021874999994 0.59370465625 0.061742465625 0.5957445609375001 0.1298052140625 0.5333474687499999 0.1407474578125 0.5250543375000001 0.145266178125 0.5265386484375 0.1522716203125 0.5283131421875 0.156953434375 0.5350799703125 0.21049227187500003 0.6140596109375001 0.21611958437499998 0.6118452765625
0 0.2172572203125 0.5976230250000001 0.2196803765625 0.5916852734375 0.1489776890625 0.4810357359375 0.14386181250000002 0.48522374375000005 0.13392866718750002 0.49076362656250005 0.064039890625 0.553426128125 0.055843465625 0.561877021875 0.0551932125 0.5691412984374999 0.0580421109375 0.5728232390625 0.0626603421875 0.5733621546875 0.13968311093750002 0.501005140625 0.14536710625 0.5016684234375 0.1515625359375 0.504305378125 0.1570543625 0.5102097453125001 0.21214134218749997 0.6018110328125 0.2172572203125 0.5976230250000001
0 0.22162113749999998 0.5732502359375 0.152226096875 0.457011290625 0.1457390046875 0.46056079531250005 0.0604459640625 0.532909734375 0.05807255625 0.5383747765625 0.055549875000000005 0.5452579015625 0.058860443750000005 0.551386221875 0.1426827359375 0.4793441515625 0.1486721921875 0.4805215921875 0.155627871875 0.4827687734375 0.1614251953125 0.48918728125 0.2142811546875 0.5814852312500001 0.21914821875 0.579660675 0.22162113749999998 0.5732502359375
0 0.15899553125000002 0.811216846875 0.1633082828125 0.8112416 0.16593740625 0.8067634265624999 0.16455235937499998 0.7994242781249999 0.082708346875 0.69895863125 0.0808325890625 0.6996967296875 0.073236871875 0.7069448734375 0.026471478124999996 0.758043971875 0.027067610937499997 0.77511494375 0.0775275015625 0.720843559375 0.0832612578125 0.72103415625 0.08976215 0.7241852718749999 0.15899553125000002 0.811216846875
0 0.1636718296875 0.7907085234375 0.16792793125 0.7878556859375 0.16846840624999998 0.77930575 0.085651290625 0.6744200265625 0.0811892484375 0.675813353125 0.071518725 0.6856903625 0.025696359375 0.735847453125 0.026305000000000002 0.7532766468750001 0.0794046953125 0.696180609375 0.0848827203125 0.6953843562500001 0.09470110000000001 0.7080140953125 0.1636718296875 0.7907085234375
0 0.0972459359375 0.6872570437500001 0.165456415625 0.77034126875 0.1697124859375 0.76748840625 0.1710132453125 0.7585486984375 0.08606463125 0.653414265625 0.073246628125 0.6624454937500001 0.059227390625 0.6794710546875 0.025073689062499998 0.7180165109375001 0.025632132812500003 0.734008259375 0.07576790624999999 0.6794872234375 0.08387505625 0.6742127515624999 0.088699240625 0.6762112 0.0972459359375 0.6872570437500001
0 0.1671842890625 0.747096375 0.17148323593749998 0.740420528125 0.1721232375 0.730925221875 0.0893061203125 0.6260394984375 0.0803322765625 0.629298815625 0.0669240328125 0.647352684375 0.0424740203125 0.6746450546875 0.024319403125 0.6964165734375001 0.0248370640625 0.7112404765625 0.0821499875 0.6496079375 0.0875284828125 0.649757078125 0.09581252812499999 0.6564657703125001 0.1671842890625 0.747096375
0 0.2651469390625 0.719053425 0.244946109375 0.7401426578125 0.18127020625 0.8177438140625 0.18144349375 0.82412588125 0.1870777234375 0.8252618703125 0.255816434375 0.7461961421875001 0.263468796875 0.741825609375 0.27149025625 0.74419715625 0.3384787796875 0.8252247718750001 0.3435020171875 0.8253324546874999 0.3442484640625 0.8182420578125 0.2651469390625 0.719053425
0 0.266519584375 0.6957671000000001 0.25804337187500004 0.69429949375 0.18865774062500001 0.7795102265625 0.1777859828125 0.797381571875 0.178915328125 0.803733853125 0.183234965625 0.807108925 0.255206875 0.7212430078125001 0.2618999359375 0.7191530390625 0.2705323546875 0.7225528671875 0.3414216875 0.8006861859375001 0.344150340625 0.7952625953125 0.344491796875 0.7886034328125 0.266519584375 0.6957671000000001
0 0.26765033125 0.67819455 0.260076740625 0.6715687625 0.2524741421875 0.6754665875 0.1852200046875 0.7609260515625 0.17418305 0.7749168609375 0.17414919375 0.780688184375 0.179641053125 0.7865925328125 0.2492257375 0.699491034375 0.258803621875 0.69390969375 0.26632053125 0.697657865625 0.3383254078125 0.7754428671875 0.34202028125 0.7710890171875 0.343932 0.7631776109375 0.26765033125 0.67819455
0 0.34373434999999997 0.7411435234375 0.27065683906250004 0.6598838796875001 0.2603338734375 0.6486307578125 0.25348464375 0.6487884890625 0.1963986640625 0.7196439953125 0.1827844484375 0.7362383296874999 0.1755577984375 0.75022853125 0.17537255000000002 0.7588199171875 0.17720546406249998 0.76190480625 0.240672121875 0.6850948890625 0.2482042359375 0.6716188265625 0.255551134375 0.6667341546875 0.2631675703125 0.6695369328125 0.336955565625 0.75087950625 0.3407071203125 0.7494032703125 0.34373434999999997 0.7411435234375
0 0.8935178734375 0.58634308125 0.886967184375 0.5836646703125 0.882718 0.5898678296875 0.8651960609374999 0.6060061375 0.813581275 0.664658575 0.8143912312499999 0.671852609375 0.8189099203125 0.673336915625 0.8779919406250001 0.6108488421875 0.884273059375 0.6058398015625001 0.8922447531250001 0.608684034375 0.928810415625 0.6746775140625 0.932455525 0.6707963718750001 0.933457703125 0.6646928234375 0.8935178734375 0.58634308125
0 0.8987622859375 0.5706860671875 0.8949900453125 0.5621113624999999 0.89017274375 0.563463234375 0.8517961359375 0.6034854765625 0.8152833656249999 0.6408059515625 0.8173341390625 0.647314021875 0.8222150062500001 0.6521900859375 0.8847361640625 0.58436133125 0.8898091656249999 0.5839963078125 0.8951945828125 0.58749575 0.9314547781250001 0.652975090625 0.93525609375 0.65102616875 0.9368692359375 0.6459509015625 0.8987622859375 0.5706860671875
0 0.901712146875 0.5494977859375 0.8956093265625 0.542565125 0.833578915625 0.6023166421874999 0.8201139906250001 0.617492896875 0.8184082078125 0.62686385625 0.82242238125 0.6297247671874999 0.8873307640625001 0.5631315953125 0.894023825 0.5610416265625 0.8987484828125 0.5639854468750001 0.93431199375 0.6360824984375 0.9383192515625 0.635593109375 0.9403374140625 0.6300866125 0.901712146875 0.5494977859375
0 0.9027723765625 0.5223469953125 0.8883909953125 0.5359807953125 0.8248621500000001 0.5984879000000001 0.823233828125 0.604937453125 0.8283137453125 0.6079227515625 0.8933354609374999 0.5470847859375 0.8992115890625 0.542506978125 0.905868690625 0.547590315625 0.9382916437500001 0.6221918890625 0.9426472390624999 0.6183936546875 0.9466476046875 0.6145539656250001 0.9027723765625 0.5223469953125
0 0.8035775562499999 0.6686767375 0.8034642249999999 0.662921509375 0.7619900265624999 0.5786507375000001 0.7558443609375 0.5755410734375 0.72945500625 0.5973436265625 0.6770791421875 0.6523194859375 0.677776565625 0.6578246671875 0.67950995625 0.661854928125 0.6834674609375 0.6618382484375 0.7482832046875 0.59954074375 0.7528447734375 0.5972020453125 0.7590899640625001 0.599366315625 0.7630612906249999 0.6060502578125 0.7973392828125 0.6698627687500001 0.8035775562499999 0.6686767375
0 0.8091067437499999 0.6434829421875 0.7639736671875 0.5563926968749999 0.7580339390625 0.5547425640625 0.7472548203125 0.5683182390625 0.725632984375 0.5892416296875 0.6807681484375 0.632647434375 0.6819981078125 0.63822028125 0.687078028125 0.641205559375 0.7387702875 0.5874251640625 0.754018365625 0.5758064859375 0.761734328125 0.577663890625 0.7670271015625 0.5854590234375 0.8009995953125 0.6487573921875 0.8058735765625 0.6502831578125 0.8091067437499999 0.6434829421875
0 0.7668239671875 0.5361497953125001 0.7617012015625 0.53698750625 0.699415040625 0.5957521921875 0.6872715796875 0.612039640625 0.6858644093749999 0.61857444375 0.68977905625 0.6223807484375 0.759000159375 0.5558123234375001 0.7646841515625 0.55647560625 0.7704814765625 0.5628941140625 0.8076221718750001 0.6370892078125 0.8124394734375 0.6357373374999999 0.814862625 0.62979960625 0.7668239671875 0.5361497953125001
0 0.8184303625 0.612989928125 0.81494975 0.5982287578125 0.8013452890625 0.5703237109375 0.7811693875 0.529689303125 0.7725162812499999 0.516238534375 0.762227875 0.521736959375 0.7346234671875 0.5448332265625 0.7096122390625 0.5706246078125 0.6897099718749999 0.588877678125 0.68794754375 0.595371003125 0.692117921875 0.600164159375 0.763726253125 0.534831315625 0.769765471875 0.5355360499999999 0.7745896921875 0.5375345031250001 0.7783121703125 0.5465818921875 0.807161903125 0.6107179703125001 0.8142309453125 0.61872038125 0.8184303625 0.612989928125
0 0.6145032593749999 0.5504424625000001 0.5937978828125 0.572908296875 0.5384255578125 0.629678071875 0.5383181578125 0.6353382375 0.54187754375 0.6391031078125 0.60709139375 0.5730240531249999 0.61140414375 0.573048828125 0.61937580625 0.5758930578125 0.659500884375 0.6456514109375 0.663458409375 0.6456347109375 0.6661372953125 0.6406838296874999 0.6145032593749999 0.5504424625000001
0 0.6689309156250001 0.6175633015625 0.62406045625 0.5348102046875 0.617758584375 0.52976831875 0.6110724421875 0.5352086 0.575324959375 0.5707526374999999 0.54396920625 0.605196809375 0.540003184375 0.6159163750000001 0.5451826296875 0.6179562796875 0.6114622265625 0.5520015890625001 0.6169402484375001 0.551205334375 0.6236471124999999 0.5558159875 0.662962178125 0.626436803125 0.6669196687500001 0.6264201218750001 0.669854290625 0.62245606875 0.6689309156250001 0.6175633015625
0 0.6230458750000001 0.5102883 0.6215751375 0.5105951765625 0.6110379140625 0.5184570671875 0.5534197484375001 0.5772879734374999 0.545185975 0.5859542140625 0.5440187578125 0.594852453125 0.5470667109375 0.596643628125 0.6147673124999999 0.530854759375 0.62187228125 0.5316838578125 0.6269521984375 0.5346691578125 0.667041353125 0.6116008 0.6710486046875 0.61111143125 0.6732658234375 0.603714146875 0.6230458750000001 0.5102883
0 0.6781550078125 0.58801568125 0.6362689015625 0.5008258296875 0.6280277015625 0.4902941421875 0.6015388015625 0.5130420875 0.55095361875 0.55934525 0.5459457171875 0.5697167984375 0.549611546875 0.5758865765625 0.618377896875 0.51022208125 0.6272590984375 0.5112584546875001 0.6314792421875 0.515578915625 0.6370775125 0.5238881984375 0.6727405531249999 0.5950398484375 0.67618660625 0.5930494921875 0.6781550078125 0.58801568125
0 0.46404130312499997 0.5435209046875 0.455841546875 0.55309105 0.4442952296875 0.5637061734375 0.3846091671875 0.6285162671875 0.38457323906249996 0.635689578125 0.3885874109375 0.6385505125 0.45886045781250007 0.5654058328125 0.4606366921875 0.56561310625 0.4676918953125 0.5669149140624999 0.5155896156249999 0.641408265625 0.5195968734374999 0.6409188765625 0.524201284375 0.63475716875 0.46404130312499997 0.5435209046875
0 0.5259789500000001 0.6110396140625001 0.47547426093749995 0.5271505265624999 0.470792446875 0.5203836984375 0.4655770421875 0.5255171 0.4427899328125 0.5472615171874999 0.389755825 0.602278109375 0.3893919421875 0.610412875 0.3946211484375 0.61198009375 0.4622650703125 0.54331363125 0.46698281093749994 0.54290715 0.47195631875000005 0.5434875234375001 0.475515703125 0.5472523734375 0.5206709375 0.620468709375 0.526341096875 0.6144313671875 0.5259789500000001 0.6110396140625001
0 0.5292121515625 0.6042394015625 0.5293973671875001 0.5956480125 0.475980209375 0.5018490718749999 0.47273320781250006 0.5019486625 0.46710589375 0.504162996875 0.4113068375 0.5593781703125 0.3911915203125 0.5783944 0.390508853125 0.5861397 0.3937130109375 0.5898631187500001 0.45938853125 0.5262304453125 0.46947096562499996 0.5192724828124999 0.4740892125 0.5198114 0.48039108593749996 0.524853284375 0.5217450078125 0.600018521875 0.5265761078125 0.60536729375 0.5292121515625 0.6042394015625
0 0.5343999171875 0.585704753125 0.5343363171875 0.5794768375 0.47988937343750004 0.478380225 0.425241784375 0.5260737718749999 0.395786646875 0.5552383484375001 0.3941125171875 0.5621567109375001 0.3975226125 0.5673396625 0.4567746453125 0.513484409375 0.47460896874999997 0.50121054375 0.479077928125 0.5031675390625 0.48380258437499996 0.50611138125 0.49195117499999996 0.5209387765625 0.5295397734375 0.5908796125 0.5343999171875 0.585704753125
0 0.379400678125 0.6369999921875 0.382129328125 0.631576403125 0.32236745624999996 0.536558565625 0.3179980234375 0.5336561984375 0.3134364578125 0.5359948984375 0.2842189234375 0.5641664328125 0.24558658125 0.6032018265625 0.2315073078125 0.6171961953125 0.2319792703125 0.6231464578125 0.23579439062500002 0.627898159375 0.3052145765625 0.5594389734375 0.3121066921875 0.5554582171875 0.31855093437500004 0.555731721875 0.32536424375 0.56274728125 0.37026374375 0.6349767703125 0.3740788640625 0.63972846875 0.379400678125 0.6369999921875
0 0.3823436203125 0.6124613859375 0.38111478125 0.607054503125 0.3283154703125 0.5176341625 0.32347748125 0.50893509375 0.31987521874999997 0.508993228125 0.300633690625 0.527801896875 0.25439873125 0.570735134375 0.234801965625 0.589502325 0.23329525156250003 0.5969825203125 0.2398956875 0.59918824375 0.30785890781249997 0.5377365234375 0.3154048578125 0.5309610874999999 0.32073359218749997 0.5315829125 0.3272911671875 0.53761164375 0.374641496875 0.6173046078125 0.377788971875 0.618150409375 0.3823436203125 0.6124613859375
0 0.38510131406250003 0.596514190625 0.384327225 0.5902033640625 0.325006303125 0.4875809875 0.318220634375 0.4939666515625 0.24675467499999998 0.5545311140625 0.23361177031249997 0.5664674953125 0.23309761718750002 0.5749484328125 0.23802132812500001 0.5760015109375 0.31247167343750004 0.5110002890625001 0.3170332390625 0.5086615890624999 0.3222624453125 0.5102288078125 0.328202140625 0.5118789359375 0.34948663281250003 0.5488147 0.38120738906249996 0.6027588078125 0.38510131406250003 0.596514190625
0 0.33430776562500003 0.4709618890625 0.3285671234375 0.46742099687499994 0.2573997421875 0.5251493109375 0.23916048750000002 0.5444996421875 0.235685296875 0.55036839375 0.240921409375 0.5552859140625 0.32069355312500003 0.48755621250000003 0.32607205 0.48770535312499996 0.3339442171875 0.4914949796875 0.384107453125 0.5820432078125 0.3871982828125 0.5800113765625 0.389770725 0.5726555671875 0.33430776562500003 0.4709618890625
0 0.44137398125000005 0.7323311 0.43072342968750005 0.7344377515625 0.416604665625 0.7524087078125 0.35245325312500003 0.8208478875 0.350750815625 0.8279830703125001 0.3549709546875 0.8323035390625 0.4257982828125 0.7573095453125 0.44349026875 0.7498040625 0.5013058984375001 0.8359817640625 0.5039916718749999 0.8343811796875 0.50662079375 0.8299029859375 0.447938471875 0.7417101328125 0.44137398125000005 0.7323311
0 0.44575173125 0.7146589359375 0.439762271875 0.7134815171875 0.430134590625 0.7195355390625 0.3747972390625 0.7771971 0.3527275359375 0.802374728125 0.3517184375 0.8051279750000001 0.3551783296875 0.809838221875 0.4339635140625 0.7309878578125 0.4421273453125 0.728591003125 0.4478182234375 0.7326046046875 0.50197494375 0.8159628265625001 0.507240109375 0.8103567390625 0.5065655484375 0.8031005203125 0.44575173125 0.7146589359375
0 0.509515375 0.781912234375 0.45324791875 0.7083561859375 0.4462148375 0.69318046875 0.4381933796875 0.690808921875 0.3690427609375 0.7669555828125 0.352088934375 0.7879452015624999 0.35255752500000004 0.7937418859375 0.3555059484375 0.796478453125 0.435648575 0.711565978125 0.44295259531250003 0.710504309375 0.4481389578125 0.7158945171875 0.5030490078125001 0.7955126625 0.5079796375 0.799916040625 0.5101899359375001 0.7891684531250001 0.509515375 0.781912234375
0 0.44571168906249997 0.6706322499999999 0.3947230484375 0.7211452656249999 0.3551974390625 0.7666040984375 0.353382775 0.775655171875 0.35775217656249997 0.7785575578125 0.440680134375 0.6910991078125 0.44712437656250004 0.6913726109375 0.45185595312500004 0.6976667562500001 0.50844274375 0.778437571875 0.5136152703125 0.7771271546875 0.51522149375 0.768701584375 0.44571168906249997 0.6706322499999999
0 0.592270925 0.7307847046875 0.5781452765624999 0.74540534375 0.536784284375 0.7898643234375 0.5088300734375 0.8211472578125001 0.5096622843749999 0.8254578968749999 0.5135271828125 0.8297369109374999 0.5852640828125 0.7529350671875 0.5912963859375 0.7502894765625 0.597086821875 0.7533576890625 0.6474283875 0.8319642281249999 0.6508246828125 0.8304465375 0.6518766234375 0.8238703031249999 0.592270925 0.7307847046875
0 0.5970536984375 0.7126813125 0.591227334375 0.7167864125000001 0.5522894953125 0.7553076625 0.51043030625 0.8033853046875 0.5119085265625001 0.8075370234375001 0.5141464640625 0.8101906609375 0.5907504265625 0.731564259375 0.5954184015624999 0.7316304875 0.6021252968749999 0.7362411421874999 0.6506408671874999 0.8151130953125 0.654591471875 0.8117460937500001 0.6567588921875 0.8048215140625 0.5970536984375 0.7126813125
0 0.598426346875 0.6893949671875 0.593758334375 0.6893287546875 0.5857009484375 0.69413051875 0.5703173875 0.7138678781250001 0.5120577328125 0.78024191875 0.5133876171875 0.78665560625 0.5200309125 0.7850383234375 0.5858847640625 0.7094639625 0.5950148125 0.7081368875 0.6032062484375 0.7191412734375 0.6538892703125 0.7910886500000001 0.65813845625 0.7848854890625 0.6556379 0.7778946828125 0.598426346875 0.6893949671875
0 0.6129846234375 0.6877443171875 0.59878989375 0.6688618859375 0.59063298125 0.6746090437500001 0.5377326171875 0.7330334765625001 0.5145318234375 0.7618639890625001 0.5142059484375 0.765218590625 0.51878135 0.7695805171875 0.5910725296875 0.6909293359374999 0.5982701390625 0.68746274375 0.604422721875 0.693922709375 0.6578551171875 0.7704974203125 0.6615002234375 0.7666162765625 0.661081396875 0.76034690625 0.6129846234375 0.6877443171875
0 0.74375443125 0.72033673125 0.7418786374999999 0.721074846875 0.670696053125 0.7960273828125 0.6659423343750001 0.8036071703125 0.6650963625 0.8116429390625 0.6691105328125 0.8145038953125001 0.7329531546875 0.7477863109375 0.742168896875 0.7388132187500001 0.747405021875 0.7437307390625 0.7899670921874999 0.8142519640625 0.793974346875 0.8137625765625 0.796297971875 0.8087702390624999 0.74375443125 0.72033673125
0 0.67335421875 0.7810255578125 0.6733043640624999 0.7803916125 0.6670233015625 0.7865073015624999 0.6690690906250001 0.794402028125 0.741367203125 0.7191011734375 0.7460849765625001 0.718694696875 0.7947995984375 0.7956758828125 0.7992616375 0.7942825546875001 0.7993473578125 0.7866365625 0.7467609375 0.7020260609375 0.740778365625 0.7041989390625 0.67335421875 0.7810255578125
0 0.66977345625 0.7652616546875 0.6685659609375 0.7718537984375 0.6714217765625 0.7788860625 0.740515746875 0.6998617921875 0.747364978125 0.699704059375 0.8005347546875001 0.7719416234375001 0.8037679546875 0.7651414140624999 0.7474797453125 0.6815344375 0.736793234375 0.6908143953125 0.66977345625 0.7652616546875
0 0.7451644374999999 0.66595224375 0.7286086828125 0.6831603296875 0.6715586625000001 0.7468425296875 0.6689364421875 0.754671025 0.67199129375 0.7598125203125 0.7476787953125 0.679643671875 0.7523536921875 0.6830602 0.7992782765625 0.7531334937499999 0.8045503296875 0.7508777046875 0.8025474031250001 0.739159971875 0.7498255296874999 0.6626681734375001 0.7451644374999999 0.66595224375
0 0.8722771375 0.7224149109375 0.8650726421874999 0.722531203125 0.8476571140625 0.7410744375 0.8069001953124999 0.7832114234375 0.79239390625 0.7993141453125 0.795786540625 0.8067965421875 0.8554795171875 0.745336771875 0.8642902359375 0.7367949078125 0.8700737578125001 0.736512796875 0.9081240234375001 0.8089000359374999 0.9111650578124999 0.8073408875 0.9134389234375 0.8028212359375001 0.9114000703125 0.7982768140625 0.8722771375 0.7224149109375
0 0.870203725 0.7011189609375 0.8663029171875 0.704013259375 0.8326371312499999 0.7402787203125001 0.7973724953125 0.7776387375 0.7995464109375 0.784745796875 0.8635949875 0.7194877703125 0.8686113078125001 0.7162451296875 0.8724195421875001 0.7176465328125 0.9079263750000001 0.786865946875 0.9132620250000001 0.7908380968750001 0.9161399640625 0.783996428125 0.8743174234375 0.7030345015624999 0.870203725 0.7011189609375
0 0.8694517953125 0.6809342078125 0.8614441765624999 0.6852632625 0.805261175 0.7462516484374999 0.800464271875 0.7623633890625 0.862587325 0.698316165625 0.86689315625 0.6949906390625 0.87070135625 0.6963920140625001 0.9073665765625 0.7614401265625 0.9118921828125 0.766274734375 0.9157861078125 0.7600301171875 0.8735654937499999 0.682849746875 0.8694517953125 0.6809342078125
0 0.8310268265625 0.69750428125 0.801618271875 0.7321855421875 0.8046858171875 0.7427590046875 0.8639668546875001 0.6783801390625 0.86959416875 0.6761658046875 0.8744252703125 0.6815145765625 0.9147991671875 0.7489094374999999 0.9177904671875 0.7478229984375 0.9191976359374999 0.7412882171875 0.8709806499999999 0.6595801031249999 0.8310268265625 0.69750428125