0 0.36858615 0.51385821875 0.37542243750000004 0.5134290781249999 0.3756553546875 0.4953607390625 0.1923933078125 0.252214784375 0.1839758828125 0.2519650296875 0.06712105625 0.4256822359375 0.065727915625 0.431458684375 0.07104791875000001 0.4399336734375 0.07889788125 0.44491925312499997 0.1637075375 0.31499351249999996 0.1743017796875 0.298951675 0.1900670953125 0.2956274484375 0.20122829375 0.29772821718750003 0.3528862609375 0.5038870890625 0.36858615 0.51385821875
0 0.359302415625 0.5725864015625 0.363525228125 0.5665939296875 0.3628093578125 0.552693959375 0.19654919843750002 0.3281529640625 0.1862905125 0.31177045312499996 0.1765429609375 0.3151215625 0.0700427703125 0.4685714234375 0.06145539531250001 0.4842306265625 0.06531740312499999 0.4888827734375 0.06918653125 0.492966559375 0.07431133437500001 0.495570775 0.1608042953125 0.3748463578125 0.173323784375 0.361111571875 0.18781481718749998 0.3597972109375 0.1969948859375 0.3611819375 0.20707700468749998 0.371163334375 0.359302415625 0.5725864015625
0 0.3634841640625 0.6935150171875 0.3641447109375 0.6861275796874999 0.20078574374999997 0.49324745312499996 0.19125253125 0.4790605484375 0.18239792187499998 0.47983429843750003 0.0975233609375 0.6001769859375 0.07076336250000001 0.6423843359375 0.064036525 0.6592993109374999 0.06834456718750001 0.6655701921875 0.0731438890625 0.66601595625 0.170342753125 0.5260677390625 0.1774023921875 0.519274628125 0.1937256046875 0.5229189843750001 0.20591910625 0.52990414375 0.35318778125 0.7010716218749999 0.358080171875 0.6988657093749999 0.3634841640625 0.6935150171875
0 0.36803296093750004 0.666802575 0.367949478125 0.6577498609375 0.19741066406250002 0.44079232656249995 0.189886184375 0.43796522343750005 0.092296928125 0.5661719234375 0.0808469734375 0.5837304453125001 0.0774932515625 0.5930923484374999 0.0798700046875 0.600133503125 0.09019408437500001 0.6032206328124999 0.17917975625 0.4800674671875 0.1934011453125 0.4750036671875 0.20092562812499998 0.47783076874999997 0.21218892500000003 0.488453946875 0.34980311406250003 0.660320859375 0.364684515625 0.670748015625 0.36803296093750004 0.666802575
0 0.36385874687499997 0.625683296875 0.3659052671875 0.6131039984375 0.36062246875000004 0.6035683671875 0.20426731718750002 0.40548611562500003 0.1885025234375 0.3859319234375 0.1848657859375 0.386658240625 0.100363503125 0.496394346875 0.07404066718749999 0.5375781749999999 0.06918805624999999 0.5468175328125 0.07224519375 0.554437284375 0.0803275703125 0.56423294375 0.176903134375 0.43061150000000004 0.18781328749999998 0.4284324953125 0.197849109375 0.42830053125 0.20827530625000001 0.43991005781250003 0.3502978875 0.6233596578125 0.3591429484375 0.634290253125 0.36385874687499997 0.625683296875
0 0.3769677734375 0.7780635484375 0.3764098421875 0.7710950125 0.2146783390625 0.58900718125 0.20303370156249997 0.5778165328125 0.104141996875 0.720267815625 0.0951475421875 0.7364582546875 0.0892187046875 0.7562374703125 0.092421878125 0.756955340625 0.0992023078125 0.758117184375 0.189322921875 0.625492371875 0.1999075765625 0.621154890625 0.2142124703125 0.6251438328125001 0.22560609843749999 0.6320547203125 0.37097765 0.7886803921875 0.3750887796875 0.7858698921875 0.3769677734375 0.7780635484375
0 0.3653050078125 0.7445248 0.3704207640625 0.7359549703125 0.3699000984375 0.7279257453125 0.20380641875 0.5443686765625 0.19896084375 0.5338095203125001 0.192124553125 0.5342386718750001 0.088814871875 0.676811684375 0.08065751875 0.69201575 0.07864824687500001 0.7035343875 0.0800060328125 0.7105772390625 0.088637275 0.7161674312499999 0.16785678125 0.5968956953125 0.1847479765625 0.5729257984375 0.1936211984375 0.5716217265625 0.20754475 0.5750431765624999 0.21810123906249998 0.582940409375 0.36239374375 0.7474467453125 0.3653050078125 0.7445248
0 0.20642743125 0.629741321875 0.0967925765625 0.7924770921875 0.0966241625 0.8024287171875001 0.1007452078125 0.8056135953125001 0.1063258078125 0.8066639999999999 0.2029013515625 0.6730425546875 0.21617393906250001 0.6721470734375 0.23072987500000003 0.6804158015625 0.37558076093750004 0.8290122484375001 0.382891425 0.826498921875 0.3860074765625 0.8177433796875 0.20642743125 0.629741321875
0 0.7202745859374999 0.495989215625 0.7201724921875 0.4874667953125 0.52456750625 0.2644567203125 0.38074979999999997 0.49797356718749997 0.376917375 0.5157075578125 0.3815305578125 0.5214566015625001 0.392877896875 0.5182541031250001 0.5124655421875 0.323455190625 0.528742496875 0.3169861390625 0.54344734375 0.3210122203125 0.5577612640625 0.336175209375 0.709596828125 0.5029783218749999 0.71485198125 0.5018702515625 0.7202745859374999 0.495989215625
0 0.72568615 0.5704478374999999 0.727490653125 0.5647628 0.538591659375 0.345035871875 0.39861593125 0.5491143359375 0.389746159375 0.5694064187500001 0.3936486 0.5763199546875 0.40486560312500003 0.576829746875 0.5114588609374999 0.420728234375 0.523364615625 0.40161585312500003 0.5420970734375 0.3937786984375 0.5567832703125 0.39833510781250003 0.5722784437499999 0.4141398640625 0.7181521203125001 0.5793251078125 0.72568615 0.5704478374999999
0 0.7254137390625 0.8297113515625 0.5709737609375 0.6685189828125 0.561728784375 0.6575511921875 0.5519535546875 0.650258571875 0.5457682671875 0.655004671875 0.42837653593749997 0.8101032140625 0.41791443125 0.8298754421875 0.42017240625 0.8380723171875 0.4285339890625 0.8399130453125 0.53083904375 0.7030993890625 0.544372225 0.694779321875 0.5612815296875 0.6931575234375 0.5723124328125 0.6989706 0.712187409375 0.8407201890625 0.7219721859375 0.8363084625000001 0.7254137390625 0.8297113515625
0 0.728679225 0.7938347546875 0.73575741875 0.7865113171875 0.7348367984374999 0.7784449203125 0.5712449140625 0.6036331359375 0.5614138796875 0.5979315046875 0.5498154984375 0.5968542375 0.426666109375 0.767379759375 0.41940194062499997 0.7789220390625 0.4191411078125 0.7874310765625 0.426935246875 0.7940076171875 0.43019062343750003 0.7927138078125 0.5422155531249999 0.641905309375 0.549675128125 0.635149346875 0.560529440625 0.6345613296875 0.5673471171875 0.634662509375 0.578322140625 0.6420665671875 0.728679225 0.7938347546875
0 0.7214717015625001 0.7591136140625 0.7251642609375 0.7567962859375 0.7293498078125 0.7518644734375 0.729573175 0.7455005296875 0.557480346875 0.5613862328125 0.5496676296875 0.555340015625 0.543956715625 0.5580019265625 0.40913636249999996 0.7456371875000001 0.4098594234375 0.7546455328125 0.41456567812499995 0.7577429234374999 0.42165297500000004 0.7615935421875 0.5352127828125 0.6013505718750001 0.5490342359375 0.596249628125 0.5578330015625 0.5970668609375 0.5669758468749999 0.5995122265624999 0.5774206546875 0.6105914328125001 0.7214717015625001 0.7591136140625
0 0.72903564375 0.703654928125 0.728319775 0.6897549078125 0.5502836734375001 0.5034924484375 0.5467772531249999 0.5005064734375 0.5396617546875 0.5088905687499999 0.4129219046875 0.6902558109375 0.4103166609375 0.7034366109375 0.41255869375 0.7120364218749999 0.42025069843749996 0.7100905890625 0.5346662234374999 0.5483308984375 0.5436139015625 0.5449054953125 0.5569051015625 0.5434797171875 0.5663362171874999 0.5491442046875 0.718813715625 0.7090902 0.723575809375 0.7105966046875001 0.72903564375 0.703654928125
0 0.7307625921875001 0.6544523703125 0.5440117296875 0.4535469734375 0.41337456875 0.64306314375 0.4047056140625 0.6614120390625 0.40671438281250005 0.672771825 0.416313021875 0.6736633515625 0.5246735921875 0.5129374703125 0.5362814874999999 0.5023103375 0.5515538140625 0.5016006187500001 0.5622592171874999 0.5052552390625 0.5728157078125 0.513152471875 0.7214054453125 0.6695450000000001 0.7283348046875 0.66646423125 0.7307625921875001 0.6544523703125
0 0.7294707359375 0.6112357203125 0.540469121875 0.4058648265625 0.4122688515625 0.5945431906249999 0.3999722046875 0.6247925015625 0.40585967187499994 0.6285316765625 0.4118774375 0.6285585359375 0.528627753125 0.4574386921875 0.541593453125 0.45385443593749997 0.55602864375 0.4541310625 0.5673850453125 0.4621025921875 0.7178069984375 0.6234538390625 0.72601056875 0.61836315 0.7294707359375 0.6112357203125
0 1 0.328368453125 0.9766177984375 0.28691848750000004 0.9702830140625001 0.28034478749999997 0.9661548218749999 0.28104960156250003 0.75831009375 0.48580214218749995 0.7546911765625001 0.49538028125 0.7591805125 0.50776790625 0.7677697328125 0.5085656796875 0.9403953984375001 0.336877884375 0.9583064359375 0.3292914375 0.96897880625 0.32919444531250003 0.9813916078125 0.337965040625 1 0.36715030312499997 1 0.328368453125
0 1 0.5997101453125 0.9304313375 0.5038527484374999 0.922384390625 0.4992965 0.9157259953124999 0.50194278125 0.7364719109375 0.6861642671875 0.737411734375 0.6954111328125 0.743727484375 0.70252718125 0.749396509375 0.7046860828125 0.899849696875 0.5450860171875 0.9147644343750001 0.541030103125 0.9287088390625 0.541237034375 0.9449262562499999 0.558522790625 1 0.630691921875 1 0.5997101453125
0 1 0.5468632718750001 0.9407349140625 0.46749820625 0.9260774109375 0.4525337921875 0.9181348734375 0.45669316406249993 0.753698715625 0.6405681140625 0.7366485015625 0.6635989296875 0.7394682015625 0.6718935687500001 0.7439102359375 0.6739385078125 0.752223684375 0.6709018578125 0.9067005734375 0.5018813468750001 0.9220243328125 0.49786341093750003 0.9330485812499999 0.4994314875 0.946127140625 0.5126168609375 1 0.5777980015625 1 0.5468632718750001
0 1 0.4899632171875 0.9428859671875 0.4062124390625 0.9361231234374999 0.4001431109375 0.9298547140625001 0.40336972812500005 0.7534620453125 0.5888547578125001 0.7437975828125001 0.607001296875 0.7459280359375 0.616449246875 0.7574754859375 0.6148011484375 0.9112197796875 0.45496266093750004 0.9234046828125001 0.44684435625 0.939023253125 0.4461185484375 0.9557638687500001 0.46018816874999996 1 0.5220739890625 1 0.4899632171875
0 1 0.429732184375 0.9509056765624999 0.35308944375 0.9413368921874999 0.3451271265625 0.7468618265625 0.5430797640625 0.7414387421875 0.5534210859375001 0.7448923953125 0.56411751875 0.7542044437500001 0.5677030375000001 0.9155203234375 0.40258245156249994 0.9268301093750001 0.39601523906249997 0.9396236640625 0.3939387921875 0.9513897765625 0.39775223125000003 0.9581716203124999 0.40327921250000004 1 0.4710524625 1 0.429732184375
0 1 0.7038596140625 0.9193381171875 0.60946990625 0.9078667734374999 0.6089485531250001 0.8998481328124999 0.6152773515625001 0.8845717140625 0.629637928125 0.76322570625 0.7549413656249999 0.742641409375 0.7802354593749999 0.740148546875 0.79182189375 0.742479315625 0.7965440015625 0.7486335125 0.796571471875 0.8955861593750001 0.6431757250000001 0.9112237625 0.641907546875 0.92505395 0.6453686000000001 0.9314268109375 0.65085759375 1 0.7305495843750001 1 0.7038596140625
0 1 0.6651131203125 0.9225351125 0.565149021875 0.914897153125 0.5606307484374999 0.90602239375 0.567968253125 0.7556453875 0.7253989125 0.74059936875 0.752676365625 0.742527690625 0.7600924453125 0.7494618578125001 0.76128063125 0.9017125796875 0.6089210828125 0.9108821468749999 0.6048756796875 0.924845625 0.60454025625 0.9360123578125 0.6137392296875 1 0.697705228125 1 0.6651131203125
0 1 0.7628305656250001 0.9213046921875 0.6703517765625 0.9091295546874999 0.666500334375 0.7466056812499999 0.8309645796874999 0.7433062125000001 0.850896278125 0.7469951359375 0.8549420375000001 0.7527403046875001 0.8549315156249999 0.8923590671875001 0.7117369984375 0.9048958859375 0.705283740625 0.918060353125 0.7043299937499999 0.9289894234375 0.7086098109375001 1 0.7907812203125 1 0.7628305656250001