0 0.1341024046875 0.17418506250000002 0.1493316984375 0.18306881875 0.2474760453125 0.2560425234375 0.3587345078125 0.3410727546875 0.3773480890625 0.3499565109375 0.3908852421875 0.340755478125 0.3756559453125 0.32679529218750003 0.3621187953125 0.31791153437499997 0.36254183125 0.310614165625 0.1417170515625 0.14309191875 0.10872024531249999 0.1418228109375 0.0008460718750000001 0.23319858125 0 0.2693681578125 0.1154888203125 0.174502340625 0.1341024046875 0.17418506250000002
0 0.1053359578125 0.12754534687500002 0.1226804328125 0.12913173125 0.1768290375 0.1668876921875 0.36254183125 0.29950947031249997 0.3726946953125 0.302682240625 0.3853857734375 0.29728853125 0.38665488125 0.28903933125000003 0.120565253125 0.0961349265625 0.09349095156250001 0.0967694796875 0.00042303593750000004 0.1833860953125 0 0.222728440625 0.09137577031250001 0.1367463796875 0.1053359578125 0.12754534687500002
0 0.092644878125 0.086616615625 0.122257396875 0.08693389375 0.142986159375 0.09708675624999999 0.2563598015625 0.1808478796875 0.370156478125 0.264291725 0.3853857734375 0.2588980171875 0.3870779171875 0.2509660921875 0.368464334375 0.23383313593750002 0.12394954062500001 0.05108159375 0.084184159375 0.05108159375 0.00042303593750000004 0.12976628437499999 0 0.176088725 0.0748773671875 0.10025952656249999 0.092644878125 0.086616615625
0 0.101528634375 0.0412460078125 0.11506578593750001 0.0447360546875 0.1387558 0.060599903125 0.3117775140625 0.1875106953125 0.3671952265625 0.2255839328125 0.38115541406250003 0.22717031875 0.38961613281249996 0.21701745625000002 0.11633489374999999 0.0060282625 0.0820689796875 0.006345540625 0.0008460718750000001 0.084712953125 0 0.12976628437499999 0.08841451875 0.0463224390625 0.101528634375 0.0412460078125
0 0.117180965625 0.257628909375 0.1302950796875 0.260167125 0.34773557187500004 0.4162674 0.353658075 0.4162674 0.366772190625 0.408970028125 0.368464334375 0.40040354999999994 0.11506578593750001 0.2062300375 0.0012691078125 0.2960194234375 0 0.341707309375 0.099836490625 0.2611189546875 0.117180965625 0.257628909375
0 0.1053359578125 0.3732256046875 0.12394954062500001 0.379888421875 0.309662334375 0.50965470625 0.32996806093750003 0.516952078125 0.3430821765625 0.50922955625 0.3430821765625 0.499711246875 0.10660506562500001 0.32679529218750003 0.0008460718750000001 0.40230721249999996 0.0008460718750000001 0.4411228796875 0.0901066625 0.378936590625 0.1053359578125 0.3732256046875
0 0.10745113749999999 0.3229879671875 0.1311411515625 0.3369481546875 0.316430909375 0.46925265625 0.3257377015625 0.47147359531250005 0.33673663593750003 0.46481077812500005 0.3380057453125 0.4546579140625 0.0956061296875 0.2753964203125 0.00042303593750000004 0.34710101875 0 0.3864433640625 0.089260590625 0.3229879671875 0.10745113749999999 0.3229879671875
0 0.383012665625 0.3233438203125 0.6212163546875 0.196694928125 0.64621595 0.194218553125 0.6613100453125 0.20306275000000001 0.78394956875 0.3757014640625 0.7990436640625 0.379946678125 0.8127226875 0.3732250890625 0.6683854015625 0.1701623390625 0.6334803078125 0.16556335625000002 0.36178659375 0.3109619453125 0.36272997500000004 0.31662223125 0.3707487125 0.3258201953125 0.383012665625 0.3233438203125
0 0.6330086171875 0.15807762812499998 0.6589515921875 0.157016325 0.6820644265625 0.16727559375 0.8028171875 0.34415952031249997 0.8169679015625 0.34628212812500003 0.8254583296875 0.341329378125 0.6830078078125 0.1290686640625 0.647631021875 0.12199330625 0.37122040312500004 0.2698682703125 0.3745222359375 0.280835075 0.392918165625 0.28543405625 0.6330086171875 0.15807762812499998
0 0.6424424265625001 0.11633302187500001 0.656593140625 0.1145641828125 0.6877247109375 0.1255309859375 0.8098925453125 0.30595259218750004 0.8278167828124999 0.3123204140625 0.8372505921875 0.3048912890625 0.694328378125 0.0883853609375 0.65706483125 0.07918739687500001 0.3768806890625 0.232368878125 0.382540975 0.242628146875 0.3990501421875 0.2468733609375 0.6424424265625001 0.11633302187500001
0 0.65706483125 0.06786682499999999 0.6910265453125 0.08060246875 0.8174395921875 0.26350045 0.8339487578125 0.2730521828125 0.8466844015625 0.26314668124999996 0.6900831640625 0.0364239390625 0.6613100453125 0.0321787234375 0.3787674515625 0.19315724843749998 0.3891446421875 0.20512875312499998 0.4047104265625 0.20619005625 0.65706483125 0.06786682499999999
0 0.1344317859375 0.2168596953125 0.3745222359375 0.4001114453125 0.6278200218750001 0.2313641765625 0.62546156875 0.22181244531250002 0.61555606875 0.21367578437499998 0.6014053546875 0.2122607140625 0.39574830781250003 0.3495226421875 0.36367335624999997 0.3516452484375 0.3014102140625 0.30424035625 0.15235602343750002 0.186789428125 0.138205309375 0.1860818921875 0.12782811875 0.1924497140625 0.12122445156249999 0.20270898124999998 0.1344317859375 0.2168596953125
0 0.372635475 0.478294140625 0.40235197500000003 0.4620208203125 0.6131976171875 0.32652773125 0.6117825453125 0.3155609265625 0.597160140625 0.3081318015625 0.58678295 0.3109619453125 0.3948049265625 0.43548823125 0.3674468796875 0.43831837343749996 0.3476358796875 0.43053548125 0.1603747609375 0.284783125 0.1410354515625 0.2851368921875 0.1292431890625 0.2985800703125 0.1448089765625 0.314853390625 0.372635475 0.478294140625
0 0.57687745 0.42275258750000005 0.5933866171875 0.41496969375 0.6084807125 0.41567723125 0.6207446640625001 0.4259364984375 0.763666878125 0.5440949625 0.7811194265625 0.532774390625 0.7806477359375 0.5253452656250001 0.6065939499999999 0.37357885468749996 0.37357885625 0.51720860625 0.3778240703125 0.527821640625 0.391974784375 0.5341894625 0.57687745 0.42275258750000005
0 0.5952733796875 0.374993928125 0.61555606875 0.37004117812500004 0.6301784734375 0.377470303125 0.773572378125 0.50659556875 0.7891381640625 0.5037654265625 0.7957418296875 0.4910297828125 0.6198012828125 0.32405135625 0.382540975 0.475817765625 0.3801825234375 0.48253935625000005 0.3891446421875 0.49209108749999997 0.40188028437499995 0.49350615937500003 0.5952733796875 0.374993928125
0 0.5712171640625 0.3049478921875 0.59574506875 0.30105644531250003 0.616027759375 0.3081318015625 0.7580065921875 0.44220981875 0.7768742109375 0.4404409796875 0.7881947828125 0.42982794375 0.5995185921874999 0.2525902484375 0.372163784375 0.4025878203125 0.3665034984375 0.41037071249999996 0.35376785625 0.41815360625000003 0.3608432125 0.42770533750000006 0.3782957609375 0.4308892484375 0.4853694984375 0.3611969796875 0.5712171640625 0.3049478921875
0 0.2001803625 0.6767636109375 0.2210538703125 0.684719496875 0.33123861718750003 0.8058542796875001 0.3459527296875 0.8063675625 0.3517699359375 0.799951525 0.22481794531250002 0.662648328125 0.19983817343750002 0.654949084375 0.1837553078125 0.65879870625 0.0006843765624999999 0.716029759375 0 0.7324548140625 0.1830709296875 0.6762503265625 0.2001803625 0.6767636109375
0 0.20599757031250002 0.6539225171874999 0.22584451093750002 0.6598252718750001 0.23439922812499997 0.6659846671875 0.3295276734375 0.772747528125 0.34561054062499996 0.786862809375 0.3572449546875 0.7884026578125 0.3644309171875 0.7824999046875 0.2323460953125 0.6382673875 0.19812722968750002 0.63467440625 0.0003421890625 0.698834778125 0 0.7147465515625 0.1929944015625 0.654179159375 0.20599757031250002 0.6539225171874999
0 0.232688284375 0.63467440625 0.2453492640625 0.644683425 0.3517699359375 0.767871340625 0.36887936875 0.7686412640625 0.373327821875 0.7632517937500001 0.24261175468750001 0.6131165203125 0.21455228593750003 0.607983690625 0.0006843765624999999 0.67727689375 0 0.6944718734374999 0.20839289062500002 0.6305681421875 0.232688284375 0.63467440625
0 0.2330304734375 0.604390709375 0.2446648875 0.6102934656250001 0.360324653125 0.7434903984375001 0.3743543875 0.7452868890625 0.3815403484375 0.7414372671875 0.2580102453125 0.5877090125 0.22584451093750002 0.5823195421875 0.12113478281250001 0.61465636875 0.0003421890625 0.6564889328125 0.0003421890625 0.67240070625 0.2183163609375 0.6049039921875 0.2330304734375 0.604390709375
0 0.1827287421875 0.7314282484375 0.1988116078125 0.7373310015625 0.32507922031250003 0.8387043921874999 0.3435574078125 0.8379344671875 0.3490324265625 0.8307485046875 0.1902568921875 0.7006312703125 0.1803334203125 0.6972949296875 0.0003421890625 0.7732608109375 0 0.7953319796875 0.1601442890625 0.7306583234375 0.1827287421875 0.7314282484375
0 0.1396129703125 0.812013675 0.171436515625 0.8002081671875001 0.1960740984375 0.8043144312500001 0.3254214109375 0.8938823109375 0.3459527296875 0.8933690296875 0.35074337031249997 0.8861830671875 0.1837553078125 0.7688979046875 0.0003421890625 0.8502532578125 0 0.8669349546875 0.0116344140625 0.8682181625000001 0.1396129703125 0.812013675
0 0.2087350796875 0.7714643203125 0.3332917484375 0.8677048796875001 0.3452683515625 0.8692447281250001 0.35861370937500003 0.8623154078124999 0.35587620000000003 0.8576958625 0.197442853125 0.736561078125 0.1775959109375 0.74323375625 0.163908365625 0.7522162078125 0 0.8189429968749999 0.001026565625 0.8297219390624999 0.0164250546875 0.8335715609375001 0.17280527031249998 0.7683846234375 0.1902568921875 0.7668447734375 0.2087350796875 0.7714643203125
0 0.6901308984375001 0.6989892953125 0.7078476921875 0.6937360609375001 0.725976503125 0.6955901421874999 0.8458738703125 0.7827320453125 0.8602945171874999 0.77995091875 0.8590584609375 0.7712985328124999 0.726800540625 0.6779763546875001 0.7029034703125 0.678903396875 0.6139074859375 0.7227833593749999 0.5166711328125 0.77655176875 0.5207913171875 0.7833500718749999 0.530679759375 0.7845861281250001 0.6901308984375001 0.6989892953125
0 0.7029034703125 0.6702510078125 0.718148153125 0.6699419953125 0.8524661671875 0.7598650203124999 0.8656507578125 0.7611010765625 0.8697709421875001 0.7539937578125 0.7288606328125 0.651710178125 0.700431359375 0.6520191921875 0.5179071875 0.7601740343750001 0.51749516875 0.7651182546874999 0.5249115015625 0.7675903671875 0.7029034703125 0.6702510078125
0 0.70455154375 0.6492380671875 0.718148153125 0.6470749703124999 0.7272125578125 0.6504741234375 0.8590584609375 0.741324190625 0.870182959375 0.7397791218750001 0.8755392000000001 0.733907859375 0.7321567796874999 0.6288431546875 0.7082597109375001 0.628534140625 0.5183192062499999 0.7385430656249999 0.5220273718749999 0.745650384375 0.5277956296874999 0.7459593984375 0.70455154375 0.6492380671875
0 0.7115558578125001 0.622662878125 0.7284486140624999 0.6238989328125 0.743693296875 0.6325513203125 0.8586464421875 0.7184571671875 0.87430314375 0.7144399875 0.8775992921875 0.70733266875 0.7371010015625 0.602576978125 0.7119678765625 0.5997958546875 0.6213238171875 0.65232820625 0.5179071875 0.715058015625 0.5183192062499999 0.7209292781250001 0.530267740625 0.7234013874999999 0.7115558578125001 0.622662878125
0 0.6893068609374999 0.75955600625 0.700431359375 0.7573929109375 0.7144399859375 0.7577019234375 0.7235043921875 0.7626461453125 0.80673211875 0.842680728125 0.8223888203125 0.8420627015625 0.8293931328124999 0.8380455203125001 0.7498735734374999 0.7561568546874999 0.7193842078125 0.728345609375 0.505958653125 0.8111613171875 0.5076067265625 0.8176506078125 0.5216153546875 0.82043173125 0.6893068609374999 0.75955600625
0 0.4911259890625 0.8939770250000001 0.6448088703125 0.830320175 0.6629376812500001 0.8272300359375 0.6802424546875 0.832483271875 0.7667663296875 0.90386546875 0.7824230296875 0.9026294125 0.7898393625 0.8973761781249999 0.6728261234375 0.7997278062500001 0.4705250671875 0.883161540625 0.471761121875 0.8908868875 0.47958947187499995 0.8945950515625001 0.4911259890625 0.8939770250000001
0 0.49071397031249997 0.8661657796875 0.657993459375 0.799418790625 0.6740621796874999 0.7981827359375 0.6897188796875 0.802199915625 0.7717105515625 0.879453375 0.7906633984375 0.8797623890624999 0.7993157859375 0.872964084375 0.6851866765625 0.7678993796875 0.47505726875 0.8559683234375 0.476293325 0.8556593093749999 0.47670534218749994 0.8633846546875 0.49071397031249997 0.8661657796875
0 0.9995433359374999 0.7428536796875 0.8428492484375001 0.8019232281249999 0.8275921937499999 0.8003769046875 0.7348128 0.7041955984375 0.7224422140625 0.7041955984375 0.7162569203125 0.713782803125 0.821819253125 0.825427340625 0.8634668921875001 0.8118196953125001 0.999130984375 0.7595539703124999 0.9995433359374999 0.7428536796875
0 0.8337774859374999 0.8371793984375 0.8176957249999999 0.8433646906250001 0.8012016109375001 0.843055425 0.7113086859375 0.7567705890624999 0.6964639828125 0.7567705890624999 0.6890416328125 0.7648114703125 0.7962533765625001 0.8671780671875 0.9999556890625 0.789243378125 0.9974815734375 0.7753264671875 0.8337774859374999 0.8371793984375