0 0.23622495156249998 0.36437865468749997 0.24229375625 0.3629513078125 0.249076525 0.3653302046875 0.3186892328125 0.44621320156250005 0.32404405625 0.4452616296875 0.3251150203125 0.43717334531249996 0.2433647203125 0.33725905312500004 0.2390808625 0.3363074921875 0.17839286875 0.4171904890625 0.16106682187500002 0.4456925765625 0.1637563484375 0.4514468140625 0.16875418749999999 0.45239836406249995 0.23622495156249998 0.36437865468749997
0 0.1669692421875 0.42670612031250005 0.23444000625 0.3363074921875 0.23943784531249998 0.3353559203125 0.24550665 0.3348801453125 0.3179752359375 0.42052095781250004 0.32261609375 0.4186178359375 0.32404405625 0.41243265156250003 0.23943784531249998 0.30728476875 0.2355109703125 0.31251837031249996 0.22658627031249998 0.3220340234375 0.1586575125 0.41571005312500003 0.159472490625 0.4214725296875 0.1623284015625 0.4233756515625 0.1669692421875 0.42670612031250005
0 0.234083021875 0.30728476875 0.2408657921875 0.30728476875 0.24764857812500002 0.3106152484375 0.32011716562500003 0.40101387656250004 0.326185984375 0.3929255921875 0.2380098984375 0.28349565781249997 0.2258722890625 0.2930112984375 0.15590261562500002 0.38674040781249996 0.1569735796875 0.39482871406250003 0.16197141875 0.3986349796875 0.234083021875 0.30728476875
0 0.1605434546875 0.3691364703125 0.232655075 0.28159252343749996 0.23515398593749998 0.2801651765625 0.24157977343749998 0.2796893921875 0.24800556093749998 0.28301987031250003 0.3190462 0.3772247765625 0.3244010234375 0.3781763265625 0.3265429515625 0.3705638171875 0.240508809375 0.2549487203125 0.2301561484375 0.2654159234375 0.15483165000000002 0.3581934703125 0.15411766875 0.3629513078125 0.156259596875 0.3672333484375 0.1605434546875 0.3691364703125
0 0.362598778125 0.4447858546875 0.4261426484375 0.36437865468749997 0.4325684359375 0.3624755109375 0.4404221875 0.3672333484375 0.49218548125000006 0.43860069218750003 0.4971833046875 0.4447858546875 0.5021811281249999 0.43764912031250003 0.4325684359375 0.33821061406249997 0.428284578125 0.34058953281250004 0.3543470109375 0.43462759687499997 0.3554589921875 0.4414553859375 0.35724395625 0.4443100796875 0.362598778125 0.4447858546875
0 0.3640267078125 0.41433579531250003 0.4279276125 0.33392857343750004 0.4322114703125 0.3325012265625 0.439351221875 0.33725905312500004 0.49432741093750004 0.4148115703125 0.5000391984375 0.4167146921875 0.50432305625 0.4105295296875 0.434710365625 0.31251837031249996 0.4275706140625 0.3120425953125 0.4200738609375 0.32298558437499997 0.35595321874999997 0.4057158796875 0.35724395625 0.41385999843750004 0.36009985 0.4148115703125 0.3640267078125 0.41433579531250003
0 0.36117081562500003 0.3914982453125 0.4257856828125 0.3101394625 0.4322114703125 0.3091879015625 0.4386372578125 0.3101394625 0.44256411562500003 0.3163246359375 0.5003961984374999 0.4000623265625 0.505751021875 0.3938771421875 0.50468005625 0.3853130609375 0.432925434375 0.2882534734375 0.42864157656249996 0.2911081671875 0.3865169640625 0.3410653078125 0.353811609375 0.3818012484375 0.35474502812500003 0.3886435515625 0.35652995781249996 0.3914982453125 0.36117081562500003 0.3914982453125
0 0.4272136140625 0.28349565781249997 0.43328243437499997 0.28301987031250003 0.43970822031249995 0.2858745640625 0.4978972703125 0.3691364703125 0.50325209375 0.3691364703125 0.505751021875 0.36437865468749997 0.4400651875 0.2630370140625 0.43149747187500004 0.25827918906249997 0.4264996484375 0.26398857656249997 0.3540310625 0.3572419203125 0.35474502812500003 0.3653302046875 0.3615278140625 0.3677091234375 0.4272136140625 0.28349565781249997
0 0.578182940625 0.363061125 0.5838947625 0.36401269687500004 0.589249584375 0.36544004375 0.6399419140625 0.43918628593750003 0.6438687734374999 0.4372831640625 0.64815263125 0.4344284703125 0.583180796875 0.339272003125 0.5796109046875 0.3397478 0.575327046875 0.344981390625 0.50881054375 0.4353414671875 0.5103551937499999 0.4420409796875 0.5160669999999999 0.4425167765625 0.578182940625 0.363061125
0 0.5749700468750001 0.3397478 0.5817528328125 0.33784465625000004 0.5888925859375 0.341175146875 0.6406558812500001 0.4149213890625 0.6460107015625 0.4115909203125 0.6474386671875 0.4073088796875 0.5942474078125 0.33118371875 0.58032486875 0.31405555625 0.56675933125 0.329756371875 0.50907824375 0.4110699015625 0.5099982125 0.4177760828125 0.5160669999999999 0.4206307765625 0.5749700468750001 0.3397478
0 0.575327046875 0.31453133125 0.584608728125 0.3112008625 0.591034515625 0.31453133125 0.6460107015625 0.3963658796875 0.648866596875 0.3920838390625 0.651722525 0.387326021875 0.583180796875 0.2893148625 0.5742560812499999 0.3007336375 0.509613646875 0.3867983359375 0.5099982125 0.3920838390625 0.5139250703125 0.39589010468749997 0.575327046875 0.31453133125
0 0.518208928125 0.36544004375 0.5788969374999999 0.28408126093749997 0.5842517609375 0.28075078124999997 0.592819478125 0.282178128125 0.6452967375 0.3635369 0.6495805953125 0.36068220625 0.6524364890625 0.358303309375 0.5878216203125 0.25838901718749996 0.5849657265625 0.258864803125 0.5103551937499999 0.355924390625 0.511426175 0.36163377812499997 0.51285410625 0.364964246875 0.518208928125 0.36544004375
0 0.773170003125 0.380880796875 0.778881825 0.37612298125 0.785664578125 0.37612298125 0.8363569078124999 0.4555786109375 0.8427826953125 0.4517723671875 0.8438536593749999 0.44415983593749997 0.7849506125 0.35423698125 0.7803097546875 0.34852759375 0.77424096875 0.3566159 0.767101215625 0.36708310312500003 0.7042323421875001 0.4549728796875 0.7060562390625 0.4608122453125 0.7114110625000001 0.46461848906250003 0.773170003125 0.380880796875
0 0.7799527890625 0.34805181875 0.7845936124999999 0.346624471875 0.7903054359375 0.349954940625 0.8402837671875 0.4303621640625 0.8459955875 0.42370122656250003 0.844924625 0.4156128984375 0.7853076125 0.32283534999999997 0.7820947171875 0.32473849375 0.7778108593749999 0.33044788125 0.7139099578125 0.40990351093750005 0.7049852750000001 0.42370122656250003 0.7067702046875 0.43131371406249996 0.7099830984375 0.4351200015625 0.7799527890625 0.34805181875
0 0.7799527890625 0.323311146875 0.7842366468749999 0.32283534999999997 0.7903054359375 0.323786921875 0.7938753281250001 0.3280689625 0.844210659375 0.4118066546875 0.850279446875 0.40752461406249996 0.84956548125 0.4013394296875 0.787449540625 0.2999978 0.7546066078125 0.334729921875 0.7066416515625 0.3975063796875 0.7074841703125 0.40609726718749994 0.7117680281250001 0.40990351093750005 0.7799527890625 0.323311146875
0 0.7820947171875 0.299522025 0.7895914703125 0.2933368625 0.7970882203125 0.295715759375 0.8006580812499999 0.299522025 0.8484945171874999 0.388969103125 0.853135340625 0.38754175625 0.85563426875 0.380405021875 0.7931613296875 0.27049931250000003 0.7849506125 0.278587596875 0.763888321875 0.299522025 0.7106571671874999 0.3664530515625 0.7106970625 0.374695634375 0.716765884375 0.37850187812499997 0.7820947171875 0.299522025
0 0.9079063875 0.37269718749999997 0.9139751734375 0.36936671875 0.9214719265625 0.37269718749999997 0.9660954359374999 0.4450161046875 0.9693083281250001 0.44358875781249996 0.9721642562499999 0.4378793703125 0.9189729984375001 0.34843229062500003 0.9139751734375 0.34700494375 0.906478421875 0.356996371875 0.8434369109375 0.4410524234375 0.845433446875 0.4521528390625 0.848646340625 0.45262861406250005 0.9079063875 0.37269718749999997
0 0.913261209375 0.345101821875 0.9196869953125001 0.34415025 0.9243278203124999 0.345577596875 0.9678803984375 0.4217027578125 0.9732352203125 0.4217027578125 0.9750201515624999 0.41646916718749993 0.9264697484375001 0.32464316875 0.922185890625 0.320361128125 0.9189729984375001 0.323215821875 0.88363116875 0.366512025 0.8457904468749999 0.4155175953125 0.846861409375 0.4221785546875 0.85078826875 0.4245574515625 0.913261209375 0.345101821875
0 0.9200439625 0.320361128125 0.9232568562499999 0.319885353125 0.9296826421875 0.3213127 0.9350374640625001 0.328925209375 0.975734115625 0.4093324328125 0.9807319718749999 0.4060019421875 0.9810889375 0.40029255468749997 0.9378933921874999 0.31322439375 0.9282547109375001 0.29657201718750004 0.91718806875 0.3051360984375 0.859355984375 0.376979228125 0.8498617359375 0.39072461718749996 0.8515022359375 0.399341003125 0.8568570578125 0.3917284734375 0.9200439625 0.320361128125
0 0.9236138546875001 0.29847514999999997 0.928968678125 0.29181419062499997 0.9357514625000001 0.29324153750000004 0.9393213234375001 0.29847514999999997 0.9768050796875001 0.383164390625 0.9835878671874999 0.38506753437499996 0.9857297953125 0.3779308 0.9532438624999999 0.303232965625 0.9353944640625 0.271355559375 0.9314676046875 0.274686028125 0.9179020328125 0.28467745624999996 0.8847021343750001 0.3213127 0.866138771875 0.344626025 0.8554291265625 0.359851065625 0.8561430921875001 0.366036228125 0.859355984375 0.36746357500000004 0.9236138546875001 0.29847514999999997
0 0.12665857187500001 0.6073131640625 0.13843918125000002 0.6054100421874999 0.1445079703125 0.6096920828125 0.20840887187499998 0.6862930390625 0.2141206609375 0.6805836515625 0.21376369374999998 0.6734469171875 0.19198740625 0.6496577953125 0.1598584703125 0.6101678578125 0.1334413578125 0.5820967171875 0.1248736421875 0.5920881453125 0.11130807031250001 0.6054100421874999 0.090245778125 0.6330054078125 0.0638286484375 0.6644070390625 0.052405021875 0.6772531609375 0.0556179171875 0.6829625484374999 0.0613297375 0.6843898953124999 0.12665857187500001 0.6073131640625
0 0.11987578593749999 0.5897092265625 0.12987146562500002 0.5801935734375 0.134512321875 0.5811451453124999 0.14165207500000002 0.5820967171875 0.147006896875 0.5882818796875 0.20840887187499998 0.6606007953125 0.21376369374999998 0.6577461015625 0.2126927296875 0.6520367140625 0.1459359328125 0.5711537171875001 0.132727359375 0.5578318203125 0.126301571875 0.5611622890625 0.11951882031250001 0.5721052890625 0.0970285640625 0.5987490828124999 0.062757684375 0.6396663671875 0.053119004687500006 0.6520367140625 0.0534759875 0.6582218765625 0.058830809375 0.6596492234375 0.11987578593749999 0.5897092265625
0 0.0574028625 0.6372874484375 0.126301571875 0.5564044734375 0.1320133953125 0.5564044734375 0.13843918125000002 0.5583075953125001 0.1445079703125 0.5635412078125001 0.2087658390625 0.6482304484375 0.213406696875 0.6434726328125 0.21519162656250002 0.6372874484375 0.1334413578125 0.5354700453125 0.1288005015625 0.5402278609375 0.11951882031250001 0.5468888203125 0.05668888125 0.6173045921875 0.049435465625 0.626658515625 0.049549128125 0.6339569796875 0.052762021874999995 0.6372874484375 0.0574028625 0.6372874484375
0 0.1270155703125 0.5345184734374999 0.13308435937500002 0.5349942703125 0.1402241109375 0.5364216171875 0.1466498984375 0.5421310046875 0.2087658390625 0.6277718171875 0.213406696875 0.6253928984375 0.21519162656250002 0.6187319390625 0.1341553234375 0.5112051484375 0.128086534375 0.5154871890625 0.0509770765625 0.5973217359375 0.0491921296875 0.6030311234375 0.0474072 0.6101678578125 0.0513340578125 0.6158772453125 0.1270155703125 0.5345184734374999
0 0.087574371875 0.7822061125 0.09328619375 0.7817303375 0.10006894687500001 0.78410925625 0.1778923890625 0.862613334375 0.182176246875 0.8621375375 0.1843181765625 0.8573797437499999 0.182176246875 0.8502429875 0.0904302671875 0.7598443578125 0.0886453375 0.7607959078125 0.08186255 0.7688842140625 0.0158197515625 0.85928284375 0.0116896109375 0.8686603046875 0.013677821875000001 0.8745079062500001 0.0190326453125 0.8745079062500001 0.087574371875 0.7822061125
0 0.08686040625 0.7574654390625 0.0922152296875 0.7560380921875 0.10328184062500001 0.7674568671875 0.18039128437500002 0.84167890625 0.1843181765625 0.8383484375 0.1839611765625 0.82978435625 0.090787265625 0.7351036640624999 0.0865034078125 0.7370068078124999 0.0779356921875 0.7479497859375 0.016176734374999998 0.83263905 0.0090126015625 0.846530346875 0.0108219125 0.8502429875 0.016533717187499998 0.852146109375 0.08686040625 0.7574654390625
0 0.081505584375 0.7412888484375 0.0890023359375 0.7351036640624999 0.094000159375 0.7365310109375 0.1036388390625 0.7465224390625 0.18003431875 0.8212202749999999 0.1839611765625 0.817889784375 0.1843181765625 0.808849928125 0.0890023359375 0.7141692578125001 0.07722172656250001 0.7246364609375 0.0650841171875 0.7431919703125 0.0133208234375 0.8164624375 0.01061880625 0.8244003890625 0.01117889375 0.8307359062499999 0.016533717187499998 0.82978435625 0.081505584375 0.7412888484375
0 0.084718478125 0.7108387671874999 0.0900733 0.7103629921875 0.0989979828125 0.7160723796874999 0.1793203203125 0.797906928125 0.1828902109375 0.79077019375 0.1825332140625 0.7812545625 0.089359303125 0.6865738703125001 0.0807915859375 0.6908559109375 0.0693679765625 0.7103629921875 0.0479486859375 0.7403372765625 0.015462751562499998 0.789342846875 0.009548003125 0.798701084375 0.0108219125 0.803616315625 0.015105768750000002 0.8045678875 0.084718478125 0.7108387671874999
0 0.26721141406250004 0.7867278171875001 0.274351165625 0.7814942046875 0.282561915625 0.7829215515625 0.3575294296875 0.8557162421875001 0.362527253125 0.8552404671874999 0.362527253125 0.8481037328125 0.27363719999999997 0.7586566546875 0.255787803125 0.7819700015625 0.200686584375 0.8665186953124999 0.2015255796875 0.8728444046874999 0.20723740156249998 0.8733202015625 0.26721141406250004 0.7867278171875001
0 0.26399852031250004 0.7619871453125 0.27042430781250004 0.7591324515625 0.279349021875 0.7615113484375 0.3578863953125 0.8309755703124999 0.360028325 0.8252661828125 0.359671359375 0.8186052234375 0.27256623593749996 0.735343328125 0.26399852031250004 0.734867553125 0.20402450781249998 0.8276451015624999 0.1950997921875 0.8466763859374999 0.1968847546875 0.8528615484375001 0.2015255796875 0.8557162421875001 0.26399852031250004 0.7619871453125
0 0.255787803125 0.741052715625 0.264712484375 0.73439175625 0.27256623593749996 0.73724645 0.3521746078125 0.8062348984375 0.3553875015625 0.8014770609375 0.356458465625 0.7933887765625001 0.27185227031250003 0.717739390625 0.2636415203125 0.712030003125 0.25650176875 0.7167878187500001 0.1986696859375 0.8095653671875 0.1891754359375 0.824757325 0.18974497031249998 0.8304997953125 0.19581379062499998 0.8357333859375 0.255787803125 0.741052715625
0 0.2457921234375 0.72773081875 0.25186091093749996 0.71345735 0.2586436984375 0.7077479624999999 0.2664974484375 0.709651084375 0.348247715625 0.7819700015625 0.35181760781250004 0.7800668578125001 0.35395953750000003 0.7715027765625 0.272923234375 0.69918388125 0.261499590625 0.689192453125 0.2547168390625 0.690144003125 0.20545247187500001 0.7672207359375001 0.19367186249999999 0.7853004703125 0.187960040625 0.8000497140625 0.18867400625 0.8086137953125 0.190815934375 0.8114684890625 0.2457921234375 0.72773081875
0 0.870700578125 0.5799582453125 0.8764123671874999 0.5742488578125 0.884623115625 0.5761519796875 0.9278186625 0.637527896875 0.93103155625 0.6332458562500001 0.9313885546874999 0.6270606937500001 0.8835521515625 0.5537902046875 0.876769365625 0.5518870828125 0.8731994734375 0.5585480421875 0.8574920046875001 0.5766277546875 0.8123835843749999 0.6409359078125 0.813939459375 0.6479950999999999 0.8185802843750001 0.648946671875 0.870700578125 0.5799582453125
0 0.8746274359375 0.5528386546874999 0.8796252609374999 0.5518870828125 0.8853370828125 0.5547417765625 0.9281756624999999 0.61564191875 0.9317455546875 0.613263 0.9328165187499999 0.6080293875 0.8871220109375001 0.5376136140625001 0.8824811875 0.5295253078125 0.8778403296875 0.5314284515625001 0.843926465625 0.5756762046875 0.8115804796875 0.6170212765625 0.814296425 0.623254428125 0.8196512484375 0.62753646875 0.8746274359375 0.5528386546874999
0 0.8749844359375001 0.5314284515625001 0.8814102234375 0.5285737578124999 0.8864080453125001 0.5309526546875001 0.929246625 0.5985137546875 0.933173484375 0.5975621828125 0.9346014484375 0.5918527953125 0.8878360093750001 0.5162034109375 0.8810532234374999 0.5100182390625 0.8257200703124999 0.5766277546875 0.813939459375 0.5932801421875 0.8132254624999999 0.6027957953125 0.8175093203125 0.60517469375 0.8749844359375001 0.5314284515625001
0 0.87926829375 0.5147760640625 0.884623115625 0.5095424515625 0.8917628687500001 0.5138244921874999 0.9317455546875 0.5842402859375 0.9356724125 0.5799582453125 0.9392423046875 0.5756762046875 0.886051046875 0.4890838203125 0.8731994734375 0.5043088515624999 0.8166668015624999 0.5738321656250001 0.8157243890625001 0.5804340203125 0.8210792124999999 0.5828129390625 0.87926829375 0.5147760640625
0 0.6829247921875 0.6532287125 0.740756875 0.5837644890625 0.7450407328125 0.5809097953125 0.7514665203125 0.5823371421875 0.7561073781250001 0.5885223265625 0.7968040281250001 0.6479950999999999 0.802872815625 0.6460919781250001 0.80215885 0.640382590625 0.7521804859375 0.5614027359375 0.7457546984375 0.5590238171874999 0.7218364968750001 0.5837644890625 0.675588325 0.6445052546875 0.6768559890625 0.6498982437499999 0.6789979171875 0.6537044875 0.6829247921875 0.6532287125
0 0.73004723125 0.5728215109375 0.74396976875 0.5594995921875 0.7518235203125 0.5604511640625 0.7578923078125 0.5675878984375 0.7982319578125 0.6265848968750001 0.8032298140625 0.62753646875 0.8057287093750001 0.6203997343750001 0.7518235203125 0.5390409609375 0.7457546984375 0.5380893890625 0.7364730171875 0.5528386546874999 0.71719565625 0.5761519796875 0.67719453125 0.62451690625 0.6789979171875 0.6299153875 0.6843527390624999 0.632294284375 0.73004723125 0.5728215109375
0 0.7468256640625001 0.5390409609375 0.752537484375 0.5390409609375 0.758963271875 0.5447503484375 0.8035867812499999 0.6142145718750001 0.8082276390625 0.6123114281250001 0.8100125671875 0.606126265625 0.752537484375 0.5185823203125 0.7475396609375 0.5200096671875001 0.6918494921875 0.5856676328125 0.681496828125 0.6032715718749999 0.6807828625 0.60993253125 0.685066721875 0.613263 0.7468256640625001 0.5390409609375
0 0.7493245921875 0.5176307578125 0.755393378125 0.5176307578125 0.7603912359375 0.5190581046875 0.765032059375 0.5276221859375 0.8003738874999999 0.5880465296875 0.8082276390625 0.595183265625 0.8117975296875001 0.5889981015625 0.806799675 0.5747246328125 0.7903782406250001 0.5485566140625 0.7661030234374999 0.5104940234375 0.7561073781250001 0.4981236765625 0.746468696875 0.5047846359375 0.7214795140625 0.5309526546875001 0.6993462421875 0.5594995921875 0.681496828125 0.5799582453125 0.680425865625 0.5866191828125 0.685066721875 0.5909012234375 0.7493245921875 0.5176307578125
0 0.59782450625 0.5737809078125 0.6021083640625 0.5733051328125 0.61031908125 0.5752082546875 0.6574415171875 0.6399146609375 0.661368409375 0.6394388640625001 0.6635103390625 0.6342052734375 0.602822328125 0.5504675828125001 0.5846159328125 0.5752082546875 0.5355806515625 0.638080428125 0.5360655640624999 0.6437209046875 0.5399924234375 0.6470513953125 0.59782450625 0.5737809078125
0 0.599966434375 0.5523707046874999 0.60532125625 0.5509433578125 0.612461009375 0.5547496234375 0.65886948125 0.6204075796875 0.662796340625 0.6199318046875 0.66529526875 0.6156497640625 0.6638673046875 0.6108919265625 0.6106760796875 0.5338151953125 0.60389329375 0.5295331546875001 0.59782450625 0.535718328125 0.5660525703125 0.5752082546875 0.5385253640625 0.6130949921875 0.5357085640625 0.6242138453125 0.5410633875 0.6256411921875 0.599966434375 0.5523707046874999
0 0.6010373984374999 0.5309605015625001 0.6081771515625001 0.5309605015625001 0.6135319734375 0.5333394203124999 0.661368409375 0.6051825390625 0.66529526875 0.6042309890625 0.6667232328125 0.5966184578125 0.6071061875 0.5095502984375 0.6056782562499999 0.5100260828125001 0.596039575 0.5190659515625 0.5449902468750001 0.5842481328125 0.5377222609375 0.5938205140624999 0.5374934953125 0.6028036421875 0.5407063890625 0.6042309890625 0.6010373984374999 0.5309605015625001
0 0.6024653625 0.5100260828125001 0.6113900453125 0.5100260828125001 0.6160309015625 0.5138323390624999 0.6224566890625 0.5214448578125 0.66529526875 0.5880543765625 0.6685081625 0.5856754796875 0.669936125 0.5804418671875 0.6192437953125001 0.4986073078125 0.6099621140625 0.48909166718749997 0.5860438953125 0.5147839109375 0.5406669734375 0.5666934703125001 0.5367795296875 0.5775871734375 0.5410633875 0.5832965609375 0.6024653625 0.5100260828125001
0 0.44987942187499996 0.5834052015625 0.45166435156249995 0.5834052015625 0.45880410468750005 0.5838809984375 0.514137290625 0.6523936484374999 0.5180641515625 0.6514420765625 0.521991009375 0.6447811171875 0.45273531718750004 0.5610434484375 0.44559556406249995 0.5715106515625 0.43524288593750005 0.5834052015625 0.382765625 0.6547725453125001 0.38347962343750003 0.6619092796875 0.38776348125000004 0.6642881984375 0.44987942187499996 0.5834052015625
0 0.4509503875 0.5610434484375 0.4555912109375 0.5600918765625 0.4605890671875 0.5600918765625 0.464515925 0.5634223453125 0.5169931859375 0.6309834453125001 0.521991009375 0.6243224859375001 0.52127704375 0.6209920171875 0.46237399687499997 0.5434394890625 0.457019175 0.5372543265624999 0.45237831718750005 0.5429637140625 0.4320299921875 0.5672286109375 0.38513263750000004 0.6280862546875 0.385621553125 0.6362170359375 0.39097637500000004 0.6371686078125001 0.4509503875 0.5610434484375
0 0.44630952968750004 0.5443910609375 0.4555912109375 0.5363027546875 0.4602320671875 0.5363027546875 0.46701485312499996 0.5405847953125 0.515922221875 0.6105247921875 0.52127704375 0.6152826296875 0.5237759718749999 0.6138552828125 0.5230619734374999 0.6052912015625 0.4602320671875 0.5182230421875 0.457019175 0.5186988171875 0.45166435156249995 0.5215535109375 0.4020429859375 0.5829294265625 0.384061834375 0.6041716234375001 0.3841935890625 0.6119521390625 0.38776348125000004 0.6152826296875 0.44630952968750004 0.5443910609375
0 0.4423826703125 0.5320207140625001 0.45880410468750005 0.5177472453124999 0.4634449625 0.5191745921875001 0.468442784375 0.5215535109375 0.47808146406249996 0.5353512046875 0.5227050078125 0.6005333640625 0.526988865625 0.5948239765625 0.5262748671875 0.5886388140625 0.46166003125 0.4944339203125 0.4123956640625 0.5481973265625 0.38620344218749997 0.5806139265625 0.38526455312499996 0.5876872421875 0.3891914125 0.5924450796875 0.4423826703125 0.5320207140625001
0 0.29673150000000004 0.5952997734375 0.30315728750000004 0.5905419359375 0.30958307343749997 0.5900661609375 0.317079825 0.5962513234375 0.36920008593750003 0.6628608515625001 0.37348394375 0.6671428921875 0.3784817671875 0.6638124234375 0.3806236953125 0.6581030359375 0.311368003125 0.5705590796875 0.306727146875 0.5681801828124999 0.3024432890625 0.5710348765625 0.2763831578125 0.6024365078125 0.24211229374999998 0.6457326890624999 0.22959830312500001 0.6612811890625 0.2306886671875 0.6671428921875 0.2349725265625 0.6714249328124999 0.29673150000000004 0.5952997734375
0 0.297088465625 0.5734137734375 0.3038712515625 0.5658012640625001 0.30922607343749997 0.5658012640625001 0.3163658265625 0.5710348765625 0.3716990140625 0.6447811171875 0.3749119078125 0.6452569140625 0.37883876562499996 0.6390717296874999 0.3770538375 0.6338381390625 0.3152948625 0.5510520203125 0.30958307343749997 0.5429637140625 0.30601318125 0.5434394890625 0.28887774843749997 0.5643739171875 0.24746711562499998 0.6124279359375 0.2299747015625 0.6333623421875 0.22926072031250003 0.6409748734375 0.23604349062500002 0.6424022203125 0.297088465625 0.5734137734375
0 0.2988734296875 0.5462941828125001 0.30315728750000004 0.5434394890625 0.308512109375 0.5443910609375 0.314580896875 0.5453426328125001 0.339570078125 0.5795989578125 0.3766968375 0.6295560984375 0.37990973125 0.6228951390625 0.3784817671875 0.6167099765625 0.308869075 0.5215535109375 0.3028002875 0.5286902453125 0.23818541875000002 0.5972028953125 0.22638588906249998 0.61059645 0.2267618078125 0.6190888734375 0.2317596328125 0.6195646703125 0.2988734296875 0.5462941828125001
0 0.3045852171875 0.5220292859375 0.309940040625 0.5215535109375 0.3181507890625 0.5244082046874999 0.37741080312499997 0.6086216703125 0.3802667296875 0.6062427515625 0.38205165937499996 0.5986302421875 0.3163658265625 0.5039495625 0.3102970390625 0.50109486875 0.2456821703125 0.5667528359375 0.22959830312500001 0.5881095578125 0.2267618078125 0.5943482015625 0.23247361406249997 0.5986302421875 0.3045852171875 0.5220292859375
0 0.4371139109375 0.77805509375 0.45389237656250003 0.768539440625 0.520292175 0.8475192953124999 0.5227910703124999 0.8456161734375 0.5249329984375 0.8408583578125001 0.45746223593749996 0.759975359375 0.4499654859375 0.751411278125 0.4396128390625 0.754741746875 0.42747522968749996 0.774248828125 0.3709444796875 0.8497427609375 0.370000146875 0.8570349484375 0.374641003125 0.8608412140624999 0.4371139109375 0.77805509375
0 0.4424687328125 0.750935503125 0.450322484375 0.7476050125 0.456391271875 0.750935503125 0.5188642125 0.8275364390625001 0.52350506875 0.8213512765625 0.5220771046875 0.8142145421875 0.4524644125 0.73333154375 0.44639562499999996 0.73285576875 0.437470909375 0.739992503125 0.3885635421875 0.8037473390625 0.36928618125 0.8313427046875 0.368572184375 0.8341973984375001 0.372499075 0.8384794390625 0.4424687328125 0.750935503125
0 0.4421117671875 0.731428421875 0.44925152031250004 0.7295252999999999 0.454963340625 0.734283115625 0.517793246875 0.8070778078125 0.5231480703125 0.8108840734375 0.5242190328125 0.7999410734375 0.5227910703124999 0.7928043390624999 0.4592471984375 0.726194809375 0.4506794828125 0.711921340625 0.4424687328125 0.71049399375 0.38178075625 0.7942316859375 0.36714425156249997 0.8170692359375 0.3682152171875 0.8227786234375 0.3714281109375 0.8251575421874999 0.4421117671875 0.731428421875
0 0.4449676625 0.71049399375 0.45139344843749996 0.7100182187499999 0.456748271875 0.71572760625 0.521363140625 0.7894738703125 0.5263609625 0.7875707265624999 0.527074928125 0.7790066453125 0.44782355625000003 0.6895595765625 0.40248608125 0.745701890625 0.3679997671875 0.795488671875 0.36714425156249997 0.8046988890625 0.371785078125 0.8070778078125 0.4449676625 0.71049399375
0 0.594958525 0.7552026374999999 0.6006703124999999 0.751872146875 0.6067391328125 0.754251065625 0.66492818125 0.8265699812499999 0.6681410765625 0.8246668375 0.668498075 0.8180059 0.5995993484375 0.7323650875000001 0.5871047734375 0.7485416781249999 0.5506919796874999 0.797547246875 0.5262111140625 0.8318960203125 0.52748774375 0.8360856125 0.53177161875 0.839891878125 0.594958525 0.7552026374999999
0 0.5981714171875 0.7333166375 0.6028122406249999 0.7328408625 0.6099520265625 0.736647128125 0.666356146875 0.8094418187500001 0.6699260375 0.805635553125 0.67135396875 0.79849881875 0.602455275 0.713809578125 0.597100453125 0.71856739375 0.562472590625 0.7613878 0.5259434140625 0.81404928125 0.527844728125 0.8180059 0.5303436546875 0.8203847968750001 0.5981714171875 0.7333166375
0 0.59103163125 0.711906434375 0.599956346875 0.7095275375 0.6092380281249999 0.7195189656250001 0.6670701109375 0.785176921875 0.6706400046875001 0.7785159625 0.6674271093749999 0.771855003125 0.6013843109375 0.69049623125 0.5967434546875 0.6909720265625 0.5892467015625 0.6966814140625 0.5760381296875 0.71809161875 0.525140309375 0.7908485203125 0.5271307625 0.797071471875 0.5335565484375 0.794692553125 0.59103163125 0.711906434375
0 0.5942445265625 0.69287515 0.6010273125000001 0.6885931078125 0.6078100984375 0.694302496875 0.668855075 0.7642424937500001 0.6720679671875 0.7599604531249999 0.670997003125 0.7537752906249999 0.6156638156249999 0.6871657609375 0.5995993484375 0.6700375984375 0.592102596875 0.6766985578125 0.54569415625 0.7409291687499999 0.5256757125 0.7722879109375 0.5257027984375 0.77566126875 0.5307006546874999 0.7794675343749999 0.5942445265625 0.69287515
0 0.7410314609374999 0.7329467578125 0.749242178125 0.7229553296875 0.754954 0.7272373703125 0.804575365625 0.7924195515625 0.808502225 0.7914679796875 0.8102871531250001 0.7862343890625 0.7488852125000001 0.7043998203124999 0.74710025 0.7053513921875 0.68427034375 0.7881375109375 0.6803434687500001 0.7962258171875 0.6803434687500001 0.8043141015625 0.6846273265625 0.8066930421875 0.7410314609374999 0.7329467578125
0 0.751027140625 0.7024966984375001 0.8074312609375 0.7733882671875 0.8117151187499999 0.7714851234375 0.8110011515625001 0.7638726140625 0.7499561765625 0.6858443109375 0.7442443546875 0.6886990046875 0.6853413078124999 0.7729124703125 0.6852255640625 0.7722879109375 0.6796294859375 0.7790976546875 0.682485396875 0.7867101640625 0.746386284375 0.7034482703125 0.751027140625 0.7024966984375001
0 0.7435303890625 0.6844169640625 0.7503131421875 0.6834654125 0.810644153125 0.7491233703125 0.81314308125 0.7419866359375 0.7485282125 0.665385678125 0.73888953125 0.67585288125 0.6801392421875 0.7576535828125001 0.6796294859375 0.7643483890625 0.6831993796875 0.7710093484375 0.7435303890625 0.6844169640625
0 0.7485282125 0.66348255625 0.7535260359375 0.66633725 0.8074312609375 0.7305678609374999 0.8124290843749999 0.7277131671875 0.8092161890625 0.7162943921875 0.7488852125000001 0.64635439375 0.7446013546875 0.6501606375 0.7299648171875 0.66919194375 0.679986484375 0.7391319421875 0.6782015390625 0.7472202265625 0.681771415625 0.7519780640625 0.7485282125 0.66348255625
0 0.8702611656249999 0.7067787390625 0.8759729875 0.7058271671874999 0.9213104953125001 0.7733882671875 0.9241663890625 0.7714851234375 0.9259513203124999 0.7667273078125 0.923452425 0.7624452671874999 0.876686953125 0.6915536984374999 0.8695472000000001 0.6925052703125 0.8541966984375 0.7129639015625 0.8181409046875 0.7595905734375 0.8054233546875 0.777284996875 0.8095731890625 0.7843312453125 0.862407446875 0.7162943921875 0.8702611656249999 0.7067787390625
0 0.87240309375 0.6858443109375 0.8763299874999999 0.6867958828125 0.9188115671875 0.7515022671875 0.9245233875000001 0.7548327578125 0.9266653171874999 0.7476960234375001 0.876686953125 0.6720466375 0.87240309375 0.670619290625 0.8688332359375 0.673949759375 0.8392031953125001 0.7139154734375001 0.8081003656249999 0.7551550406249999 0.8110011515625001 0.7619694921875 0.8677622703125 0.6896505765625001 0.87240309375 0.6858443109375
0 0.8684762359375 0.664909903125 0.87240309375 0.665861453125 0.9155986734375 0.7262858203125 0.9205964968749999 0.7305678609374999 0.923809390625 0.7239069015624999 0.8738310578125 0.6520637812500001 0.8695472000000001 0.650636434375 0.8620504499999999 0.655870025 0.812651284375 0.723030909375 0.8095731890625 0.7396077171875 0.864549378125 0.668716146875 0.8684762359375 0.664909903125
0 0.8691902015625 0.645878596875 0.8745450234375 0.650636434375 0.9216674625 0.7129639015625 0.9245233875000001 0.7115365546875 0.9252373531250001 0.7048756171874999 0.8688332359375 0.62922623125 0.8331344078124999 0.671570840625 0.8075649625000001 0.7094673859375 0.8117151187499999 0.7196248609375 0.863835378125 0.648733290625 0.8691902015625 0.645878596875