0 0.072428784375 0.3831594203125 0.058909240625000005 0.39024625468749996 0.054423398437500006 0.3995729609375 0.20376626718750002 0.50794341875 0.358111203125 0.3925540296875 0.3525804421875 0.3827172828125 0.34544277968750003 0.37873162968749996 0.337154784375 0.3805890984375 0.2190120828125 0.469656140625 0.2038057953125 0.47334714375000003 0.072428784375 0.3831594203125
0 0.0603882390625 0.353912175 0.0594712265625 0.36523170625 0.19576895 0.4690346734375 0.20929857031250002 0.47290863906249997 0.357223640625 0.3583164828125 0.35357496718750003 0.3470767265625 0.3431994671875 0.3441752421875 0.2103628578125 0.43555421250000004 0.19986178125 0.43573769531249995 0.073520975 0.34511944375 0.06754372656249999 0.346251475 0.0603882390625 0.353912175
0 0.09383480625 0.496163009375 0.21910899687500002 0.59056773125 0.3565430703125 0.4871198609375 0.35239597031250003 0.47691640625 0.34103756875 0.47574474687499996 0.233274240625 0.5564097 0.2216507375 0.5617507546875 0.12795186875 0.4986496625 0.10620788750000001 0.48361571562499994 0.0983904140625 0.48512243125000004 0.09383480625 0.496163009375
0 0.22076550625000002 0.5610811609375 0.3612978890625 0.459976865625 0.35117353906250004 0.45090544218749995 0.3406585140625 0.4514317015625 0.2360772109375 0.5323835859375 0.2214112109375 0.5340099640625 0.11180608125 0.45817063906250005 0.101705765625 0.45971724218750004 0.0980912 0.47005631406250004 0.22076550625000002 0.5610811609375
0 0.11965612343750001 0.52311428125 0.10927674999999999 0.5315163703125 0.1061606125 0.5408191421875 0.2370531515625 0.6317003921875 0.24718137499999998 0.629468240625 0.37423994843749997 0.523118884375 0.3686952390625 0.5136249125 0.35697793906249997 0.510061809375 0.3481775609375 0.5132983515625 0.24661085468750002 0.5986504609375001 0.23735390937499998 0.6018949796874999 0.211445003125 0.5883039296875 0.11965612343750001 0.52311428125
0 0.1195809421875 0.58100325625 0.24304280937499997 0.6750971156250001 0.384087571875 0.5726137484375 0.3831643578125 0.5616689015625 0.371572634375 0.5550208328124999 0.358952275 0.5624344875 0.2543012109375 0.64510024375 0.23929026250000002 0.6439924046875001 0.131208321875 0.564358628125 0.11995766875 0.57174835 0.1195809421875 0.58100325625
0 0.13972035 0.635456253125 0.1287766578125 0.6353049390625001 0.12400168125 0.6405263296875 0.1237226265625 0.6473818171875 0.23842210000000003 0.7549874703125 0.337488925 0.6974240171874999 0.394822759375 0.656346159375 0.390745421875 0.6444288312500001 0.3799831171875 0.6398214531249999 0.248711553125 0.72637765 0.240493321875 0.7265212453125 0.2188330578125 0.709430653125 0.1771194375 0.6693983703125 0.13972035 0.635456253125
0 0.134444615625 0.608145990625 0.1297254484375 0.611996284375 0.1257519859375 0.6199439156250001 0.126194603125 0.6202787109375001 0.240618896875 0.7234362765625 0.25635151718750004 0.7180234249999999 0.39050201875 0.62799161875 0.3932592578125 0.6162974046875 0.385278221875 0.6106138359375 0.3733795359375 0.6115068015625 0.25363380625 0.6951213640625 0.2458302828125 0.69628530625 0.1430496515625 0.6097082890625 0.134444615625 0.608145990625
0 0.24581633281249998 0.696628078125 0.2638596984375 0.6904897921875001 0.3767987609375 0.60596656875 0.49109127499999994 0.6899447249999999 0.5008466453125 0.6856639046875 0.5042278859375 0.6698484203125 0.37825993125 0.5812788390625 0.253669459375 0.6718286625000001 0.23526331875 0.686879084375 0.24581633281249998 0.696628078125
0 0.24114444062499998 0.6432749453125 0.2543012109375 0.64510024375 0.3720292015625 0.5550128546875001 0.393679384375 0.56114264375 0.49313225781250003 0.6285960937499999 0.5048394796875 0.6211983953125 0.498036684375 0.608986159375 0.3722183359375 0.5279496359375 0.24067779374999998 0.6323221218749999 0.24114444062499998 0.6432749453125
0 0.2492285625 0.5903839875 0.256077090625 0.5902643249999999 0.356991890625 0.5097190359375 0.37770490625 0.505246753125 0.393959984375 0.5094156296875 0.49670650624999996 0.574413815625 0.5041270984375 0.5602404046875 0.3756111984375 0.47822342500000004 0.24545431406249998 0.5822292015625 0.2492285625 0.5903839875
0 0.399675246875 0.6268037453125 0.3881075546875 0.630773703125 0.38457670781250003 0.6390561296875 0.39156088906250003 0.6468122984375 0.4097639421875 0.6591678703125 0.5184698859375 0.7346803765625001 0.642374340625 0.6273585390624999 0.6423224015625 0.6174260609375 0.6329716624999999 0.611766425 0.60991611875 0.6289532671875 0.5196419234375 0.7058873296875 0.495489525 0.6939782421875 0.399675246875 0.6268037453125
0 0.39503513749999997 0.5614614859375 0.38716185 0.5643392984375 0.3831744359375 0.572629703125 0.5121290765625 0.6662850578125 0.52689275 0.6622592593750001 0.634580109375 0.5610438015625 0.6354134015625 0.551780915625 0.624679003125 0.5464879875 0.52383009375 0.63662298125 0.5101190875 0.6372050812500001 0.39503513749999997 0.5614614859375
0 0.3925902796875 0.5094395625 0.38319380625 0.5161118250000001 0.383148071875 0.528443725 0.5166025109375 0.6124295984375 0.635969184375 0.5045019890625 0.6312538921875 0.49704870625 0.6204357765624999 0.4938124234375 0.522633240625 0.5763585171875001 0.51330653125 0.581316909375 0.49225244375 0.571751396875 0.3925902796875 0.5094395625
0 0.495091825 0.40112157187499997 0.40637334999999997 0.33896105 0.38065978437500003 0.32057115937499997 0.373769396875 0.32171914375 0.365090721875 0.3331742921875 0.374991825 0.34773010625 0.5264958375 0.4478420703125 0.6741596765625 0.328459053125 0.67229541875 0.3182157109375 0.6556395828125 0.312683715625 0.53717596875 0.40963456875000004 0.5233254328125 0.41364441249999995 0.495091825 0.40112157187499997
0 0.38924853593750003 0.288908278125 0.3769351390625 0.2887808984375 0.37018040937499996 0.29780471406250003 0.51953723125 0.4058324 0.5323630078125 0.4045807078125 0.6736310140625 0.29661295 0.6713241390625 0.2860348109375 0.655358196875 0.2859712484375 0.53122429375 0.37651309843749997 0.5193535125000001 0.37672051406249996 0.495713496875 0.3634323484375 0.38924853593750003 0.288908278125
0 0.5287647265625 0.44814495781249997 0.3970528453125 0.36618381875 0.3835193515625 0.3736134296875 0.3827000109375 0.3825335390625 0.54762201875 0.48926166562500006 0.6915116078125 0.36172386093750003 0.688552828125 0.3559525390625 0.677930053125 0.3479174140625 0.66971181875 0.3480610109375 0.557985109375 0.447634396875 0.5449081828125 0.455056028125 0.5287647265625 0.44814495781249997
0 0.39054617812500003 0.4587807578125 0.380748946875 0.4640899 0.3777583859375 0.47030770312500003 0.5111709656250001 0.5553219015625 0.6261773703125 0.45363602812500003 0.6233441671875 0.44477973750000005 0.6166072609375 0.4421572046875 0.6091765890625 0.4453698140625 0.51408555625 0.52855359375 0.5036682 0.5266804296875 0.39054617812500003 0.4587807578125
0 0.513853809375 0.6799561453125 0.5197155609374999 0.6928698828125001 0.5329141890625 0.6936668578125 0.6277060046875 0.595416965625 0.6407372015624999 0.6003272328125 0.7549676984375 0.6634121093750001 0.7627991265625 0.66156261875 0.7672012515625 0.6542925609375 0.6217783640625 0.572913521875 0.513853809375 0.6799561453125
0 0.5252695625 0.634885178125 0.628829978125 0.5453878671875 0.6427882625 0.549939403125 0.7564924265624999 0.6147461296875 0.7625433140625 0.6005966515625001 0.62538051875 0.51804569375 0.5102066765625 0.623844859375 0.515681625 0.6350527046875001 0.5252695625 0.634885178125
0 0.5041790359375 0.5701728828125 0.5124910640625 0.57893344375 0.5245013734375 0.575298284375 0.620505540625 0.49209855312500006 0.73896685625 0.5633302390625 0.749109034375 0.5607553125 0.7490570953125 0.550822834375 0.6279121796875 0.4782679140625 0.6144662765625 0.47233730312500005 0.5041790359375 0.5701728828125
0 0.6243666250000001 0.610204128125 0.6470376953125 0.62487934375 0.7675206218749999 0.6912802796874999 0.8650836312499999 0.5809933953125 0.8617659515625 0.5728306328125 0.8559282296875 0.5705349187500001 0.764499825 0.664615678125 0.7527267156249999 0.662423671875 0.639437259375 0.5986372921875 0.6272494375 0.5954249421875 0.6243666250000001 0.610204128125
0 0.9594894015625 0.3577265984375 0.95286411875 0.3523618703125 0.9442451296875 0.351142346875 0.8284271296875 0.43914117968750005 0.8207352296874999 0.43756292500000005 0.7966665484375001 0.4235971890625 0.699123665625 0.354055184375 0.6888876953125 0.3477259546875 0.6898248640625 0.358328028125 0.6861544890625 0.370038196875 0.8212638921875 0.46940902968750003 0.9592940625 0.3625254375 0.9594894015625 0.3577265984375
0 0.7066737078124999 0.3254932296875 0.688676071875 0.3192996171875 0.6771083796874999 0.3232695734375 0.679042403125 0.3317990421875 0.70285993125 0.35193471875000004 0.817124540625 0.43659842187500003 0.9526207187500001 0.3359246578125 0.9498991328124999 0.3243261734375 0.93719893125 0.3224928984375 0.8294495578125 0.4028150765625 0.81606954375 0.40647416875 0.797354109375 0.3954976703125 0.7066737078124999 0.3254932296875
0 0.6724861265625 0.44803145625 0.6680560953125 0.4559870640625 0.8051173500000001 0.552241015625 0.9238739718750001 0.448091903125 0.9237104125 0.4409016171875 0.909281609375 0.43670083281250005 0.9042593546875001 0.4367885875 0.8179687 0.516735821875 0.8058886281250001 0.522084853125 0.786605003125 0.513858528125 0.6843429546875 0.4481668140625 0.6724861265625 0.44803145625
0 0.6637671375 0.4156433984375 0.6548830453125001 0.42093658749999996 0.6537745671875 0.4257513828125 0.7909753484375 0.51857759375 0.79830835 0.5177644031249999 0.9100350609375001 0.4181910203125 0.9094846953125 0.40929484218749995 0.901308321875 0.4084101140625 0.79665725625 0.49107587031250005 0.7798479406250001 0.48931439374999997 0.673700021875 0.4182100875 0.6637671375 0.4156433984375
0 0.8630813890625 0.52930626875 0.8618333828125 0.5375488078124999 0.776703140625 0.622613725 0.757321846875 0.6167868203125 0.6418053625 0.5516692296875 0.6375846234375 0.5544832234375 0.6366497859375 0.577449103125 0.7773992390625 0.6503465375 0.8803573515625001 0.54202056875 0.8766110093749999 0.533180234375 0.8630813890625 0.52930626875
0 0.6383357421875 0.5024054546875 0.6360528999999999 0.5024453421875 0.62996015625 0.5176231437500001 0.766610571875 0.601553175 0.7745117640625 0.597989815625 0.8766505375 0.498583959375 0.8745769859375001 0.4934822296875 0.8097109390625 0.5514756937499999 0.7968154000000001 0.5544412578125 0.786547646875 0.5601011546875 0.7686678390624999 0.5734297265625 0.6383357421875 0.5024054546875