0 0.08283936562500001 0.34734929375 0.07011098593750001 0.3310058296875 0.0457322640625 0.274294434375 0.0416432875 0.295182928125 0.065870396875 0.34819500625 0.082431246875 0.37223394062500004 0.246678890625 0.24712296562499997 0.2487667921875 0.2387058234375 0.25588272343749996 0.2374748984375 0.2680327125 0.23131769531250002 0.26646913906249997 0.22478320312500003 0.1945069359375 0.27621894375 0.1034598078125 0.34462093125000004 0.08283936562500001 0.34734929375
0 0.021307265625 0.40808871562500004 0.043119892187499995 0.444127996875 0.0789579765625 0.5029951015624999 0.097518578125 0.5009804859375 0.20797927343749997 0.38814309062499996 0.20767604999999997 0.380744453125 0.20252578593749998 0.37573771875 0.0910565453125 0.4865499921875 0.079826953125 0.47709591093750003 0.023811953125 0.389838825 0.021307265625 0.40808871562500004
0 0.0248632484375 0.38709995468749997 0.080698578125 0.47836111875 0.0868854453125 0.47768958125000005 0.22286372031249999 0.3564376265625 0.22202015625 0.347469021875 0.21535773906250003 0.346215703125 0.09732627187500001 0.4491860671875 0.0844268875 0.45189857968749997 0.07352858281249999 0.44213974062499994 0.028030504687500003 0.36824054687499996 0.0248632484375 0.38709995468749997
0 0.0291245515625 0.36073768125 0.08041474531250001 0.4482071859375 0.0870624734375 0.4465211046875 0.2219467 0.3327720140625 0.22071440937500003 0.3259327640625 0.214584984375 0.3247797078125 0.10050689531250001 0.4196838609375 0.0835379296875 0.4205295734375 0.069138434375 0.402770503125 0.032760014062499995 0.34233342968749997 0.0291245515625 0.36073768125
0 0.21651260468750003 0.29761135 0.09920717343749999 0.3860351046875 0.084118375 0.390171146875 0.074213921875 0.3794980296875 0.038252284375 0.3092282109375 0.0343650171875 0.3305217296875 0.0786468171875 0.414103271875 0.11156753906250001 0.395334825 0.1689812796875 0.3496050953125 0.2249403078125 0.305804184375 0.22416887812500003 0.2979503921875 0.21651260468750003 0.29761135
0 0.1934287578125 0.44670819375 0.1816394359375 0.45843944218750005 0.177382834375 0.45910701875 0.09040661093749999 0.54295800625 0.08163425468749999 0.5457127265625 0.07027508906249999 0.5369684296874999 0.0151303875 0.4373943515625 0.0130767078125 0.44941730937499996 0.0135313421875 0.465042071875 0.07436935624999999 0.5704087312499999 0.1996817359375 0.4592639625 0.1978443171875 0.45120963593749996 0.1934287578125 0.44670819375
0 0.02245273125 0.4108737578125 0.0197303203125 0.41219702187499996 0.0181473546875 0.42841782500000003 0.0205972453125 0.439156925 0.0768226234375 0.541870934375 0.0828077828125 0.540794371875 0.0940641109375 0.5289628578125 0.1100171875 0.5246223234375 0.12969255 0.5059317453125 0.10476540781250002 0.5126219765625 0.08479284375 0.5118014203125 0.0732393140625 0.504121796875 0.02245273125 0.4108737578125
0 0.1932336609375 0.514214165625 0.1851813171875 0.5145347734375 0.079940371875 0.6063293140625 0.0690934828125 0.6068583796875 0.0601254421875 0.597095575 0.034068259375 0.537498875 0.014461145312500001 0.4969973515625 0.0153953328125 0.5291032921875 0.0644715140625 0.62764660625 0.14099221875 0.5693597296874999 0.1932703875 0.52156266875 0.1932336609375 0.514214165625
0 0.061592056250000006 0.717406546875 0.050996975 0.715046340625 0.018235451562499998 0.6267118078125 0.0195367578125 0.671434815625 0.0464912109375 0.745767584375 0.18384001875 0.645696996875 0.1791786765625 0.6319723234375 0.061592056250000006 0.717406546875
0 0.19508503593749998 0.5916491859375 0.075136671875 0.683980715625 0.0637995421875 0.6796455203125 0.0585698015625 0.6720542765624999 0.016470753125 0.5660630765625 0.01759269375 0.6046216515625 0.057356167187499994 0.7089010234375 0.19414994531250002 0.60432106875 0.1972463921875 0.5979290500000001 0.19508503593749998 0.5916491859375
0 0.20131333125 0.572631453125 0.2000590046875 0.5613831 0.19399436718750002 0.5598751546875 0.09102099531249999 0.6392484734375 0.0726120046875 0.6449624078125 0.057975398437500006 0.6330320078125 0.015425179687500002 0.5301290468750001 0.016410521875 0.5639930609375 0.0241837859375 0.584093953125 0.060313046875 0.6745846921875 0.0719594265625 0.6742060249999999 0.20131333125 0.572631453125
0 0.237524571875 0.8393358859375001 0.3740799125 0.7270024 0.370967453125 0.71687281875 0.3652487921875 0.7179995156250001 0.2514298546875 0.8114840984375 0.24097169218749998 0.8098838125000001 0.1893155421875 0.66251146875 0.1822643984375 0.6633875015624999 0.1776985484375 0.6687689390625 0.237524571875 0.8393358859375001
0 0.196982540625 0.6250433156249999 0.190436328125 0.6337230078125 0.249311246875 0.8004402390625 0.2589478828125 0.797481025 0.3923773953125 0.6856607578125 0.3937953828125 0.67638343125 0.3909213609375 0.674007378125 0.383279778125 0.6766077359375 0.27012341093750003 0.7694828046875 0.255747278125 0.7697150359375 0.2036449578125 0.6262966359375 0.196982540625 0.6250433156249999
0 0.2005592359375 0.594881459375 0.195006878125 0.6026468734375 0.255271725 0.7677901765625 0.276575453125 0.7552792 0.393642446875 0.6591019140625 0.3920067390625 0.6514526140625 0.3856108171875 0.6502494265625 0.28124751875 0.731196675 0.262024346875 0.7338208093749999 0.2539927171875 0.724968321875 0.2075529390625 0.5958300203125 0.2005592359375 0.594881459375
0 0.26064382343750003 0.68400534375 0.20088390937499997 0.5266657046875001 0.0630167984375 0.6295754265625 0.0631757578125 0.634744446875 0.07124279375 0.6373632406249999 0.182368703125 0.551080725 0.19168139687500002 0.5498959703125 0.1986396953125 0.5570782265625 0.24769434375000002 0.6900121515625 0.25587626406249997 0.6889817578125 0.26064382343750003 0.68400534375
0 0.218634296875 0.5623078859375 0.2845089453125 0.7178611781249999 0.4096917515625 0.6074261937500001 0.41098015937500004 0.5988586546875 0.4041808203125 0.59684541875 0.2999484203125 0.6906650812499999 0.2888350359375 0.6911440125 0.27965059375 0.6780367843749999 0.2309138625 0.555440896875 0.2228688640625 0.5572312078125 0.218634296875 0.5623078859375
0 0.23039291562500003 0.5311156359375 0.2270299734375 0.5374575218750001 0.2932138703125 0.6882969531249999 0.3063577109375 0.6812254703125 0.4182670984375 0.5785717531250001 0.41717172968750005 0.5724924171875 0.41030025468750003 0.569364371875 0.30798343125 0.660240671875 0.299333303125 0.6608159078125 0.28976748125 0.65130773125 0.2380418421875 0.529984978125 0.23039291562500003 0.5311156359375
0 0.23008704687499998 0.4965526015625 0.22818616249999998 0.5024353671874999 0.2329343296875 0.52021425 0.297921340625 0.6579807343749999 0.310691146875 0.65597800625 0.3654472671875 0.61121665 0.36204025156249997 0.60874033125 0.32047675 0.6295537140625 0.30789395937499997 0.629022065625 0.289900434375 0.611321053125 0.2369291375 0.49380184531250004 0.23008704687499998 0.4965526015625
0 0.24322222187500003 0.4744292203125 0.23882869687500002 0.4743368796875 0.23540831406249998 0.4825033578125 0.3043500234375 0.6257858281249999 0.3223262140625 0.6133830421875001 0.4274082015625 0.5164194828124999 0.426831134375 0.5075010125 0.42276155 0.5056342125 0.40578655937499997 0.518592421875 0.3164693078125 0.6001676218750001 0.304937815625 0.5968971046875 0.270020128125 0.5224187140625001 0.24322222187500003 0.4744292203125
0 0.31053160156250004 0.57078549375 0.28117494375 0.5035935874999999 0.27643544375 0.50086660625 0.2722008765625 0.505943284375 0.3093313390625 0.5969894453125 0.3189178765625 0.5973245234375 0.43179173437499996 0.48787772656249995 0.43127211093750006 0.4771346625 0.42720986875 0.4767375625 0.40903931875 0.49020502343750005 0.330215634375 0.5671468171875 0.321594890625 0.5736008546875 0.3145363984375 0.5730071875 0.31053160156250004 0.57078549375
0 0.24114577812500002 0.3785978734375 0.237177709375 0.383724684375 0.3178893515625 0.538031203125 0.3265321296875 0.5359862671875 0.45342145624999997 0.42073319375 0.44972590781250005 0.4137976390625 0.445389825 0.41188070625 0.3353813203125 0.5086516578125 0.3245417796875 0.5106504234375 0.31472415 0.5040315171875 0.248405978125 0.3795965671875 0.24114577812500002 0.3785978734375
0 0.24143827812500002 0.4238037046875 0.31139455625 0.5569988015625 0.3296459109375 0.559698046875 0.4407838671875 0.449190534375 0.43914081562499996 0.4400715328125 0.4354098609375 0.4393696734375 0.3265762046875 0.544804471875 0.3201008046875 0.541016775 0.24991475625 0.4151200484375 0.2451398515625 0.4186267609375 0.24143827812500002 0.4238037046875
0 0.26183306562499997 0.32265552343750004 0.2575911546875 0.326262503125 0.3311147296875 0.4806851359375 0.3393614359375 0.47929985156250005 0.46769945156250003 0.3742304546875 0.46380219375 0.3668898765625 0.4596751671875 0.36684766875 0.3461006890625 0.4559732828125 0.337313640625 0.4557886015625 0.331306446875 0.45245606250000003 0.26742215156250004 0.32223861249999997 0.26183306562499997 0.32265552343750004
0 0.30831559531249997 0.447029834375 0.2968328734375 0.42688282187500004 0.257240478125 0.3493225578125 0.2515792578125 0.348624659375 0.24754640156250002 0.3541063625 0.2754764078125 0.41552369375 0.323000240625 0.5085250343750001 0.339262565625 0.49947063593749996 0.4584468421875 0.40075501406249997 0.4566094265625 0.3927006875 0.45207898125 0.39184843125 0.34203375 0.48127087968750004 0.330120875 0.48159941249999993 0.31802700625 0.47234982499999995 0.30831559531249997 0.447029834375
0 0.3334638359375 0.4179893296875 0.31987720468749997 0.3897378609375 0.2588936671875 0.2406108703125 0.252619975 0.237228196875 0.2479025125 0.2389103171875 0.2468084671875 0.24641318281250002 0.3156806859375 0.41574524375 0.33541878281250004 0.44955886874999995 0.368476425 0.43155033749999994 0.513674546875 0.31717191875 0.5137099515625 0.3109382234375 0.5084374609375 0.3081109734375 0.49983140625000005 0.317504415625 0.355605103125 0.42655945468749995 0.3436848828125 0.4254182875 0.3334638359375 0.4179893296875
0 0.6506961625 0.739151590625 0.6448276109375 0.728937653125 0.5420264218749999 0.8244636140624999 0.52771068125 0.8197901421875 0.4696197671875 0.6785501843749999 0.46216712812500005 0.6819012328125 0.45810316406249996 0.6878701765625 0.52975811875 0.8558229671875001 0.6506961625 0.739151590625
0 0.4729897328125 0.648685575 0.4667175921875 0.6439409078125 0.461425575 0.648490578125 0.4615113328125 0.65127930625 0.5310755734375 0.8176505421875 0.5383184921875 0.8154482984375001 0.61082120625 0.7506624875 0.654415665625 0.7073723109375 0.6544459406249999 0.6990602171875 0.6502724390625 0.6974829375 0.5496700734375 0.787481259375 0.5387509328125 0.7870115156249999 0.529276059375 0.773742653125 0.4729897328125 0.648685575
0 0.4795227984375 0.6194160046875 0.4754271296875 0.619041621875 0.4712932578125 0.6253934984375 0.5357975546875 0.7852676765625 0.5551242578125 0.772267796875 0.6575218546875 0.6822111046875 0.6574043921875 0.6730790484375 0.650860546875 0.67145195 0.553225984375 0.751710353125 0.5413821984375 0.75304709375 0.531985159375 0.7409811281249999 0.5221672500000001 0.7165573515625 0.4795227984375 0.6194160046875
0 0.345086340625 0.6650253546875 0.3456311734375 0.6734456343749999 0.35102479999999997 0.6748563578125 0.45154933125 0.5836551375 0.46188543906249996 0.5824308625 0.470248296875 0.5887570875 0.525781496875 0.7211981062499999 0.535254940625 0.7198115484375001 0.539886090625 0.7123649609375 0.46685677031250006 0.5568283515625 0.345086340625 0.6650253546875
0 0.5479087640625 0.7368471109375 0.55357409375 0.7351402625000001 0.6653817296875 0.631010359375 0.660445746875 0.6205757703125 0.56155285625 0.7077269937499999 0.550485975 0.706437284375 0.49293196562499997 0.5720317765625 0.487546265625 0.5722068859375 0.48240198906250004 0.5775765171875 0.5479087640625 0.7368471109375
0 0.49602230625 0.5436989078125001 0.4899375328125 0.5477033578125 0.489611775 0.5543755265625 0.5534314265625 0.7065952921875 0.5616148375 0.7057582265625 0.6360828781250001 0.6318360859375 0.633027890625 0.6241318546875 0.5706739140625 0.67894426875 0.5539878296875 0.6742209765625 0.5465878187500001 0.6593620062500001 0.5339945515625 0.6257022609375 0.49602230625 0.5436989078125001
0 0.5033956828124999 0.5244895406250001 0.5682178109375 0.6761057203124999 0.68536501875 0.5769411375 0.6864835328125001 0.5708141859375 0.6819367140625 0.5663940828125 0.579647228125 0.6493415796875001 0.5705694484375 0.643673034375 0.5134283828124999 0.5200395078125 0.5060298015625 0.519835959375 0.5033956828124999 0.5244895406250001
0 0.5111567984375001 0.4966392421875 0.504077475 0.5028331140625 0.518690121875 0.5238019328125 0.570064246875 0.6431819140624999 0.5745253031249999 0.6448132875 0.6523978671874999 0.57668070625 0.649700340625 0.568647634375 0.5880295828125 0.616459040625 0.577110440625 0.6159892953125 0.5693147656249999 0.608185428125 0.5274947734375 0.517932625 0.5111567984375001 0.4966392421875
0 0.5228018015625 0.369310025 0.5193129453124999 0.37538715625 0.5934766312499999 0.5279684796875 0.6022971312500001 0.5252708359375 0.7221101640625001 0.4277959953125 0.7218687375 0.4226014734375 0.7157522625 0.42026260000000004 0.6042848078125 0.506236578125 0.5934117953125 0.50062640625 0.5490816484375001 0.411089653125 0.52789995 0.369080821875 0.5228018015625 0.369310025
0 0.5131056375 0.3979845609375 0.589150315625 0.55329624375 0.5954765125 0.5544863140625 0.7189182140625 0.450168475 0.713065515625 0.4431262 0.6038984984375 0.5295329328125 0.5934766312499999 0.5279684796875 0.5548528671875 0.4593094578125 0.5216227328125 0.3920611609375 0.5153822953125 0.39365981875 0.5131056375 0.3979845609375
0 0.5104808703125 0.41887939531249996 0.5080643984375001 0.42397000625 0.517307196875 0.448285596875 0.585283071875 0.5842555593750001 0.6021075453125 0.5735575625 0.7148253984374999 0.47910493125000003 0.7120421109375 0.46828313125000004 0.702428853125 0.47043555625 0.6023857453125 0.5573704046875 0.585489940625 0.5537959156250001 0.5165115890624999 0.4184295390625 0.5104808703125 0.41887939531249996
0 0.513025584375 0.4538175125 0.5092412484375 0.45825471718750005 0.5249673390625 0.5008215921875 0.575617184375 0.6046180031249999 0.59315800625 0.6079177453125 0.702028115625 0.505215665625 0.69888736875 0.49472270781249994 0.6930742999999999 0.495609590625 0.5878328609375 0.5914686687499999 0.5781403421875 0.5777627765625 0.5179918453125001 0.455940009375 0.513025584375 0.4538175125
0 0.6036131625000001 0.4724429921875 0.596043059375 0.46666198281250004 0.51817001875 0.29040992499999996 0.5154342875 0.2891031140625 0.5123728 0.294468471875 0.5854273234375 0.46941799531250006 0.6030949609375 0.49809104531250004 0.6662114171875 0.452135940625 0.7690061078125 0.3696795671875 0.7685470359375 0.3640480140625 0.7637285171875 0.3627454796875 0.676149009375 0.428655928125 0.62114605625 0.4741569015625 0.61209998125 0.4748316828125 0.6036131625000001 0.4724429921875
0 0.7505051140625 0.6161944125 0.732646803125 0.58313805 0.6162651296874999 0.6796786296875 0.6173342296875 0.688364575 0.6229254921875 0.6911840625 0.72103711875 0.6074691453125001 0.7290489921875001 0.60720865 0.737235184375 0.61617284375 0.7948710296875 0.745449225 0.8019469484374999 0.7503156734374999 0.8074262921875001 0.743568678125 0.7505051140625 0.6161944125
0 0.8180413046874999 0.9050096015625 0.761964115625 0.7541072953125 0.7576008453124999 0.753286484375 0.75249588125 0.7579827015625 0.7743527046875001 0.821488153125 0.79774243125 0.8838678296875001 0.8199524125 0.9410760968749999 0.8439584671875 0.9215517203125 0.93483528125 0.839657615625 0.9324204703125 0.831072053125 0.9268986781249999 0.8293262390624999 0.835251875 0.9110754906249999 0.82602615625 0.9121682453125001 0.8180413046874999 0.9050096015625
0 0.8260705843749999 0.869752465625 0.79070584375 0.7842615390625001 0.7658739109375 0.7283277109374999 0.7615035640625 0.7260914328125 0.7576748421875 0.7296135953125 0.7600626296875 0.7456182984375 0.7717880546875 0.77009673125 0.8268231703125 0.904893953125 0.8399187843749999 0.8956908359375 0.9426632187499999 0.8025949328124999 0.9431340984375 0.7941986859375 0.9404909234375 0.791226715625 0.9121498953125 0.8155921578124999 0.8400210828124999 0.877679821875 0.8260705843749999 0.869752465625
0 0.759412340625 0.6924657937500001 0.7549114 0.70257865625 0.7558827296875 0.704529053125 0.8293859781249999 0.8661337375 0.836495996875 0.8649965171874999 0.9373260734375 0.773661696875 0.9400856953125001 0.7614535890624999 0.934424959375 0.757560428125 0.8458298140625 0.8342272015625 0.8347450578125001 0.835323771875 0.82515075625 0.8268017593750001 0.7642889375 0.69338316875 0.759412340625 0.6924657937500001
0 0.7849429531250001 0.6573191625 0.7788525125 0.6572340453125001 0.7751003375 0.66324535 0.8440955703125 0.8335474265625 0.8520238250000001 0.8293823203124999 0.9525419140625001 0.7397564812499999 0.953331853125 0.731066721875 0.949218171875 0.728878728125 0.8593467875 0.80671955625 0.8481230859375 0.80566878125 0.8342961093750001 0.7839768171875 0.792914928125 0.6747278859375 0.7849429531250001 0.6573191625
0 0.84588584375 0.7684803312499999 0.8538835718750001 0.765388896875 0.9579595703124999 0.669361675 0.9523329328125 0.6594648421875 0.8604365421875 0.742581284375 0.8506762734375 0.739331065625 0.7878306234375 0.6065998859375 0.7825172453125 0.6080750859374999 0.7778702875 0.614625134375 0.84588584375 0.7684803312499999
0 0.9743932171875 0.5328070171875 0.9632743609375 0.5399072609375 0.9414605515625001 0.5619652453125 0.8916800968749999 0.6063378937499999 0.8810887171875 0.6163656390625001 0.8700039578125001 0.61746220625 0.8605486015625001 0.6110875375 0.8357661890625 0.5650619906250001 0.80930485625 0.5165994 0.7916266578125 0.4811021796875 0.787366959375 0.47535137031249997 0.7835864859375 0.4757008 0.7804795046875 0.482540546875 0.8007526281249999 0.524182471875 0.8259164999999999 0.569572709375 0.8525238500000001 0.6215981109375 0.8636594015625001 0.6434908390625 0.8912375171875 0.6203960140625 0.9347544890625 0.5797945765625 0.9671809015624999 0.5519552531249999 0.979756115625 0.5412401 0.9798596843749999 0.5363101 0.9743932171875 0.5328070171875
0 0.9717596625 0.557412546875 0.9500565 0.5759560015625 0.9082666968750001 0.6158217484375 0.8771859953125001 0.6435606890625001 0.8667605828125 0.6483166390624999 0.8573817703125 0.6444311109374999 0.848522084375 0.6289766 0.8256057859375 0.5843627062500001 0.7976597984375 0.533853153125 0.7801205437500001 0.500503278125 0.7719427015625 0.50603556875 0.7713882015625 0.5105272046875 0.799154075 0.563477615625 0.854748215625 0.6690366390625 0.858744178125 0.673323696875 0.8641199531250001 0.6715067 0.9503839062500001 0.590158971875 0.9746395515625 0.569267409375 0.9765185390625 0.5604289859375 0.9717596625 0.557412546875
0 0.854582246875 0.674308434375 0.78351630625 0.538616734375 0.7778909453125 0.5418009171875 0.7797371078124999 0.5520471796875001 0.8468353828125 0.6891136984374999 0.8599534953125 0.697238 0.8734929625 0.6870577734375 0.96617221875 0.5938361046875 0.96459686875 0.5864690640625 0.960795171875 0.5825720859375 0.861790034375 0.6799067640625001 0.854582246875 0.674308434375
0 0.8990712562500001 0.5716677875 0.8812592109375 0.5863472796875 0.8731225421875 0.58729136875 0.8650894421875 0.5833054578125 0.850346459375 0.557905834375 0.8336466671875 0.5257744765625 0.8072406546875 0.4755546234375 0.7932676609375 0.450299846875 0.788758371875 0.44591622500000005 0.783903 0.44924525624999995 0.783924221875 0.4534916625 0.8037464171875 0.49469522499999996 0.8447011453125001 0.5699246265625 0.865861978125 0.6096123375 0.8745119750000001 0.6087648140625 0.9539579453125 0.5356799343749999 0.9767360093749999 0.514156878125 0.9822777515625001 0.5070680859375 0.9784065828124999 0.502097434375 0.9734746624999999 0.502937325 0.8990712562500001 0.5716677875
0 1 0.457878925 0.88787330625 0.5501168562500001 0.8792374593750001 0.5537953156250001 0.8666185265624999 0.5429366421874999 0.8520556578124999 0.5150961578125 0.8222281328125 0.4472630015625 0.796244753125 0.391819634375 0.7809530703124999 0.3592460984375 0.7781297781250001 0.3587149875 0.77668756875 0.3651608375 0.83154836875 0.4907333734375 0.8731354171874999 0.5770412921875 0.9319543984375 0.532601278125 1 0.47367395312499994 1 0.457878925