0 0.051070953125 0.00636946875 0.0481609078125 0.0262597421875 0.06984575781249999 0.051167076562500004 0.20767709218750002 0.0036250171875000002 0.1582783671875 0.002762759375 0.09335170625 0.025210534375 0.08236385 0.029292162500000003 0.0721394453125 0.02747361875 0.051070953125 0.00636946875
0 0.0625885828125 0.050852234375000006 0.055334809375 0.0445444515625 0.0478791390625 0.033599725000000004 0.0470917296875 0.0595207453125 0.0624655546875 0.07652297500000001 0.21200210625000002 0.0265619625 0.21189592343750002 0.022268045312500002 0.2054204625 0.0157698515625 0.19865288125 0.013802375 0.08698380312500001 0.0526877484375 0.0731382609375 0.053566659375000006 0.0625885828125 0.050852234375000006
0 0.0634778546875 0.0786442890625 0.05151759375 0.074045325 0.0459589203125 0.0678365796875 0.0438156203125 0.0936540046875 0.0472324421875 0.0989227421875 0.054632278125 0.102965165625 0.20150857968749997 0.052679506249999994 0.2026520796875 0.0468257125 0.19494522812499998 0.041604234375 0.189208203125 0.041474899999999995 0.0796036015625 0.07804364531249999 0.0634778546875 0.0786442890625
0 0.20808426875000002 0.17049486875 0.212787375 0.17477899375 0.21794352187500002 0.1779768078125 0.35016281562499996 0.12333386718749999 0.351956825 0.11927184375 0.2584837140625 0.032537856250000004 0.253842353125 0.03109720625 0.24922717187500001 0.031390178125 0.2446999171875 0.0362602359375 0.24373899375 0.0392823375 0.319748571875 0.10792093437500001 0.318097259375 0.11571053125 0.3142752890625 0.12152284843750001 0.21000608125000003 0.1644506515625 0.20808426875000002 0.17049486875
0 0.249848121875 0.1821557171875 0.2610699296875 0.18038582812499998 0.38760696875 0.1247640640625 0.2956521125 0.0396430453125 0.292152746875 0.036914071874999996 0.2871758125 0.036877493750000004 0.2828858703125 0.0380663484375 0.278720403125 0.043265959375 0.2829339171875 0.0492027046875 0.354383090625 0.11728476562500001 0.3531117890625 0.125120740625 0.2420898609375 0.1717908171875 0.2425943453125 0.1758479609375 0.249848121875 0.1821557171875
0 0.2949626140625 0.1893737234375 0.42647665625000003 0.1337885515625 0.33140244375 0.045984932812500004 0.33115170156249996 0.04590225625 0.32646199062500003 0.045382015625 0.32175552343749997 0.0470908296875 0.3175900203125 0.052290435937500004 0.3916629625 0.121263478125 0.3932709640625 0.12602606562500002 0.388524653125 0.13429416562500002 0.28608253906250003 0.17858654062499998 0.28459554531250003 0.183827603125 0.28931687500000003 0.18782854531249998 0.2949626140625 0.1893737234375
0 0.364670109375 0.0517055859375 0.3586005765625 0.0518726765625 0.35503420937499997 0.053720625 0.3512670109375 0.058683437500000005 0.4284166921875 0.127461165625 0.4285742859375 0.13689850625 0.3216048828125 0.186060928125 0.3231399265625 0.191956196875 0.3312633015625 0.19665771875 0.46290515 0.139090353125 0.364670109375 0.0517055859375
0 0.5702371296875001 0.24845636718750003 0.55954139375 0.2480072859375 0.5504570906249999 0.2463278828125 0.48847562968749997 0.1739786875 0.482650678125 0.1692722609375 0.47725718281249996 0.16975565625 0.4713193265625 0.1727411796875 0.47497022031249997 0.1814632484375 0.5496287453125 0.27105635625 0.6833979421875 0.2280184609375 0.681537659375 0.221227309375 0.6775033578125 0.21845179531249997 0.6730707515625001 0.2159130765625 0.5702371296875001 0.24845636718750003
0 0.5801497453125 0.22540730468749998 0.5705393703125 0.2259468703125 0.5576912328125 0.22323734218750002 0.49346608124999997 0.150043534375 0.49359635312499994 0.15029863906250002 0.4877107984375 0.1501973703125 0.4826425421875 0.151576640625 0.480559809375 0.154176446875 0.558836109375 0.247065025 0.5716328359375 0.244631140625 0.691139965625 0.2029921234375 0.6887535437500001 0.198419934375 0.6840869875 0.193569484375 0.6810832078125 0.1926321140625 0.5801497453125 0.22540730468749998
0 0.59350095625 0.202492471875 0.5857542265625 0.20383027031249998 0.576596896875 0.2032835390625 0.5702275828125 0.201079259375 0.5002288890625 0.1283224640625 0.49255519375 0.1285275765625 0.48583901875 0.1317035234375 0.4867600328125 0.1352406890625 0.5695635875 0.2232592140625 0.5811471828125 0.22181886875 0.7015238781249999 0.17857358750000002 0.70223259375 0.173522925 0.698958346875 0.1708401640625 0.6922820515625 0.1674568375 0.59350095625 0.202492471875
0 0.6911736562499999 0.1430628078125 0.5956303265625 0.1813475375 0.580447246875 0.179209253125 0.5722873203125001 0.17507406718750002 0.503480140625 0.10759983437500001 0.4973448125 0.107707290625 0.49187828749999996 0.10932335625 0.4897590015625 0.1124894921875 0.5786796296875 0.20068372656250003 0.7034193328125 0.1551169234375 0.7074935124999999 0.1513331625 0.70476359375 0.1461482625 0.6954270859375 0.14244029062500002 0.6911736562499999 0.1430628078125
0 0.8093371734374999 0.3012496765625 0.8004686 0.3021651734375 0.7891223515625 0.299924325 0.778214284375 0.2908874015625 0.71091590625 0.2232807640625 0.704031834375 0.2236133796875 0.6977869953125 0.2254198546875 0.6971696015625 0.22905467031249999 0.7887105671875 0.32413282187500003 0.8025743640625 0.322970759375 0.9205099359375 0.2760027890625 0.9201150296874999 0.2702466609375 0.9157737125000001 0.2662920921875 0.9108515171875 0.265406 0.8093371734374999 0.3012496765625
0 0.80576606875 0.2794090734375 0.792519628125 0.27693633125 0.7182858000000001 0.2045188875 0.7144854484375001 0.20405510625 0.7075900640625 0.2040698078125 0.7027557953125 0.207760809375 0.794424559375 0.30085676875 0.8079813796875 0.29851564375 0.9255551625 0.25121814374999996 0.9221564750000001 0.24452463125 0.9143035640624999 0.2415685109375 0.816571315625 0.2781591359375 0.80576606875 0.2794090734375
0 0.8185215078124999 0.25385295937499996 0.8107930375000001 0.25490758125 0.8012921734375 0.2537481265625 0.7942175765624999 0.250601596875 0.7206592390625 0.17907916875000002 0.711856975 0.17947555937499998 0.7043989703125 0.18227558125 0.7056635124999999 0.1864254546875 0.8021300359374999 0.2763967703125 0.9282471515624999 0.2272878875 0.9266756296875001 0.221958953125 0.9222795390625 0.21885389375000003 0.9189322625 0.21730381875 0.9162720140625 0.216979171875 0.8185215078124999 0.25385295937499996
0 0.9192710203125 0.19422798125000001 0.8190942484375 0.23308885781250002 0.8024092453125 0.23048187812499998 0.7231277687500001 0.1586120609375 0.7190180859375 0.157517696875 0.7127914718749999 0.159040996875 0.7098939093750001 0.1623975546875 0.8036819234375001 0.25232738125 0.8081327875 0.25458293125 0.9308843703124999 0.20420715312499998 0.9296380859375001 0.1997741015625 0.924481940625 0.1965762875 0.9192710203125 0.19422798125000001
0 1 0.37643405625000004 0.9985156875 0.3772252359375 0.9895740500000001 0.3792733890625 0.9782643171875 0.376466209375 0.8979344812500001 0.31183466718749997 0.8939636453125 0.31166755468749996 0.8908320968749999 0.31271238281249997 0.886976971875 0.31309810625 0.88523776875 0.316310628125 0.9867393953124999 0.3994760625 1 0.3926317265625 1 0.37643405625000004
0 1 0.3549484921875 0.9955768031250001 0.35745956562500003 0.9864194703125 0.356912834375 0.9781682890625 0.3541935046875 0.9035351734375 0.2962460421875 0.89510714375 0.3058137609375 0.9858285062500001 0.37796010468749996 1 0.370928196875 1 0.3549484921875
0 1 0.3312738890625 0.9920239546875 0.3353357984375 0.9825230921875001 0.3341763453125 0.913531228125 0.2837630921875 0.9034381125 0.29541455625 0.986130746875 0.35545060781250004 1 0.348272365625 1 0.3312738890625
0 1 0.309028315625 0.9935210703124999 0.3121159171875 0.9846159484375001 0.313597740625 0.975984721875 0.31083203125000003 0.915944971875 0.2641457265625 0.9133906390625001 0.2658062171875 0.9199939031250001 0.270322225 0.921185415625 0.2756047828125 0.9158250390625 0.2815147640625 0.982504834375 0.33445951093750004 1 0.3254527015625 1 0.309028315625
0 0.27363254062500003 0.795007353125 0.267157078125 0.788509159375 0.2601920265625 0.7836636078125 0.134809984375 0.8451342687500001 0.12335079374999999 0.8505853609375 0.10860249687500001 0.84764394375 0.10002604531249999 0.8440287265625 0.03045910625 0.74752001875 0.031997692187499996 0.7852796046875 0.0929163421875 0.87113001875 0.10290000156250001 0.8826226937499999 0.2729421171875 0.799774853125 0.27363254062500003 0.795007353125
0 0.2749139296875 0.769192575 0.279784715625 0.7649352375 0.2765320890625 0.7559763796875 0.2648971171875 0.7522733046875001 0.1474078640625 0.810140828125 0.12289973750000001 0.81599725 0.1093098015625 0.8129117890625001 0.029458929687500003 0.7068586921875 0.028796846874999997 0.706725228125 0.0301967546875 0.741081425 0.10158606875000001 0.8376549656250001 0.105635265625 0.8461402484375 0.10966956875 0.84891575 0.2749139296875 0.769192575
0 0.25142034375 0.8662446125000001 0.24434914375 0.8571051546874999 0.23720151562499997 0.8550912828125 0.09721047499999999 0.9233410484375 0.0845780671875 0.9232264078125001 0.0757311125 0.917865796875 0.07195241718749999 0.9111259078125 0.03487118125 0.8558001000000001 0.03686839375 0.9048151953125 0.068471953125 0.9532253765625001 0.079076403125 0.9550902921875 0.25313456562500003 0.875301134375 0.25142034375 0.8662446125000001
0 0.0858277125 0.9216665296875 0.263907240625 0.838913284375 0.2637645421875 0.8351856953125001 0.2619225203125 0.8281113671875 0.2574019890625 0.8209955687500001 0.2479011609375 0.81983611875 0.11026335625000001 0.8872314671874999 0.0991328015625 0.8875855156249999 0.0860689703125 0.8822810750000001 0.032850568749999996 0.8062107203125001 0.034427321875 0.8449070093750001 0.061668465625 0.8864683171875001 0.073983740625 0.9033826843749999 0.0803645515625 0.9172896484375 0.0858277125 0.9216665296875
0 0.6348969578125 0.822906028125 0.6298868359375 0.8174428562499999 0.6196441765625 0.8159074765625001 0.4968676078125 0.8785522984374999 0.488740834375 0.8798437171875 0.47634577343749995 0.8760478828125 0.388791096875 0.7726088859375 0.3826901453125 0.7700918859375 0.377481365625 0.7698016953125 0.37072864375000003 0.773543971875 0.3688616375 0.7787386781250001 0.455257953125 0.88232170625 0.47439221875 0.9063469890625001 0.4817920546875 0.910389403125 0.62880964375 0.8341498375 0.632558584375 0.82947019375 0.6348969578125 0.822906028125
0 0.616404459375 0.8483328015625 0.607517628125 0.8495314593750001 0.4950932328125 0.912012634375 0.48490198281249997 0.9156206859375 0.47131204687499995 0.9125352250000001 0.3800665640625 0.8069334359375 0.3702404640625 0.8048781015625 0.36699937031249996 0.8076219375000001 0.3634147484375 0.8097530562499999 0.3600275578125 0.8147622453125001 0.47017332031250003 0.9420775812500001 0.47520170000000006 0.9472575781250001 0.6185467390625 0.86857205 0.6234905546875 0.8631820328125 0.625196640625 0.854542921875 0.616404459375 0.8483328015625
0 0.6209446234375 0.8848469328125 0.615426690625 0.8813195593750001 0.6096714078125001 0.8814733968749999 0.5115855421875 0.935430096875 0.4864018875 0.9517637999999999 0.4738059921875 0.9510828296874999 0.3731747921875 0.8419410781250001 0.3687365875 0.84008383125 0.360229803125 0.8413288734375 0.3534223078125 0.8459206531250001 0.35427029062500004 0.8505905031250001 0.46646230468749994 0.9758723859374999 0.47395006562499997 0.9844918937499999 0.6193265 0.8980631234375 0.623093696875 0.8931003171875 0.6209446234375 0.8848469328125
0 0.510462646875 1 0.62146605 0.9302251968749999 0.622664321875 0.9235218953125001 0.6176359421875001 0.9183418984375 0.6065967437500001 0.917280103125 0.4896234375 0.9909074499999999 0.479198203125 0.9922037640625 0.46803453125 0.987131215625 0.36862575937500003 0.883387175 0.3634878703125 0.8799061828125 0.3591614109375 0.8816613796875 0.35210170937499996 0.884224603125 0.34922240625 0.887297990625 0.3532716046875 0.8957832609375 0.4480834140625 0.9995371140625 0.45153772031250006 1 0.510462646875 1
0 0.9243271390625001 0.8702839203125 0.8254643375 0.954112525 0.8144764796875 0.9581941484375 0.8038355171875 0.9568955609375 0.680408209375 0.85735530625 0.67413021875 0.8537351937500001 0.667249728125 0.8594596624999999 0.663972084375 0.8627698296874999 0.6647287796875 0.8688555171875001 0.8036211984375001 0.9839821499999999 0.816447684375 0.9929677734375 0.9393756921874999 0.8863902578125 0.9404461609375 0.8816691406249999 0.937880559375 0.8739357171875 0.928960578125 0.869707778125 0.9243271390625001 0.8702839203125
0 0.8543126890625 1 0.9412008703125 0.9234292453125 0.94265135 0.9187545109374999 0.942183378125 0.9141310359375 0.935254875 0.908719153125 0.925699240625 0.90840920625 0.826763375 0.9933704734375001 0.8165903812499999 0.9966953609375 0.80464839375 0.9918132328124999 0.6846231359375 0.892973546875 0.677131978125 0.8903469656249999 0.6701437593749999 0.895738934375 0.6662685625 0.89843934375 0.6681470984375 0.9049473406249999 0.783263965625 1 0.8543126890625 1
0 0.9145405171875 1 0.9547604328125001 0.9626294078125 0.9536054703125 0.9567805093749999 0.948343140625 0.9492887765625 0.9393136125 0.9467598515625 0.880309721875 1 0.9145405171875 1
0 0.7725563765625 1 0.6910317109374999 0.936152771875 0.6816221359375 0.9335774828125001 0.6759017296875001 0.935623159375 0.6728779671875 0.9385037140625 0.6723518984375 0.940722684375 0.6746469609375 0.946710715625 0.7391550078125 1 0.7725563765625 1
0 0.8573513453125001 0.48925638749999995 0.769715696875 0.5296477546875 0.75688245625 0.53264796875 0.743690821875 0.5293257234375 0.6663865015625 0.4550768625 0.663124196875 0.45413766874999995 0.658962071875 0.4533443453125 0.6545443453125 0.45651538125 0.6520085375 0.460201484375 0.7492682687500001 0.55569213125 0.8681133531249999 0.50055865625 0.8706674203125001 0.4965893875 0.8652955453125 0.4907966703125 0.8573513453125001 0.48925638749999995
0 0.8645672281250001 0.466449025 0.859933790625 0.46702516093749996 0.8035623546874999 0.491824878125 0.7791968921875 0.5014088812499999 0.767321175 0.507379928125 0.7572029546875 0.5098553078125 0.7481916828124999 0.50704321875 0.67025520625 0.430712596875 0.6631194234375 0.430449109375 0.6598418140625 0.43375929218750003 0.6587531046875 0.43876358125000003 0.748324259375 0.5287496 0.754295234375 0.5311906609375 0.86093933125 0.4811323359375 0.8708418578125 0.47606207031250003 0.8699756187500001 0.47167539999999997 0.8645672281250001 0.466449025
0 0.866733115625 0.444737746875 0.8628962828125 0.44484031249999995 0.763695296875 0.486388834375 0.7553710515625001 0.4848021875 0.7474998828125 0.48212923124999996 0.67402803125 0.40783538124999996 0.66812813125 0.406230790625 0.6622450453125001 0.40836682187499995 0.6605058265625 0.4115793390625 0.66166080625 0.4174282265625 0.7522807578124999 0.5089692140625 0.8647166515625001 0.458190734375 0.8719224140625 0.4533621515625 0.8711292046875 0.44784280781249997 0.866733115625 0.444737746875
0 0.8606478187500001 0.420307140625 0.7645053515625 0.461943534375 0.75797175625 0.46228778125 0.749720540625 0.459568446875 0.6743283546875001 0.3872950328125 0.671324590625 0.38635767187500003 0.6659310796875 0.3868410578125 0.6627265015625 0.3890185578125 0.662109109375 0.392653371875 0.6645502671875 0.39637605 0.752729059375 0.4841943609375 0.869257425 0.4293489609375 0.8673606296875 0.4231241328125 0.8606478187500001 0.420307140625
0 0.5224335859375 0.4920501625 0.4539002703125 0.42032839062500005 0.44827279062500003 0.41850004687500003 0.4435214828125 0.4191007796875 0.4404530125 0.420970515625 0.43869553437500003 0.424466196875 0.5244845812500001 0.51370525625 0.639580721875 0.463251421875 0.6420982734375 0.45984849531250005 0.6397484015625 0.4547099671875 0.6333973796875 0.4522225265625 0.534576440625 0.4938174421875 0.5224335859375 0.4920501625
0 0.5356387390624999 0.47140068749999997 0.5255238796875 0.46788313437499995 0.4557408984375 0.397721240625 0.44761412656250005 0.39901264531249997 0.445169603125 0.4012829 0.44426346875 0.4034555015625 0.4451662234375 0.40727583125000005 0.5281706109375001 0.49217950312500003 0.6445346609375 0.4398826140625 0.6434161781250001 0.4334673828125 0.6367216234375 0.43036721875 0.5468788046874999 0.469347621875 0.5356387390624999 0.47140068749999997
0 0.543088609375 0.4509050484375 0.53447560625 0.447856171875 0.46863565781250005 0.3818856328125 0.46100183437500003 0.37553148125 0.45638665312500004 0.3758244515625 0.45242200156249995 0.3779091953125 0.45097152031250004 0.382583940625 0.53525869375 0.47135430781250004 0.6485824796874999 0.41868640937499996 0.647555284375 0.4108553265625 0.642362625 0.4082238421875 0.6357559625 0.40970077031249996 0.543088609375 0.4509050484375
0 0.5504505515625 0.425832328125 0.5401348609375 0.42542962656250005 0.533856834375 0.42180950937499995 0.46868084843749996 0.35408518906249997 0.46204589374999994 0.35339790781249997 0.456597609375 0.35473079375 0.453608740625 0.35950319375 0.53501996875 0.44535402812499997 0.6494804609375 0.39881817656249996 0.652034528125 0.39484890625 0.6497576859375 0.3885777078125 0.6406186125 0.387747803125 0.5504505515625 0.425832328125
0 0.27224268125 0.4255456421875 0.26438976875 0.42258953593750004 0.20999411562499998 0.3454581375 0.20427534687499999 0.34504563125 0.196565115625 0.3458170828125 0.1927467046875 0.348244990625 0.2561068140625 0.4441250796875 0.2596698171875 0.44827007031250005 0.2630170921875 0.4498201578125 0.40103968281249996 0.4061597328125 0.4052416984375 0.4003937984375 0.40213177031249997 0.3951625140625 0.3931205 0.392350425 0.28704575 0.4276375640625 0.27224268125 0.4255456421875
0 0.21722825625 0.322367596875 0.20694908125000003 0.3213985515625 0.2020965515625 0.3253727171875 0.2734558125 0.42455211718749997 0.40852942968750006 0.37910483125 0.4118253296875 0.37551148749999996 0.411393875 0.3703216828125 0.40247389062499994 0.36609374375 0.3939488484375 0.3676219515625 0.2867705109375 0.40220361406249994 0.2777044671875 0.4002410328125 0.21722825625 0.322367596875
0 0.23037861875 0.3025676203125 0.22239790468749998 0.30159368125 0.21392761718750003 0.30227237812499996 0.2121520609375 0.30565073125 0.28210391874999996 0.3973531609375 0.28834543125 0.40153962187500003 0.41704973437500004 0.35388806875 0.4186280171875 0.347231140625 0.4127848421875 0.3428079 0.4070295578125 0.3429617375 0.3046273578125 0.3806948265625 0.2906208625 0.378129328125 0.23037861875 0.3025676203125
0 0.303120696875 0.3565375875 0.29649917187499997 0.35230475 0.2349392109375 0.2818823546875 0.2290511875 0.281571621875 0.2224993140625 0.28219904375 0.2181181015625 0.2848037421875 0.298546803125 0.37995277656250004 0.42927910156250004 0.33055093593749996 0.42843448124999994 0.3198881609375 0.41906145781250004 0.316746525 0.31408693125 0.3587320625 0.303120696875 0.3565375875
0 0.6724035484375 0.6454895828125 0.6633028734375 0.6455577156250001 0.6573037375 0.6465937140625 0.653339221875 0.6522573875 0.75982063125 0.7802201656250001 0.9065864765624999 0.7182712703125 0.907786040625 0.7119345906250001 0.9002773109375 0.705713915625 0.8937573421874999 0.702560753125 0.7787110187499999 0.750994159375 0.7692368171874999 0.750722015625 0.7557478390625 0.7452449609375 0.6724035484375 0.6454895828125
0 0.7673111031250001 0.7192503765625 0.7612965859374999 0.7143907875 0.67815615625 0.6176071484375 0.6682895796875 0.61728711875 0.6627205234375 0.6177862265625 0.6591288796875 0.6244203609375 0.762380953125 0.74664380625 0.766976665625 0.7489727625 0.9090714625 0.68586446875 0.9109426718750001 0.6813778640625 0.903807540625 0.6754974640625 0.898370446875 0.673949884375 0.79218323125 0.7199282015625 0.7790266031249999 0.7215641546875 0.7673111031250001 0.7192503765625
0 0.7714033406249999 0.68645034375 0.68271274375 0.5898734359375 0.67217445 0.5877033234375 0.6680876890625 0.59370385625 0.665983321875 0.5978511265625001 0.7684198453125 0.7081876421875 0.77719653125 0.7192780109375 0.915257659375 0.6512571828125 0.9117484031249999 0.6443458515625 0.9029870609374999 0.6391510499999999 0.7982186140625 0.6876599984375 0.786537346875 0.6909494140625 0.7714033406249999 0.68645034375
0 0.8020092625 0.65953811875 0.7858453562500001 0.6587442796875 0.776318109375 0.653161328125 0.68713736875 0.5641864109375 0.67927045625 0.563521046875 0.673610153125 0.5678488390624999 0.6721094937500001 0.5703089609374999 0.674984771875 0.5747854453125 0.7783569359375 0.6828786578125 0.788593603125 0.689726921875 0.92142500625 0.6169422828125 0.9201758999999999 0.6117802 0.9125729109374999 0.6070214468749999 0.904238215625 0.60747773125 0.8020092625 0.65953811875
0 0.48621522187500005 0.6844135984374999 0.4763486125 0.6840935671875 0.46680251093749997 0.6788030078125 0.4038288625 0.575934578125 0.396335528125 0.5756094921875 0.390019403125 0.5754280546875 0.387423178125 0.5815599640625 0.3854544140625 0.5848902671875 0.4604123828125 0.7104385453125001 0.46506464999999997 0.711890346875 0.6197470171874999 0.6621056140625 0.6220294921875 0.6573745078125001 0.6158111140625 0.649543190625 0.6108041375 0.6474587281249999 0.4997077109375 0.6837027015625 0.48621522187500005 0.6844135984374999
0 0.486606178125 0.653814053125 0.420471003125 0.5570428734374999 0.4170336453125 0.5551499718749999 0.40879320625000004 0.5541443359375 0.402756365625 0.5557650921875 0.4012209765625 0.5611767484375 0.4752880234375 0.6760076328125 0.4814121421875 0.685300890625 0.6394787843749999 0.6320982328125 0.640697165625 0.6254691546875 0.6381765625 0.6216253265625 0.6293586984374999 0.6173076953125001 0.5081317375000001 0.6573250171875 0.49818971718749994 0.6581745171875 0.486606178125 0.653814053125
0 0.42897047187500004 0.5294956562500001 0.42388808750000007 0.52858073125 0.4155156875 0.529621790625 0.4118766609375 0.5334759359375 0.49677094843749997 0.6556438890625 0.6464840046875 0.6031899140625 0.6493474109374999 0.5955828546874999 0.6457627484375 0.5898410578125 0.6375600125 0.5882506640625 0.5230038671874999 0.6290820671875 0.5111752593750001 0.6285225984375 0.49792784375 0.6254324984374999 0.42897047187500004 0.5294956562500001
0 0.6495910625 0.5611344140625001 0.6430145015625001 0.558858409375 0.5348876140625001 0.5981169390625001 0.5226288859375 0.5980943578125 0.5142376343749999 0.5994277890624999 0.5063365265625001 0.593159228125 0.43711984687500005 0.500742434375 0.43050092968750003 0.499624534375 0.42730517187499995 0.500118590625 0.4200157015625 0.5027652296875 0.4189858203125 0.5064704515625 0.5029571453125 0.6210366031250001 0.5077379 0.626629684375 0.6528929875 0.571261984375 0.6536058437500001 0.5663393296875 0.6495910625 0.5611344140625001
0 0.27203150625 0.5735502953125 0.2607803546875 0.576302840625 0.2488763390625 0.5769129078125 0.23891893749999998 0.5718668359375 0.17141456875 0.48406380625 0.162706309375 0.484179821875 0.15397923593750001 0.484588225 0.15072301875 0.4901097359375 0.14952735625 0.49229612187500005 0.1536175453125 0.496331496875 0.24243316250000002 0.60323765 0.2451233953125 0.6044500109375 0.39273412812499997 0.5355317796875 0.39154154218750004 0.52949254375 0.3862175953125 0.526190653125 0.3796409984375 0.52391464375 0.27203150625 0.5735502953125
0 0.277278625 0.5473742859375 0.27051355 0.548022115625 0.2618241421875 0.5478457437500001 0.25037256406249997 0.5414385921875 0.17695984375 0.45939760625000003 0.16668196562499998 0.4593220640625 0.160645125 0.46094283437500005 0.15857125625 0.4649806984375 0.2495172953125 0.5669718328125 0.2558676359375 0.5727564468749999 0.260519903125 0.5742082484375 0.3992338609375 0.5083298890625 0.39953548906249997 0.5036517328125 0.40009753124999997 0.5010681546875 0.3956149296875 0.49698488906250005 0.38855169843750004 0.4961229171875 0.277278625 0.5473742859375
0 0.21911322187499999 0.633691184375 0.1438585203125 0.53728053125 0.1324034734375 0.53706133125 0.1237671484375 0.5421957734375 0.21332287343749998 0.6621583859375 0.21786203125 0.6653644984375 0.37309456875 0.600912640625 0.3754147484375 0.5955967734375001 0.3723921265625 0.5872714015625 0.36420824375 0.5853886125 0.25944330625 0.627709596875 0.23594877187500002 0.636335125 0.21911322187499999 0.633691184375
0 0.2271106375 0.6016624187499999 0.153048521875 0.5112910015625001 0.14835855 0.5104239734375 0.14041626875 0.5109281390625 0.1372273203125 0.5154338765625 0.22328228593750002 0.630369071875 0.2306248234375 0.63303324375 0.3786998703125 0.5691813140625 0.380665340625 0.5632327828125 0.3735302078125 0.5573523953125 0.366802796875 0.557415459375 0.2493078765625 0.6070234640625001 0.2385999171875 0.6074848109375 0.2271106375 0.6016624187499999