0 0.7138184390625 0.6773007265625 0.62060619375 0.6125125921875 0.611950815625 0.6196126359374999 0.735124065625 0.7101385421875 0.785059175 0.5645871125 0.7756004578125 0.561247459375 0.7404504562499999 0.6560005140625 0.730463434375 0.6773007265625 0.7138184390625 0.6773007265625
0 0.5999663890625 0.5849997890624999 0.595305759375 0.5965374328124999 0.724471221875 0.6684256515625 0.76508513125 0.52287418125 0.7556193375 0.5186210703125 0.72180805625 0.63647533125 0.7005023687499999 0.6435753765625 0.5999663890625 0.5849997890624999
0 0.59131095 0.5761247140625 0.717813246875 0.631150278125 0.74644266875 0.48648630312499996 0.7346391609375 0.486651278125 0.710489390625 0.5983124234375 0.6985049640625001 0.6045250125 0.6039611984375 0.57168715625 0.59131095 0.5761247140625
0 0.7138184390625 0.46429859531249995 0.7091578078125 0.4678486171875 0.68518895625 0.5761247140625 0.6732045296875 0.5823372625000001 0.57466589375 0.538849340625 0.56800791875 0.5494994484375 0.6871863593749999 0.6045250125 0.7191448296875 0.4678486171875 0.7138184390625 0.46429859531249995
0 0.7098236296875 0.437673328125 0.707160403125 0.438560825 0.671872946875 0.5397368375 0.6625516859375 0.545061890625 0.562801528125 0.5013041 0.557355075 0.5113365796875 0.670541303125 0.5725746921875 0.7158158421875 0.4421108875 0.7098236296875 0.437673328125
0 0.7064945812500001 0.428798253125 0.7038314171875 0.4243606953125 0.696507559375 0.427023221875 0.661220103125 0.512224075 0.651898903125 0.5237616765625 0.5568071921875 0.47199845781249994 0.5533602671875 0.48204878593749995 0.6525646640625 0.5441743953125 0.6652149125 0.537961846875 0.7064945812500001 0.428798253125
0 0.697839203125 0.40039795624999996 0.65456206875 0.485598809375 0.6439092859375 0.4882613359375 0.6312590375 0.48737383906250004 0.55081285625 0.43203621718749996 0.548033875 0.44122335156250003 0.6472382718749999 0.5210991500000001 0.7064945812500001 0.407498040625 0.697839203125 0.40039795624999996
0 0.6998366078125 0.380872753125 0.6931785734375 0.3826477640625 0.64524086875 0.458086046875 0.6339222640625 0.46163606875 0.6219378375 0.4625235640625 0.55081285625 0.4013985 0.5440390671875 0.41016056718750005 0.635253846875 0.48648630312499996 0.7031655953125 0.3879728171875 0.6998366078125 0.380872753125
0 0.7021229546875001 0.35279015625 0.697186875 0.351556453125 0.639496575 0.42598984843750004 0.6290074171875 0.42927972812500004 0.6206777984375 0.42845725312500005 0.5510296984374999 0.365604328125 0.546013096875 0.3708844703125 0.6305432765625001 0.45272008125 0.702739953125 0.3581361953125 0.7021229546875001 0.35279015625
0 0.69656325 0.3326396734375 0.6367133828125 0.40337197031249994 0.629926278125 0.40501690156250003 0.6212881453125 0.40337197031249994 0.553807221875 0.3372118703125 0.546630096875 0.3441542359375 0.6274582515625 0.42845725312500005 0.7045843265625 0.340453128125 0.69656325 0.3326396734375
0 0.5622337734375 0.555826484375 0.55517563125 0.55527305625 0.5095054703125 0.6631932328125 0.49704996875 0.6681741625 0.48542482187499997 0.668727565625 0.397055921875 0.607490040625 0.395330053125 0.6194717187500001 0.5024473656249999 0.6980597421875 0.565555228125 0.563021178125 0.5622337734375 0.555826484375
0 0.3841201015625 0.5834983265625 0.3783075078125 0.5940136140625001 0.486670371875 0.6643000890625 0.5460416218749999 0.53036840625 0.537852953125 0.5227626234375 0.49082221875 0.628880125 0.481688171875 0.636628271875 0.469647865625 0.6349679625 0.3841201015625 0.5834983265625
0 0.5319253734375 0.496608778125 0.52860391875 0.4899675375 0.5227913265625 0.4921812765625 0.4821033671875 0.59678080625 0.472138965625 0.6067426671875 0.4584379140625 0.6045289281249999 0.37789235 0.5574867953125 0.3758740671875 0.5568197234375 0.3691735 0.570215846875 0.477951521875 0.6316473421875 0.484179271875 0.6266664125 0.5319253734375 0.496608778125
0 0.5265279765625 0.47447129375 0.5227913265625 0.4689369359375 0.5186395187499999 0.4683835078125 0.4746300671875 0.56966241875 0.4667415703125 0.5751967765625 0.4547012640625 0.5746433484375 0.3716646 0.5242805953125 0.36585200625000003 0.5359027640625 0.4688175125 0.6006548546875 0.47421487031250004 0.5978876890625 0.5265279765625 0.47447129375
0 0.5128269249999999 0.4450885734375 0.5095054703125 0.4384473328125 0.5028625250000001 0.4401076421875 0.460929015625 0.5364056234375 0.4509646140625 0.5408331000000001 0.43601801250000005 0.540279696875 0.3590531828125 0.4961814734375 0.352981346875 0.5048597328125 0.44556721718750003 0.557989653125 0.460929015625 0.5596499640625 0.5128269249999999 0.4450885734375
0 0.5061840171875 0.4268251625 0.5057688203125 0.4201839234375 0.501201815625 0.41907704062500006 0.4571923640625 0.50873378125 0.45013425937499996 0.51592845 0.44266095937500005 0.515375021875 0.43020545625000006 0.5131612828125001 0.3579635484375 0.466672603125 0.3571841953125 0.46960032343749997 0.352981346875 0.47497415312499996 0.4484735140625 0.53972624375 0.45677716874999996 0.5336384578125 0.5061840171875 0.4268251625
0 0.504938465625 0.3974930109375 0.5003714234375 0.3958327015625 0.44266095937500005 0.4860428703125 0.43311171562500006 0.49213068125000003 0.42231695937499997 0.484382559375 0.35033124375 0.43803520625000003 0.34758395000000003 0.4445351203125 0.43684836562499996 0.5142681390625 0.5074295671875 0.40302736875 0.504938465625 0.3974930109375
0 0.5053536249999999 0.38974488906250004 0.5016169734375 0.3814433390625 0.4982955203125 0.3819967921875 0.4401698578125 0.46611915000000004 0.43020545625000006 0.46833291250000003 0.4194106640625 0.46943977031250006 0.352981346875 0.4140961109375 0.3528232265625 0.41394603906249994 0.3484143046875 0.41852361250000003 0.4285447109375 0.4893634890625 0.4389243078125 0.48659632343750003 0.5053536249999999 0.38974488906250004
0 0.4194106640625 0.435680140625 0.3533965046875 0.3720349328125 0.3484143046875 0.37590898125 0.4297902609375 0.4622451015625 0.5020321703125 0.3665005484375 0.49548924375 0.3616144 0.434357265625 0.43401983125 0.4285447109375 0.435680140625 0.4194106640625 0.435680140625
0 0.41982585937500005 0.4052411328125 0.3666823984375 0.3427027796875 0.3600394515625 0.3410424703125 0.3567179984375 0.3476837109375 0.42937506562500005 0.43235952187500004 0.5099206671875 0.34989744843750004 0.507844725 0.34491651874999996 0.49922721875000003 0.3400172140625 0.4401698578125 0.40026020312500005 0.42812951562499996 0.40579456093750005 0.41982585937500005 0.4052411328125
0 0.0051086015625000005 0.3918736328125 0.001164075 0.40396712343749996 0.0477095546875 0.488095684375 0.1526341296875 0.392399428125 0.1534230234375 0.3850381953125 0.1481696640625 0.3830182828125 0.057965345312500006 0.4660119359375 0.045342834375 0.4618054984375 0.0051086015625000005 0.3918736328125
0 0.156184209375 0.363480240625 0.1550008484375 0.3597996234375 0.070193409375 0.43498951718749995 0.057965345312500006 0.4360411328125 0.04258166875 0.4197412296875 0.01025940625 0.37118049218750004 0.0062919609375000005 0.3813575546875 0.0567819859375 0.45917649687499995 0.15815646249999998 0.36873826875 0.156184209375 0.363480240625
0 0.1692011671875 0.33456104062500003 0.0768991015625 0.41553479375 0.025648534374999997 0.35066165625 0.019703365625 0.35769639375 0.070193409375 0.42973148906249997 0.173540140625 0.341396490625 0.1692011671875 0.33456104062500003
0 0.094255034375 0.3913478375 0.08636598125 0.3929252484375 0.0398204828125 0.3266739875 0.035118765625 0.33408875 0.08044918125 0.40922515156249994 0.1774846859375 0.32877720625 0.17511796562499998 0.323519165625 0.094255034375 0.3913478375
0 0.30116048906250004 0.6759070296874999 0.21710758437500002 0.6355719328125 0.20942275625 0.6451755265625 0.3150892390625 0.7002361171875 0.373205825 0.55490170625 0.36633135625 0.5519026218749999 0.31989227656249997 0.658620559375 0.31316805937500003 0.6701448734375 0.30116048906250004 0.6759070296874999
0 0.3083650234375 0.6355719328125 0.2958771796875 0.6413340890625 0.2089424609375 0.608681865625 0.20413942343749997 0.6157244828125 0.3122074265625 0.6669436359375001 0.3640800671875 0.5280116406250001 0.3540793109375 0.523074278125 0.3544740375 0.5241702015625 0.319411959375 0.6227671 0.3083650234375 0.6355719328125
0 0.35015131718750003 0.5017618046875 0.34630891406250003 0.495999646875 0.3405452875 0.498560625 0.302601396875 0.608681865625 0.29395595625 0.6125233046874999 0.2814681125 0.6157244828125 0.197685546875 0.586496634375 0.19405307656249998 0.5958770343750001 0.29731808593750003 0.6368523921875 0.3059635265625 0.633010953125 0.35015131718750003 0.5017618046875
0 0.3410288640625 0.4710303015625 0.33478496562500004 0.47295102031249997 0.29107744687500003 0.5747491250000001 0.27906987656250004 0.5862734390625 0.2651411265625 0.5849929796875 0.1883451640625 0.5519026218749999 0.1844503515625 0.55874314375 0.2843532296875 0.6125233046874999 0.3443909953125 0.4774327171875 0.3410288640625 0.4710303015625
0 0.33718646093750004 0.4569450375 0.3319031515625 0.4607864765625 0.2776289703125 0.5542614765625 0.26610171562499996 0.5600236328125 0.2550547796875 0.5581029140625 0.1854623296875 0.5134648296875 0.1796473140625 0.523529971875 0.27282597656249996 0.5862734390625 0.3395879578125 0.463987684375 0.33718646093750004 0.4569450375
0 0.332863740625 0.44093905624999996 0.328541021875 0.44093905624999996 0.27186534375 0.5273714109375 0.26273962968750003 0.5318530781249999 0.25217296562499997 0.5292921296875 0.1854623296875 0.47983176250000004 0.1806079484375 0.488316771875 0.26081840624999997 0.5561821953125 0.33670614374999996 0.4486219328125 0.332863740625 0.44093905624999996
0 0.3352652375 0.4108477828125 0.2593775 0.5094446796875001 0.186851846875 0.44990239218749994 0.1876244546875 0.44812058437499996 0.1820488546875 0.45246337031249995 0.26273962968750003 0.5318530781249999 0.3395879578125 0.4210916078125 0.3352652375 0.4108477828125
0 0.337666778125 0.3986832390625 0.332863740625 0.3986832390625 0.26658203281250004 0.47551199843749997 0.25601536875 0.47295102031249997 0.2425669359375 0.46846935156249997 0.1941108328125 0.41448751718750004 0.1873321640625 0.4236525859375 0.2564956859375 0.5004813453125 0.337666778125 0.406366115625 0.337666778125 0.3986832390625
0 0.34631221874999996 0.3833174875 0.343910678125 0.3781955609375 0.3410288640625 0.372433403125 0.2689835296875 0.44990239218749994 0.26081840624999997 0.4518231109375 0.24977146874999998 0.44798167343750006 0.20131791875 0.38854200781250003 0.1954972875 0.39356131250000004 0.25409418906250003 0.4748717390625 0.263219903125 0.4735912796875 0.34631221874999996 0.3833174875
0 0.347753125 0.3455433375 0.3410288640625 0.3468238265625 0.27330625 0.41276850156249995 0.2622593125 0.41532945000000004 0.249291153125 0.4070063453125 0.20636287812499998 0.349143271875 0.19885941875 0.354506703125 0.2564956859375 0.43773784843749997 0.3482333984375 0.3551469328125 0.347753125 0.3455433375
0 0.9449053046874999 0.6177500203124999 0.8250610421875001 0.57514959375 0.8210662328125 0.5840247093750001 0.9648793484375 0.6408252234375 0.9708715609375 0.6355001703125 0.9801927609375 0.49438625781249995 0.9664201546875001 0.485319203125 0.9582213125000001 0.5786996156249999 0.9548923265625 0.6106499750000001 0.9449053046874999 0.6177500203124999
0 0.8050869984375 0.5573994015625 0.946902709375 0.6133125015625 0.952894921875 0.6053249218750001 0.9568897312500001 0.4544483578125 0.948437146875 0.4546814859375 0.938913090625 0.5813621421875 0.929591890625 0.5831371734374999 0.80308959375 0.5449742640624999 0.8050869984375 0.5573994015625
0 0.77379435 0.5147989749999999 0.9182732250000001 0.5733745625 0.9355841046875 0.43048561875 0.918939046875 0.42604810156250006 0.9056230390625 0.5449742640624999 0.8936386125 0.547636790625 0.776457515625 0.49882381562500006 0.77379435 0.5147989749999999
0 0.7571492937500001 0.4784110984375 0.7524886625 0.4926112671875 0.886980578125 0.547636790625 0.9142784171875 0.42782309218750003 0.9004824578124999 0.42271169375 0.8809883640624999 0.5245615875 0.87366456875 0.536986684375 0.7571492937500001 0.4784110984375
0 0.9009624078125 0.416285490625 0.8903095640625001 0.4118479328125 0.863011725 0.50414886875 0.8516931203125001 0.5130239453125001 0.743630665625 0.45867771093750004 0.739172653125 0.4695360234375 0.859016915625 0.5307741359375 0.8676723562499999 0.5272241140625 0.9009624078125 0.416285490625
0 0.8843173515625 0.383447675 0.848364071875 0.47397358125 0.8410402765624999 0.479298634375 0.833050659375 0.4784110984375 0.7366372734375 0.42271169375 0.7311830359375 0.4331481453125 0.8457009078125 0.5068113953125 0.8929727906249999 0.39054771875 0.8843173515625 0.383447675
0 0.8849831734375 0.3807851484375 0.8783251375000001 0.37279756875 0.8743303296875 0.37279756875 0.83371648125 0.45178583124999994 0.8257268640625 0.4579984203125 0.81840300625 0.4579984203125 0.72764576875 0.3960702 0.72319341875 0.40918540468750003 0.8303874328124999 0.4784110984375 0.8383770500000001 0.4713110546875 0.8849831734375 0.3807851484375
0 0.843703503125 0.423385575 0.8756619734375001 0.367472515625 0.872332925 0.3612599265625 0.8650091296875001 0.363922453125 0.8263926250000001 0.4331481453125 0.809747628125 0.4402482296875 0.7226504890625 0.3694287078125 0.7205301921875 0.3790101171875 0.8117450328125001 0.4535608625 0.822397815625 0.45089833593749995 0.843703503125 0.423385575
0 0.8570195125 0.343509775 0.808415984375 0.410072940625 0.793102571875 0.4109604359375 0.716656153125 0.3441192890625 0.708545765625 0.35060981875 0.8010921890624999 0.4349231765625 0.8650091296875001 0.35415988125000003 0.8570195125 0.343509775