0 0.156053590625 0.42770743906249997 0.141436809375 0.45386924687499997 0.24059840625 0.7631599812500001 0.27238169375 0.8310108906250001 0.6421679015625 0.4588844640625 0.6227664078124999 0.4402191953125 0.32742310625000004 0.7406614109375 0.298802234375 0.7610859109375 0.263365240625 0.7433278624999999 0.156053590625 0.42770743906249997
0 0.1730261109375 0.374597459375 0.2767553296875 0.6648245265625 0.3167368421875 0.746750859375 0.6746467078125 0.3777340640625 0.6720860859375 0.3572453953125 0.6523602625 0.35888376875 0.3515957984375 0.6715600937499999 0.3097640046875 0.6688772046875 0.1923672296875 0.369063090625 0.1824381671875 0.366490628125 0.1730261109375 0.374597459375
0 0.2116717296875 0.3141670125 0.202379771875 0.3126032390625 0.188604325 0.3291407 0.3189955859375 0.6462413375 0.3355602984375 0.672467315625 0.688049003125 0.31568463125 0.67891310625 0.2957420875 0.6632982734375 0.29183713437500003 0.3770664578125 0.5793140875 0.354672121875 0.5865883000000001 0.33167664375 0.5841456484374999 0.30436528906250004 0.5398094828125 0.2116717296875 0.3141670125
0 0.3507402953125 0.490520896875 0.3242587265625 0.478176359375 0.20945919375000002 0.24821262812499997 0.1944455015625 0.2540245375 0.19309936562500002 0.2694234921875 0.33471765468750003 0.565951903125 0.3438413453125 0.5694405437500001 0.6723731421875 0.2295101625 0.6737552421874999 0.2054030375 0.6532118421875001 0.1915036859375 0.3892060953125 0.47363129531250003 0.3507402953125 0.490520896875
0 0.8119227875 0.786813371875 0.7625943703125 0.8376481953124999 0.754311221875 0.8392893078125001 0.712351165625 0.77391026875 0.7089709359375 0.7833139015625 0.7573833750000001 0.85469281875 0.8154226671875 0.7920032203125 0.8119227875 0.786813371875
0 0.8142391515625 0.7736174734375 0.8120035109374999 0.7672673671875 0.80850754375 0.7673534875 0.7622280078125 0.8205562046875 0.7551936515625 0.8185533734374999 0.7125822203125 0.7553049125 0.7083039078125 0.764340609375 0.7579536078125 0.83486786875 0.8142391515625 0.7736174734375
0 0.7573652734375 0.9586543046875 0.699610571875 0.9648809578125 0.6931851671875 0.958572471875 0.6843768625 0.87576844375 0.678159659375 0.8750593640625001 0.6878238375 0.9746764453125 0.7586488734375 0.9652536906250001 0.7573652734375 0.9586543046875
0 0.7713258656249999 0.9452742015625001 0.7147583843749999 0.9565423765625001 0.70799380625 0.9514534843750001 0.6948723796875 0.8674418234375001 0.6894877765625 0.8705101796875001 0.70264400625 0.9647651703125 0.77376579375 0.9519477484375001 0.7713258656249999 0.9452742015625001
0 0.7847044859375 0.9358911453125 0.783910396875 0.9290128171875001 0.7262059453124999 0.9479664796874999 0.7191021890625 0.9440971796875001 0.7017640203125 0.8604357484375 0.6970038140625 0.8616821343750001 0.69579744375 0.867501153125 0.7146080515625 0.9556017265625 0.7847044859375 0.9358911453125
0 0.794201625 0.9203627609374999 0.7915574078125001 0.9133657765625 0.7322919640625 0.936874365625 0.7260823796875 0.9280970359375 0.7077305984375 0.8533703453125 0.7042885875 0.85283925625 0.7020068203125 0.8576582937499999 0.7237969078125001 0.9462602953125 0.794201625 0.9203627609374999
0 0.65666366875 0.8895078640625 0.586814159375 0.9303371500000001 0.5791554046875 0.930156290625 0.56978490625 0.89634933125 0.562126153125 0.896168471875 0.5742835859375 0.9459813203125 0.6582479359375 0.8979885515625 0.65666366875 0.8895078640625
0 0.5906684515625 0.9181708953125 0.58164886875 0.8989722468749999 0.572968675 0.8971741968750001 0.5830599484375 0.93071704375 0.662876959375 0.8849409749999999 0.6631967750000001 0.8759617359374999 0.5906684515625 0.9181708953125
0 0.8763865093750001 0.9858389359374999 0.8824494640625 0.9803313953125 0.90904441875 0.926176540625 0.9057488265625 0.9213101328125 0.8810116171875 0.96751539375 0.8745246390625001 0.9698923765625 0.8411949468750001 0.9308247546875 0.8379881156250001 0.9355844640625 0.8763865093750001 0.9858389359374999
0 0.8344110078125 0.917976215625 0.835135696875 0.9229880749999999 0.8749871718750001 0.969922040625 0.905606109375 0.9123012296875 0.8997935703125 0.9069630609375 0.8784289734374999 0.9518329421875 0.8711402859374999 0.9553998531250001 0.8368855312499999 0.9162729031250001 0.8344110078125 0.917976215625
0 0.809371453125 0.8133386609375 0.8028459671875 0.8188165359375 0.8485987421875001 0.880714790625 0.8964856078125001 0.830408184375 0.8924692406249999 0.8258058859374999 0.8511078624999999 0.8706346140625 0.8466174296875 0.8687949390625 0.809371453125 0.8133386609375
0 0.8831397078125001 1 0.8935117203124999 0.9841442390624999 0.9135156999999999 0.938876759375 0.9080308031250001 0.9351112828125 0.8817750249999999 0.9880465468749999 0.8770263515625001 0.9865006453125 0.844799034375 0.9481244 0.8430877078125001 0.951738678125 0.879464590625 1 0.8831397078125001 1
0 0.85244381875 0.840373371875 0.8887374031249999 0.8046964296875 0.8860245062500001 0.799928471875 0.8491162328125 0.8336866390625 0.8417920546875 0.83154636875 0.8119633734375 0.79684908125 0.8093595328125 0.8033642171875 0.8429826390624999 0.8447781781250001 0.85244381875 0.840373371875