0 0.6904980578125001 0.686227028125 0.675973284375 0.7053158078124999 0.6597524296875 0.7022340703125 0.5834917515625 0.621290403125 0.5734595203125 0.626667153125 0.6731271296875 0.7384578421875 0.7545367515625 0.6046279453125 0.7460704296875 0.5995938765625 0.6904980578125001 0.686227028125
0 0.6543633796874999 0.6666170921875 0.5695678578125001 0.5904243234375001 0.5624301875 0.6009027828125 0.6721305234375 0.6954822984375 0.7444564734375 0.5599265890625 0.7361887703125001 0.55399329375 0.6767235734375 0.663582484375 0.6543633796874999 0.6666170921875
0 0.57645601875 0.5780778015625 0.5631297328125 0.5800977296875 0.6740286156249999 0.6576084078125 0.7344757875 0.5207062265625 0.7229359343749999 0.5186830328125 0.6742794187500001 0.6239732546875 0.6612026328125 0.6278612890625 0.57645601875 0.5780778015625
0 0.6501724421875 0.6257657078125 0.7120667453125 0.49733156562499997 0.7076747812499999 0.49285578750000003 0.7023342078125 0.4954825203125 0.6546155859375 0.5974787781249999 0.6415388078125 0.601366775 0.5552952296875 0.5403747812499999 0.5464107921875 0.5496110046875 0.6501724421875 0.6257657078125
0 0.6411398796875 0.5912772140625 0.714613196875 0.47141537343750006 0.709772059375 0.46594388281250004 0.706977021875 0.4663231953125 0.6498256265625 0.5592445828125 0.639543828125 0.5627532546875 0.5521803140625 0.501271675 0.544615484375 0.5101250875 0.6411398796875 0.5912772140625
0 0.5473117937499999 0.48059595312500003 0.6300109640625 0.5600318109375 0.6437365953125 0.5562670890625 0.708524603125 0.45660344375 0.7069276859375 0.4517483109375 0.6991914218749999 0.4530095625 0.6456342015625001 0.5302275796875 0.633954728125 0.539843115625 0.5529320625 0.47135479374999995 0.5473117937499999 0.48059595312500003
0 0.6300118875 0.53636299375 0.7133168390625 0.43566561562499995 0.7064794265625001 0.4270838265625 0.6451361171875 0.5028225921875 0.6341557546875001 0.5034675109375 0.6220275265625 0.5002529828125 0.5560813890625 0.4309626171875 0.55130625 0.43947893593750004 0.6300118875 0.53636299375
0 0.5544019062500001 0.40820500937500004 0.626120225 0.5001201656250001 0.7144655671875 0.41585623437499997 0.7128188171875001 0.40826061874999997 0.7059310890625 0.4087727296875 0.642242403125 0.4740521375 0.6304135125 0.475446178125 0.6185347921875 0.474099715625 0.562974425 0.40084614687500003 0.5544019062500001 0.40820500937500004
0 0.5651621796875 0.3699626078125 0.6291265921875 0.46605627656250004 0.7207635734375 0.386448421875 0.7213650781250001 0.381079103125 0.7168323421875 0.3789524984375 0.64386565625 0.4414384703125 0.6329036046875001 0.44273036250000003 0.62497128125 0.4403796921875 0.5712389046874999 0.3657010953125 0.5651621796875 0.3699626078125
0 0.6315789578125 0.44163505937499997 0.7265393796875 0.369407678125 0.72048060625 0.3602420921875 0.646242075 0.41869009999999995 0.6392578296875 0.4190504453125 0.6312098953125 0.41583419375 0.5803335406250001 0.338305928125 0.5717773687500001 0.343801375 0.6315789578125 0.44163505937499997
0 0.3623902859375 0.5864223703125 0.4490969359375 0.6835055999999999 0.540978409375 0.5624485828125 0.539360290625 0.5547613421875 0.5326065140625 0.55291055 0.46381964218749994 0.6505390546875 0.4505608890625 0.65312916875 0.43910746093749997 0.65152081875 0.366767878125 0.574964075 0.3623902859375 0.5864223703125
0 0.442687896875 0.6192758140625 0.43132794218750004 0.6154145484375 0.35955946562499996 0.5489855328125001 0.3515292015625 0.55824575 0.441317390625 0.6473992749999999 0.5293084328125001 0.5267384921875 0.5230396140625 0.517746015625 0.4533324140625 0.6133506109375 0.442687896875 0.6192758140625
0 0.35934262031249997 0.5222635046875 0.357525846875 0.52123410625 0.347982090625 0.5331617421875 0.4401670984375 0.613687803125 0.44735679062499994 0.6099446515625 0.523147309375 0.49093966875 0.521404671875 0.48379646562499995 0.5152421359375 0.48489637031250005 0.4520576078125 0.5801831515625 0.44010584062499997 0.5881306703125 0.42725197187499997 0.5834179125000001 0.35934262031249997 0.5222635046875
0 0.3607444703125 0.4884692109375 0.3524651734375 0.4988174765625 0.4382386921875 0.58153148125 0.44412108906250003 0.5798106875 0.52286805625 0.46817951406249997 0.5204717703124999 0.462047490625 0.5165502703125 0.460734790625 0.4508759765625 0.552142490625 0.44194334218750003 0.5561221749999999 0.430334353125 0.553348959375 0.3607444703125 0.4884692109375
0 0.35477630000000004 0.45851320468749995 0.34690670468749996 0.46591964687500004 0.4251798921875 0.5352874734374999 0.43977670468749996 0.5397636984374999 0.5161268078125001 0.43676000468750004 0.5143841703125 0.42961680312499995 0.507536953125 0.43001895625 0.445006340625 0.51691481875 0.43429972968749997 0.519422109375 0.41985849843749995 0.5161108328124999 0.35477630000000004 0.45851320468749995
0 0.4202952984375 0.4883776234375 0.36035349375000003 0.42930463437500005 0.35893530625 0.43203825 0.3536305203125 0.4365425171875 0.4321211328125 0.5178728703125001 0.44158285937499997 0.5134260375 0.5137621703125 0.4175774109375 0.514851734375 0.410972290625 0.5106501375 0.40903868125000004 0.44759066093750005 0.489021940625 0.4390937140625 0.49478743124999996 0.4319353578125 0.492859775 0.4202952984375 0.4883776234375
0 0.3552189921875 0.40562204843750005 0.42651991093749997 0.49069555 0.5203301375 0.39441510156250004 0.5191476609375 0.38851368750000004 0.5150705390625 0.3860360578125 0.43853466093750004 0.46402665781249997 0.427859078125 0.4682429 0.419082603125 0.45862800156250005 0.3593586671875 0.3997413671875 0.3552189921875 0.40562204843750005
0 0.36732718593749997 0.37670020625 0.367206859375 0.3765234125 0.3618803953125 0.38020681562499997 0.4240310265625 0.46467722812499995 0.43476870625 0.46387887031249997 0.5212954562500001 0.38097425 0.519521746875 0.3721221140625 0.5161604109375 0.37205119999999997 0.44058958125 0.4439806875 0.43038102343749995 0.44431192656249996 0.41961227343749996 0.44340135312499995 0.36732718593749997 0.37670020625
0 0.4421469796875 0.4113513078125 0.4361089921875 0.4119072046875 0.42720769374999995 0.41021608125000003 0.3771949125 0.3354314859375 0.37146806250000003 0.338317196875 0.4313460765625 0.43825081875 0.523288271875 0.35751041875 0.51801138125 0.35149600937500003 0.4421469796875 0.4113513078125
0 0.533808803125 0.33736976875 0.52651315625 0.33095832812500003 0.45540687812499997 0.3792422109375 0.4424281921875 0.382453203125 0.4344606390625 0.38037180937500004 0.396741565625 0.3090581859375 0.3906414375 0.30619621406249997 0.38591043593749996 0.312109515625 0.437665278125 0.40879681718749994 0.5347112109375 0.34265030625000004 0.533808803125 0.33736976875
0 0.068148340625 0.3731120234375 0.0567938546875 0.3666401546875 0.0333184953125 0.290448884375 0.026753623437500002 0.3016063171875 0.0531853625 0.3929212484375 0.176966553125 0.31827935625000003 0.179391515625 0.311189421875 0.17472646875 0.30823124062499996 0.068148340625 0.3731120234375
0 0.0368376640625 0.2803308125 0.0685330078125 0.3661737828125 0.18767158281250002 0.29604318125 0.186932565625 0.2905094578125 0.1866074421875 0.286672365625 0.087044403125 0.3448813609375 0.0748913296875 0.3436511203125 0.0635668921875 0.32478031875 0.042993703125 0.271061446875 0.0368376640625 0.2803308125
0 0.20612422656249998 0.264492290625 0.0979562515625 0.32699915 0.062607128125 0.2537409234375 0.0552307390625 0.259555259375 0.08822738125 0.3397127875 0.208814759375 0.2720147859375 0.20612422656249998 0.264492290625
0 0.214374515625 0.2547337390625 0.1203116390625 0.30643705625 0.1122687171875 0.3065270109375 0.081814828125 0.23278522812500002 0.07556470625 0.2392033421875 0.1028354453125 0.32145413437500003 0.215497946875 0.2603405109375 0.214374515625 0.2547337390625
0 0.28006686406250003 0.6109382328125 0.2709211875 0.621021525 0.2579231875 0.62446250625 0.18508688281250002 0.569251659375 0.1754372078125 0.5772690578125 0.26602332500000003 0.6509565187499999 0.355357121875 0.518854709375 0.349332575 0.514633875 0.28006686406250003 0.6109382328125
0 0.343878684375 0.48402758749999997 0.34401678593749996 0.48517794687500004 0.2876652890625 0.5756058281249999 0.27401894375 0.5861475234375 0.260552909375 0.589499584375 0.183179690625 0.541307346875 0.17691455625000002 0.5473408890625 0.270705265625 0.6176968953124999 0.3525137734375 0.490732540625 0.343878684375 0.48402758749999997
0 0.17720097031249998 0.5174153953125 0.171550609375 0.5259636703125 0.262965415625 0.5853609125 0.2722548234375 0.5831854890625 0.344845775 0.46235045937499997 0.3423976828125 0.4559749328125 0.336204740625 0.45742523281249997 0.2744520546875 0.558647834375 0.265162646875 0.5608232578125001 0.25227279375 0.5616579109375001 0.17720097031249998 0.5174153953125
0 0.17054715625 0.48768364999999997 0.2558046109375 0.5590453609375 0.34470592187500004 0.43736879375 0.3428699125 0.4304528203125 0.336352984375 0.43118483437500005 0.2708561203125 0.523158796875 0.2565617203125 0.5322639031249999 0.2432759796875 0.5284263890625 0.1758817390625 0.48168061093750003 0.17054715625 0.48768364999999997
0 0.1737889546875 0.4521803078125 0.2504769234375 0.531107875 0.3430502078125 0.42326324531250004 0.3422943984375 0.4158957890625 0.336281446875 0.41869369531249995 0.2623597515625 0.500529790625 0.249829828125 0.5040596984375 0.23949651875 0.5001263734375 0.1817203046875 0.44336302656250004 0.1737889546875 0.4521803078125
0 0.1826475625 0.41774405468750003 0.2455454125 0.4993054375 0.343698896875 0.407625359375 0.3416829375 0.399361790625 0.3374703671875 0.3985614609375 0.2627928609375 0.473030103125 0.25289137500000003 0.47574594374999996 0.24317014062500003 0.4712721984375 0.18928725 0.410302165625 0.1826475625 0.41774405468750003
0 0.352701196875 0.3810969671875 0.3507933359375 0.370227090625 0.2546564796875 0.4530963 0.1973750296875 0.3811392515625 0.19852882968750002 0.3795308046875 0.1921182421875 0.3827674109375 0.25289137500000003 0.47574594374999996 0.352701196875 0.3810969671875
0 0.203748928125 0.3554249671875 0.253864715625 0.44375190781249996 0.35414199218750003 0.3662663046875 0.355870525 0.3587141390625 0.3511898765625 0.3578248796875 0.26931178437500003 0.42107480625000004 0.25959055625 0.416601034375 0.2474931203125 0.4097057015625 0.2124168734375 0.3476708625 0.203748928125 0.3554249671875
0 0.22527766875 0.32350112656249996 0.21847608749999997 0.327357375 0.257286196875 0.418133378125 0.2664674609375 0.41856428437500004 0.3677527359375 0.34521046875 0.3665647484375 0.33973105000000003 0.36505276875 0.33353337031249997 0.277413871875 0.3963455265625 0.269024675 0.3967218359375 0.25912349843750004 0.3909004671875 0.22527766875 0.32350112656249996
0 0.23053925937500003 0.289589690625 0.26798108125 0.3820758796875 0.37596292187499997 0.3178748828125 0.3776555546875 0.30834575468750003 0.37081454687500004 0.3083594953125 0.2899810234375 0.3606437328125 0.278639403125 0.361115825 0.26787426875000003 0.3505333328125 0.23905821249999998 0.28570673750000003 0.23053925937500003 0.289589690625
0 0.9491104953124999 0.5602867265625 0.92011135 0.6505604625 0.9096788296874999 0.6813509 0.8983488859375001 0.686481103125 0.7911429078125 0.6224168734375 0.7852531203125 0.630401375 0.9126223796874999 0.71286181875 0.9196599609374999 0.7087367890625 0.9604922 0.57174945 0.9491104953124999 0.5602867265625
0 0.8912130640625 0.649621928125 0.77652033125 0.58868701875 0.7756713656249999 0.6012705734375 0.9012937703125001 0.682488890625 0.90893038125 0.6757466328125 0.946768409375 0.52817658125 0.9384787593749999 0.5268407890625 0.9006961015625 0.6496028703125 0.8912130640625 0.649621928125
0 0.760950053125 0.5383909375 0.754760571875 0.5536012375 0.882379259375 0.637929815625 0.9313969468750001 0.50067689375 0.91617440625 0.493233121875 0.8764410687499999 0.607670578125 0.8641629953125 0.6080689484375 0.760950053125 0.5383909375
0 0.8470940375 0.5939019390625 0.7467263953125001 0.5147506859375001 0.73898969375 0.5278463703125 0.8576746171874999 0.606836246875 0.9112331890625001 0.494115021875 0.8989387625 0.4865363328125 0.857026675 0.583044196875 0.8470940375 0.5939019390625
0 0.834217359375 0.5850831453125 0.8434509515625 0.5831960328125 0.9008522828125001 0.48030831875 0.8914692750000001 0.4739739375 0.8441006703125 0.5596504796875 0.8310737187499999 0.5662789781249999 0.7379919640625 0.49285011875 0.7312045875 0.5026983171875 0.834217359375 0.5850831453125
0 0.8266319296875 0.5590626953125 0.8988568750000001 0.45352919218750004 0.8920193937500001 0.44494743124999997 0.836615259375 0.5272766296875 0.8282800265624999 0.5311551203125 0.8206936796875001 0.5288034484375 0.7392686 0.45620120625 0.731605296875 0.4654502765625 0.8266319296875 0.5590626953125
0 0.7365001578125 0.4283482375 0.72921053125 0.44041597968749996 0.8180983140625001 0.528310365625 0.8274817515624999 0.522810353125 0.893267278125 0.44245347500000004 0.8885759890625 0.4333690875 0.8846829734374999 0.43262946874999997 0.8273328281250001 0.502754434375 0.8181490578125 0.5073820890625 0.8110118234374999 0.5060261140625 0.7365001578125 0.4283482375
0 0.7376261093750001 0.4012351515625 0.7334041640625 0.41026098749999995 0.8055218890625 0.5004313625 0.8165022531250001 0.49978644375 0.8434550078124999 0.47668640624999997 0.8871787453125 0.42764155937500004 0.8853322671875 0.420918309375 0.8775960640625 0.4221795734375 0.8243888015625 0.483077859375 0.8065705296875001 0.486975409375 0.7376261093750001 0.4012351515625
0 0.8797924984375 0.41258309375 0.8744025859375 0.4006349421875 0.812061815625 0.457066953125 0.7969389375 0.455104146875 0.7374787656249999 0.3752465046875 0.72811476875 0.3801250109375 0.7993337015625 0.48013844062500005 0.8797924984375 0.41258309375