0 0.1662043234375 0.02887915 0.1650628296875 0.023174103125 0.16239933281250002 0.018610067187500003 0.1532673859375 0.0166133 0.0448255125 0.06881446875 0.0341715625 0.0742342640625 0.023898121875 0.0736637609375 0.0016168703125 0.0551401546875 0 0.07537527499999999 0.0231371375 0.097624953125 0.1662043234375 0.02887915
0 0.1627798421875 0.055692867187499995 0.16239933281250002 0.0514140828125 0.1555503734375 0.0457090328125 0.1487014125 0.044568028125 0.0402595390625 0.0970544453125 0.026561617187499997 0.099621715625 0.0159076671875 0.0981954625 0.0082977234375 0.0927756609375 0.0001902171875 0.08274589843749999 0.001068253125 0.10874979375 0.0174296703125 0.12386816875 0.1627798421875 0.055692867187499995
0 0.01134169375 0.1512523890625 0.1540283703125 0.08307708750000001 0.1547893890625 0.07708678906250001 0.146798934375 0.07280800468750001 0.1410914671875 0.07337850781250001 0.034552071875 0.123297659375 0.0185711640625 0.12586493125 0.006395228125000001 0.1227271515625 0.0004755484375 0.117199578125 0 0.143265315625 0.0037317500000000003 0.148114609375 0.01134169375 0.1512523890625
0 0.1958831515625 0.0613979109375 0.1951221328125 0.064535684375 0.27502667187499996 0.12386816875 0.273885178125 0.131855228125 0.27046069687499996 0.13813077499999998 0.169628803125 0.193754971875 0.1681068 0.2000305296875 0.17305328281250001 0.20373881875 0.178380240625 0.2063060890625 0.306227503125 0.1355635046875 0.3077495046875 0.1312847203125 0.20933761093749997 0.055996146875 0.2046345890625 0.0551223578125 0.200068615625 0.055978115625000005 0.1958831515625 0.0613979109375
0 0.230127953125 0.06425043593749999 0.23469392656250002 0.069670225 0.3100324921875 0.129002709375 0.3092714734375 0.13698977031249998 0.20197109375000002 0.1971779984375 0.20273211249999998 0.2011715484375 0.21034205625000002 0.2065913234375 0.22137648125 0.2034535578125 0.343516275 0.1324257375 0.24671593125000002 0.058564123437500004 0.24306485625000002 0.056263370312500005 0.2381184078125 0.056833871875 0.233932909375 0.05854538593750001 0.230127953125 0.06425043593749999
0 0.3473213 0.1284322015625 0.3492237421875 0.1329962328125 0.3450383125 0.1418390625 0.2461088609375 0.198604278125 0.24496736718749998 0.204024053125 0.24991381562499998 0.20744708125 0.2556212828125 0.2083028375 0.3827075953125 0.13670452187499998 0.28263665 0.0605421546875 0.282382265625 0.060490104687500004 0.2776901671875 0.0605421546875 0.27312419375 0.06282417031250001 0.26931920468750004 0.0685292203125 0.3473213 0.1284322015625
0 0.38422956406250003 0.130143715625 0.3849905828125 0.13955704062500002 0.28187563125000004 0.20174204375000002 0.28377814375 0.20744708125 0.292149071875 0.21115536875 0.419235384375 0.137560278125 0.3160512875 0.0622020890625 0.3100324921875 0.063109425 0.3066080125 0.06539144062499999 0.30318353125 0.0708112359375 0.38422956406250003 0.130143715625
0 0.433934871875 0.1784400140625 0.5138394109375 0.258881159375 0.643969659375 0.199548675 0.641686671875 0.19298788125 0.6375012078125 0.190705859375 0.632935234375 0.18870909687499998 0.5328643234375 0.23377894999999999 0.5222103734375 0.23463470625 0.5130784265624999 0.23406421093750002 0.446871809375 0.1693119375 0.4407838328125 0.1653184 0.435456875 0.16645941875 0.42974940781250004 0.17016769375000002 0.433934871875 0.1784400140625
0 0.5214493906250001 0.23377894999999999 0.5340058171875001 0.22978542656249998 0.6500576703125 0.173590721875 0.6473941390625 0.1693119375 0.642447690625 0.165033153125 0.6394036859375001 0.16446264375 0.541235253125 0.209532509375 0.5317228296875001 0.2112440234375 0.51878589375 0.21010301875 0.45029628906249997 0.1447802359375 0.45044204062500004 0.1450193203125 0.44458882187500004 0.1456359921875 0.43964233906250005 0.1476327609375 0.43773986249999997 0.1504852859375 0.5214493906250001 0.23377894999999999
0 0.5305813374999999 0.208676753125 0.541996271875 0.205824234375 0.6588090734375001 0.147918015625 0.6591896171875 0.1427834734375 0.6557651375 0.1405014515625 0.6489161765625 0.13793418125 0.5530306953124999 0.1850008078125 0.5454207515625 0.18728283125 0.5362888046875 0.187853340625 0.52982031875 0.186427075 0.455623246875 0.122245309375 0.44801330312500004 0.1233863140625 0.4415448515625 0.12737985000000002 0.44268634531249995 0.130802878125 0.5305813374999999 0.208676753125
0 0.4442083125 0.10769744218749999 0.53819128125 0.1850008078125 0.6591896171875 0.12424207031250001 0.662994571875 0.11996328593750001 0.6599505671875 0.11511400000000001 0.6504381453125 0.11254672968749999 0.6462526453125 0.113687740625 0.5537916796875 0.16360688750000002 0.538571790625 0.1633216390625 0.530200828125 0.160183859375 0.457525759375 0.1011366359375 0.4514377828125 0.1019923921875 0.446110825 0.10427441562499999 0.4442083125 0.10769744218749999
0 0.754743790625 0.2827687375 0.7684417109375 0.27991623125 0.8825910515625001 0.21858697187499998 0.8818300671875001 0.2128819359375 0.87726409375 0.20945890781249998 0.8723176109375 0.209173646875 0.77376866875 0.2573812921875 0.76501723125 0.2593780671875 0.753602296875 0.2585223109375 0.7421873625 0.2508204859375 0.6710026609375 0.191456890625 0.6641853015625 0.19262901875 0.6580973609375 0.1951962890625 0.65771685 0.1989045640625 0.754743790625 0.2827687375
0 0.7589292546874999 0.2588075453125 0.7722467015625 0.254814021875 0.8860155328125 0.19319952812500002 0.8822105421875 0.18692396875 0.8742200890625 0.18492720625 0.7794761359375 0.23342010000000002 0.7688222203125 0.2359873703125 0.755504775 0.2351316140625 0.6771222390625 0.17180560625000002 0.6733172484375001 0.17180560625000002 0.6664682890625 0.1726613625 0.661902315625 0.17694014687499998 0.7589292546874999 0.2588075453125
0 0.76501723125 0.23342010000000002 0.8871570249999999 0.1689530734375 0.8852545484375 0.1638185328125 0.880688575 0.1612512625 0.87726409375 0.1601102578125 0.8746005984374999 0.1601102578125 0.7798566453125 0.20888839843749998 0.7722467015625 0.21088516093749998 0.76273424375 0.21088516093749998 0.755504775 0.20860315156250003 0.6778505984375001 0.1460893109375 0.669131784375 0.147559153125 0.661902315625 0.151267440625 0.6634243171875001 0.1552609640625 0.76501723125 0.23342010000000002
0 0.6660878140625 0.13072926875 0.76501723125 0.209173646875 0.7695832046875 0.21088516093749998 0.8882985187499999 0.145562390625 0.886776515625 0.14128360625 0.8814495593749999 0.1387163359375 0.8761226015625001 0.13700482187500002 0.7790956609374999 0.1880649859375 0.762353734375 0.187494478125 0.6789919203125 0.12533150312500002 0.6748392515625 0.12473897187500001 0.668751275 0.1270209875 0.6660878140625 0.13072926875
0 0.8516552421875 0.259753615625 0.8501332749999999 0.26317664375 0.9562921609374999 0.3339192015625 0.9996689109375 0.3051087296875 1 0.2874230828125 0.9665656015625 0.3102432703125 0.9578141296875 0.3133810375 0.9463991953124999 0.311954784375 0.8624595515625 0.25715428125 0.858504203125 0.25747159375 0.8554602328125 0.258897859375 0.8516552421875 0.259753615625
0 0.9992884015625 0.283429546875 1 0.2637471390625 0.962380103125 0.2908461109375 0.9532481562499999 0.29141662031250004 0.9448772265625 0.28970510625 0.8670248421875 0.24089043124999998 0.8592652218750001 0.25148129531249996 0.954009175 0.31252528125 0.9992884015625 0.283429546875
0 1 0.24121221249999997 0.9574336546875 0.269166940625 0.9479211984375 0.269166940625 0.876155425 0.2271945578125 0.866875165625 0.24007120781250002 0.9528676812500001 0.289990353125 1 0.2586125984375 1 0.24121221249999997
0 0.8832365828125001 0.2181067765625 0.8782901000000001 0.22466758437499998 0.9479211984375 0.2694521890625 1 0.23493666562499999 0.9996689109375 0.2195330421875 0.9574336546875 0.2457762453125 0.9486821828125 0.248343515625 0.93993074375 0.2466320015625 0.8772967484375 0.20729274375 0.8748656203125 0.209263953125 0.8817145796875 0.2129722359375 0.8832365828125001 0.2181067765625
0 0.00078650625 0.7982596281250001 0.098574465625 0.9143573140625 0.10922837968750002 0.924626396875 0.27284244687500003 0.821079815625 0.27322295625000004 0.8162305234374999 0.2663739953125 0.810525471875 0.2591445265625 0.8065319421874999 0.13852673437500002 0.88326480625 0.127492275 0.8901108609374999 0.1126528609375 0.8889698562499999 0.1039014234375 0.8864025859375 0.021590018750000002 0.7902233359374999 0.014484428125 0.7905578171875 0.004591496875 0.793695590625 0.00078650625 0.7982596281250001
0 0.0080159765625 0.761176828125 0.00611348125 0.7671671265625 0.10504291562500001 0.8798417796875 0.10960888906249999 0.8878288515625 0.113794353125 0.8901108609374999 0.27284244687500003 0.7902725625 0.2774084203125 0.7854232750000001 0.27360343125000003 0.77686570625 0.26180802187499996 0.774583684375 0.148800175 0.8467525218749999 0.12482881406249999 0.8555953390625 0.11113089218750001 0.8541690734375 0.0250139875 0.7579096359374999 0.0194309109375 0.757468546875 0.014103935937500001 0.7591800609375 0.0080159765625 0.761176828125
0 0.0902035015625 0.99996305625 0.2580030328125 0.898983746875 0.25572004531250003 0.8901409171875001 0.24811010156250002 0.8818686093749999 0.24088063124999998 0.8807275906250001 0.106184409375 0.9660180437499999 0.0936279828125 0.9674442953125 0.084496034375 0.9631655109375 0.0803105703125 0.956889953125 0.001046209375 0.857221834375 0 0.8967017234375 0.0795495515625 0.9993925609375 0.0902035015625 0.99996305625
0 0.0004060140625 0.8459268140624999 0.0685151265625 0.93349926875 0.0818325390625 0.9489028921875 0.0890620078125 0.9620244937500001 0.094769475 0.9657327828125 0.2663739953125 0.8613003890625001 0.2659934859375 0.8575921 0.2637105 0.8507460453125001 0.2587640171875 0.8441852515624999 0.2492515953125 0.8441852515624999 0.116838359375 0.9283346859374999 0.10580389999999999 0.9300461999999999 0.0924864890625 0.9263379109375001 0.0093208 0.8261750015624999 0.0057329890625 0.8251033953125001 0 0.8251033953125001 0.0004060140625 0.8459268140624999
0 0.36678189687499996 0.7883545765625 0.4592428625 0.8813468203125 0.47978974531249996 0.903026003125 0.48739968906250003 0.9061637703125 0.6285643624999999 0.8120305140624999 0.6319888421875001 0.8068959734375 0.6338913546875 0.8000499187500001 0.6285643624999999 0.79520063125 0.618290921875 0.7949153765625 0.500336625 0.8725040046875 0.49234617187499996 0.8747860265625 0.47978974531249996 0.8725040046875 0.386187284375 0.7797970078125 0.3799653609375 0.7780254484375 0.3747723515625 0.7783707453125001 0.368303865625 0.78293478125 0.36678189687499996 0.7883545765625
0 0.3603134109375 0.8254373765624999 0.4778872328125 0.9392530406249999 0.48321422500000005 0.943817071875 0.6205739078125 0.8476870546875 0.62513988125 0.84169675625 0.626281375 0.832853934375 0.6171494281250001 0.8277193921875 0.608397990625 0.8300014093750001 0.5007170999999999 0.9061637703125 0.49082416875 0.9110130625 0.47712624843749996 0.909586796875 0.3797187984375 0.81516829375 0.3698258671875 0.8143125375 0.36678189687499996 0.8174503109375 0.3633574171875 0.8200175812499999 0.3603134109375 0.8254373765624999
0 0.3557474375 0.8573856281250001 0.35688893125 0.8619496734375 0.47636526406249996 0.9734833281249999 0.48435571718750003 0.9811851390624999 0.6232374390625 0.8770680359374999 0.62666191875 0.871648246875 0.6239983890625 0.8636611875 0.618290921875 0.86080865625 0.6125834546875 0.8616644125 0.5186005203125 0.9275576921875001 0.49462915937499996 0.946954865625 0.48207273125 0.947810621875 0.3751147390625 0.8509987718750001 0.37058685156250004 0.8496838171875 0.36221592343750003 0.8519658390625 0.3557474375 0.8573856281250001
0 0.35422547031249996 0.8992542265625 0.35879144375 0.9072412859375 0.45962333749999995 0.9993777937500001 0.511751559375 1 0.62742286875 0.9089528 0.6281838875 0.9021067453124999 0.6228568953125 0.8975427125 0.6118225046875 0.8978279609375001 0.500336625 0.9856856828125 0.490063184375 0.988252953125 0.4786482515625 0.9845446656249999 0.3732503484375 0.89297868125 0.367923390625 0.8901261484375 0.363737890625 0.8924081718749999 0.35688893125 0.8958311984374999 0.35422547031249996 0.8992542265625
0 0.8118196546875 0.9404641312500001 0.8251370671875 0.9478806828125 0.9404279015625001 0.8263632078125 0.9411889203125 0.8215139203125 0.9381449140625 0.8140973625000001 0.9290129671875 0.810959584375 0.92444699375 0.8121005953125 0.8316055531250001 0.9079453703125001 0.820951603125 0.9133651593750001 0.810297653125 0.9133651593750001 0.681308896875 0.828930478125 0.674840446875 0.826077959375 0.6683719953125 0.832638765625 0.6653279890625 0.8363470421875 0.6664694828125 0.8423373406250001 0.8118196546875 0.9404641312500001
0 0.8194296 0.976976415625 0.8316055531250001 0.98410773125 0.9446134 0.863160753125 0.94575489375 0.858311471875 0.944993875 0.8537474265625 0.9377644390625001 0.8491833953124999 0.9282519828125 0.8500391515624999 0.8354105078125 0.947024925 0.8255175765624999 0.9515889718749999 0.8133416578125001 0.94816594375 0.6877773828125 0.864016509375 0.6801674046875 0.8623049953124999 0.6735706375 0.868546609375 0.6698939640625 0.871718321875 0.67217695 0.8779938796875 0.8194296 0.976976415625
0 0.681308896875 0.9189432203125 0.7996437375000001 0.998528621875 0.87231880625 1 0.9605943078125 0.900687078125 0.9590723390625 0.894982028125 0.9533648734375 0.8881359718749999 0.944232925 0.8867097062499999 0.8498694468749999 0.989971040625 0.8399764812500001 0.99310881875 0.8316055531250001 0.991682553125 0.6969093296875 0.9063921140625 0.6873968734375 0.9049658624999999 0.6818452265625 0.9077082453124999 0.6790259109375001 0.910956159375 0.6786454359375 0.9132381703125001 0.681308896875 0.9189432203125
0 0.62994169375 0.43144892187500006 0.6276587078125 0.4354424578125 0.7303931140625 0.5190213703125 0.8449229640624999 0.44941981562500005 0.8472059515625 0.44514103125000004 0.841498484375 0.44000649062499997 0.8335080296875 0.43943598125000005 0.7490375171875 0.49049615781250006 0.736481090625 0.49506017812499997 0.7231636781249999 0.49334866406250005 0.6416136 0.428566690625 0.6383126578125 0.42802589375 0.6341271749999999 0.42774064687499996 0.62994169375 0.43144892187500006
0 0.6329856828125 0.4131927796875 0.727729653125 0.492207671875 0.73381759375 0.49391918593749995 0.8365520015625 0.4308784125 0.8460644578125001 0.4246028671875 0.8449229640624999 0.4203240828125 0.8392154968750001 0.41576005 0.8346495234375 0.41690105468749994 0.7802383500000001 0.44856405937500005 0.7566474624999999 0.46111516406249997 0.7452325281250001 0.4685317140625 0.7353395968750001 0.47224000312500003 0.72620765 0.4705284890625 0.643896246875 0.4037429203125 0.6367906546875 0.40434995 0.6337466843749999 0.4080582375 0.6329856828125 0.4131927796875
0 0.6329856828125 0.38580855937499997 0.6345076671875 0.391513596875 0.7303931140625 0.4719547421875 0.8388349875 0.4074877296875 0.8456839484374999 0.40178267968750003 0.8445424546875 0.39636289062499996 0.8399764812500001 0.39379561875 0.8361715265624999 0.394366128125 0.7402860796875 0.44799354999999996 0.7319151171875 0.4474230546875 0.7239246625 0.44571154062499996 0.6461788921875 0.3804171375 0.640215134375 0.379533 0.6345076671875 0.3823855328125 0.6329856828125 0.38580855937499997
0 0.6337466843749999 0.362988371875 0.633366175 0.36669664687500003 0.6360296703125 0.370119675 0.7292516203125 0.44713779374999996 0.841498484375 0.3781067484375 0.8392154968750001 0.37211644375 0.8323665359374999 0.370119675 0.7395250609375 0.42346186250000006 0.7330566109375 0.4246028671875 0.724685646875 0.422891353125 0.6451616171875 0.35985059218750004 0.6421176296875 0.359280090625 0.6367906546875 0.36042110156249996 0.6337466843749999 0.362988371875
0 0.5044028484374999 0.5044737390625 0.6155082171874999 0.44000672500000004 0.6177912046875 0.43629844999999995 0.6151277078125 0.43144915624999997 0.6086592578125 0.42973764374999995 0.5131543203125 0.483365078125 0.5009783671875 0.48307981718750004 0.4283032984375 0.41975380781249994 0.4225958328125 0.418612803125 0.41791434218749995 0.41979277187499997 0.4149858703125 0.42203583125 0.41346388437500003 0.42574410625 0.5044028484374999 0.5044737390625
0 0.4187908421875 0.4077732125 0.506685834375 0.48250932031250005 0.6189326984375 0.4160455328125 0.6174106953125 0.4097699875 0.6105617343749999 0.40748796406250004 0.5238082359375 0.45740711093749997 0.5127738109375 0.4608301375 0.5025003703124999 0.458548128125 0.42868379062499995 0.396933634375 0.42069333750000004 0.39921564374999996 0.41841035 0.40178291406250005 0.4176493484375 0.4040649375 0.4187908421875 0.4077732125
0 0.42297632343749997 0.3823857671875 0.5123933015625 0.4608301375 0.6215961937500001 0.39436636406250003 0.620074190625 0.3866645515625 0.614747234375 0.3846677765625 0.6082787484375001 0.3869498 0.5188617875 0.43943621562499996 0.510110315625 0.4374394546875 0.4404792171875 0.3795332359375 0.43248876249999996 0.374113446875 0.42792278906250003 0.374969203125 0.4241178171875 0.3775364734375 0.42297632343749997 0.3823857671875
0 0.4241178171875 0.3589950703125 0.510490825 0.43487218437499997 0.621215684375 0.37439869375 0.623498671875 0.370119909375 0.6208351750000001 0.36412961250000003 0.611703228125 0.3644148671875 0.5245692546875 0.41347826249999997 0.5142958140625 0.41433401875 0.5078273281250001 0.4114815 0.43874348281250003 0.351741403125 0.43210827187499995 0.35186376875 0.42678129687500005 0.35386052968750004 0.4241178171875 0.3589950703125
0 0.240568165625 0.4725135046875 0.374883878125 0.4120400015625 0.3786888671875 0.40576445625 0.3752643875 0.40091516250000003 0.366132440625 0.3992036484375 0.26301752500000003 0.44741129375 0.2481781109375 0.4471260328125 0.24018765625 0.445129284375 0.181210509375 0.3746719609375 0.175503040625 0.374957209375 0.1678930796875 0.376668721875 0.1642553625 0.37956114531249996 0.2333386953125 0.4676641984375 0.23714368593750002 0.47137248749999994 0.240568165625 0.4725135046875
0 0.3836353515625 0.38009175 0.3828743328125 0.374957209375 0.37374238437499996 0.37181942968750004 0.36537145625 0.37438669999999996 0.261115046875 0.42202383593750004 0.2519831 0.42116807968750003 0.18691797500000001 0.35071076875 0.176644534375 0.350996015625 0.1720785609375 0.3555600484375 0.249319603125 0.4459850421875 0.3805913453125 0.3840852859375 0.3836353515625 0.38009175
0 0.38744030625 0.357842071875 0.3885818 0.350996015625 0.3824938578125 0.347287740625 0.376786390625 0.3481434984375 0.2774764640625 0.3983478921875 0.263398034375 0.39749213437500003 0.1987134015625 0.329316840625 0.19072294843749998 0.329316840625 0.1823520015625 0.331028353125 0.1808045421875 0.3346215625 0.2561685640625 0.41774505156249997 0.26263705000000004 0.42116807968750003 0.38744030625 0.357842071875
0 0.1853959734375 0.313057459375 0.2713884875 0.3983478921875 0.39809425625 0.333025121875 0.396572253125 0.3224707859375 0.38705983125 0.3204740171875 0.2854669171875 0.37524245624999997 0.274432459375 0.37438669999999996 0.26758349843749996 0.370963671875 0.20191901250000002 0.3080858078125 0.1960499234375 0.3084934203125 0.1895814546875 0.3099196875 0.1853959734375 0.313057459375
0 0.897872671875 0.655849303125 0.8900150328124999 0.6505476640625 0.883336109375 0.648191375 0.7721508203125 0.7106329125 0.7627216828125001 0.71151651875 0.7489708703125 0.7076875609375 0.6597869609375 0.6181487515625 0.6507506796875 0.6193269015625 0.6448574703125 0.6210941156249999 0.641281865625 0.6272384828125 0.7552569734375 0.7421482187499999 0.8970868859375001 0.66232908125 0.897872671875 0.655849303125
0 0.8974798140625 0.6296356375000001 0.8990513124999999 0.6249230734375 0.8915866031249999 0.6199159640625 0.88608625 0.6190323578125 0.7835443843750001 0.67793946875 0.770579321875 0.6811793640625 0.7587929 0.6802957562499999 0.752506796875 0.6761722546875 0.66371574375 0.5895788093750001 0.65389375 0.590462415625 0.648393396875 0.591640553125 0.6452503625 0.59870940625 0.7556498296874999 0.7082766234375 0.7603643984375 0.7100438359375 0.8974798140625 0.6296356375000001
0 0.7686148937499999 0.67911760625 0.9014085968750001 0.5942913734374999 0.8974798140625 0.5878115953124999 0.8884435343750001 0.58368809375 0.7874731671874999 0.64495149375 0.7760796390625 0.6496640578124999 0.760757290625 0.6470132375000001 0.6664659203125 0.5613033984375 0.6558581421875 0.5604197921875 0.6521826749999999 0.5669157578124999 0.6503578234375 0.5713176015625 0.7591857562500001 0.669103403125 0.7686148937499999 0.67911760625
0 0.7674362515625 0.6425952046875001 0.7780440296875 0.648191375 0.9053373812500001 0.559241646875 0.90376588125 0.5542345453124999 0.8959082437499999 0.5504055812499999 0.8876577484375 0.55187825625 0.7894375953125 0.6163815375 0.7733294625 0.6175596890625 0.7635074687500001 0.6131416562500001 0.6692160984375 0.53508973125 0.6613584593749999 0.53538426875 0.6560126890625 0.540400275 0.6546795000000001 0.543042190625 0.6578225328125 0.5471656890625 0.7674362515625 0.6425952046875001
0 0.458068684375 0.709805875 0.6085420203125 0.6411791046875 0.6105064109375 0.636171996875 0.6038274515625 0.62910314375 0.598719990625 0.6276304625 0.4906778078125 0.677406975 0.47731985000000005 0.6797632515625 0.467497821875 0.6806468578125 0.4576758265625 0.6765233687500001 0.3885287984375 0.5813883875 0.3810640703125 0.5819774640625 0.3747779859375 0.5825665265625 0.3725916375 0.58901199375 0.37084916562500003 0.5925807437499999 0.453354115625 0.7089222687500001 0.458068684375 0.709805875
0 0.6262216515625 0.6087801921875 0.6270074015625 0.6020058703125 0.624257225 0.59847144375 0.6152209796875 0.5952315625 0.4973567671875 0.650015171875 0.4875347375 0.652076915625 0.47574831562500003 0.6491315640625 0.403851146875 0.5604763609375001 0.40031522031250005 0.5590036921875 0.392064725 0.5590036921875 0.3861715140625 0.5613599671875 0.38499287187500003 0.5669561515625 0.46592632187499994 0.6726943984375 0.47260528281249997 0.681235946875 0.6262216515625 0.6087801921875
0 0.6336863609375001 0.571079640625 0.629757578125 0.565778 0.6215070828125 0.5651889390625 0.5103218296875001 0.6199725468749999 0.49853540937499996 0.620856153125 0.48517745312500005 0.619383471875 0.41053014218749995 0.53190641875 0.40542268124999997 0.53161188125 0.39717218593750003 0.5336736328125 0.3938040234375 0.5379696890625 0.48596323906250005 0.6497206265625 0.6313290765625 0.5790320999999999 0.6336863609375001 0.571079640625
0 0.3999223453125 0.506281828125 0.399136578125 0.5101107859375 0.48989202187499997 0.6143763625 0.4949994828125 0.619383471875 0.6356507890625 0.54633865625 0.6360436453125 0.541331553125 0.6317219703125 0.5366189828125 0.625043009375 0.5351463078124999 0.5201438609375 0.587573634375 0.507964546875 0.5890463171875 0.49971405156250004 0.5914025921875 0.49146355625 0.5861009515625 0.416784109375 0.5021737875000001 0.41013725 0.5018637953125 0.406994215625 0.5027474015625 0.3999223453125 0.506281828125
0 0.229946453125 0.628363775 0.23269659374999999 0.62924738125 0.374919434375 0.5423593906249999 0.3733479 0.5364686890625 0.36784758125 0.5338178625000001 0.3611685859375 0.5323451875 0.25744807812500003 0.5950812546875001 0.24644744218749998 0.59920475625 0.234661021875 0.6012665015625 0.2244460984375 0.59743754375 0.1517631796875 0.5179129437500001 0.14311979218749998 0.5190910875 0.134476440625 0.5205637640624999 0.1315953578125 0.526479646875 0.1305476203125 0.5288107609375 0.134869296875 0.5323451875 0.229946453125 0.628363775
0 0.24605454999999998 0.5971429984375 0.379634003125 0.5143785171874999 0.379634003125 0.509665946875 0.38002685937499997 0.5070151265625 0.375312290625 0.5034807 0.3682404390625 0.5034807 0.2609840046875 0.5682785265625 0.25430504531250003 0.5697511953125 0.2456616578125 0.5706348015625 0.23387523593749998 0.56562770625 0.15569199843749998 0.49258289062499994 0.1454770765625 0.49376102812499995 0.139583865625 0.4961173171875 0.137782303125 0.5004060890625001 0.234661021875 0.591252296875 0.24133998124999997 0.5962593921875 0.24605454999999998 0.5971429984375
0 0.35959708749999997 0.6101025671875 0.361561478125 0.604506396875 0.35802555156250004 0.5965539375 0.34977505781249996 0.59567033125 0.248411834375 0.650748484375 0.225624740625 0.66223536875 0.20873089375 0.6616462796875 0.12779744375 0.574463771875 0.116403915625 0.575641909375 0.1081534203125 0.5818271562499999 0.204802075 0.690805296875 0.20951664375 0.6934561171875 0.35959708749999997 0.6101025671875
0 0.36313301249999996 0.5777036546875001 0.3647045125 0.5715184078125 0.35723980312500003 0.5665113125000001 0.35056080624999997 0.56739491875 0.2370183046875 0.631309125 0.2264105265625 0.6330763375 0.2146241046875 0.6286583046875001 0.1352621890625 0.5473664984375 0.1305476203125 0.54707196875 0.12269001875 0.5485446359374999 0.1198106984375 0.5534370546875 0.2126596765625 0.6578173359374999 0.2201244234375 0.65958455 0.36313301249999996 0.5777036546875001