0 0.6659408390625 0.731219334375 0.6507604125 0.7493991703125 0.6346605171874999 0.7452750703125 0.56129225625 0.6593565546875 0.5510801812499999 0.6640967703125 0.6467576984375001 0.7823959640625 0.732780684375 0.6536305859375 0.7244972796875 0.6480486375 0.6659408390625 0.731219334375
0 0.6305212703125 0.7092731156250001 0.5484589859375 0.62756416875 0.5409607249999999 0.6375971890625001 0.6472646265625001 0.73930854375 0.724271678125 0.6082336328125 0.7162181734375 0.601764171875 0.6529693765625 0.70766724375 0.6305212703125 0.7092731156250001
0 0.5557732625 0.6156450171875 0.542387190625 0.61681368125 0.6504855078125 0.70151388125 0.71567053125 0.568330178125 0.7042108140625001 0.5655656171875 0.6519122234375 0.6678571875 0.6387101281249999 0.6709120265624999 0.5557732625 0.6156450171875
0 0.6277621890625 0.6681076375 0.6940970656250001 0.5434941281250001 0.68986518125 0.5387320484375 0.6844371046875 0.5410196640625 0.633190825 0.6400736593749999 0.6199887390625001 0.643128459375 0.535948053125 0.5765445359375 0.526747884375 0.5852220546875 0.6277621890625 0.6681076375
0 0.6199429359375 0.63300206875 0.6975476546875 0.5177120578125 0.6929017796875 0.511924384375 0.690095753125 0.5121251046874999 0.629741696875 0.6014899328125 0.619345578125 0.604343996875 0.5342029875 0.5371982109375 0.5263347390625001 0.5455770078125 0.6199429359375 0.63300206875
0 0.5300613953125 0.5161875546875 0.6099156328124999 0.6010089484375001 0.623761734375 0.59811911875 0.69198194375 0.5024936062500001 0.6905560953125 0.4975307640625 0.6827820250000001 0.4982979328125 0.62656831875 0.5721720359375 0.614562125 0.5810502734375 0.5360002265625 0.5072960328125 0.5300613953125 0.5161875546875
0 0.6107441812500001 0.5773137296875 0.6975024109375 0.481839303125 0.6909706421874999 0.47280999531249995 0.62702890625 0.544704509375 0.6160349296875001 0.5446468765625 0.6040289750000001 0.5406519640624999 0.5405593796875 0.46706040625 0.5354903359375001 0.4752804078125 0.6107441812500001 0.5773137296875
0 0.5396770265625 0.4441697890625 0.6081229859375 0.540781128125 0.699342878125 0.46208134999999995 0.6979630640625001 0.4543717703125 0.6910630328125 0.45444330781250003 0.6251435625 0.5157165531250001 0.6132755515625 0.5163545328125 0.6014535828125 0.51424575625 0.5484998859375 0.437351753125 0.5396770265625 0.4441697890625
0 0.5517657609375 0.4065738078125 0.612318015625 0.506871709375 0.706664059375 0.4330440359375 0.707452821875 0.42770724062500004 0.7029981359375 0.42528794375 0.62790589375 0.48317039062499995 0.6169075890625 0.483761628125 0.6090639171875 0.48090027968750004 0.557986553125 0.4026967359375 0.5517657609375 0.4065738078125
0 0.6156223203125 0.482580259375 0.7130310265625 0.41635417031250005 0.7072976765625001 0.406790284375 0.6310758171875 0.46054879531250004 0.6240846578125 0.46046221562499995 0.616155734375 0.4567269125 0.5680317109375 0.3758534359375 0.5592903437500001 0.38080701875 0.6156223203125 0.482580259375
0 0.34158996406250003 0.6102883984374999 0.4248313453125 0.713033565625 0.5208710328125 0.5977260515625 0.5195230296875 0.5899265781249999 0.512839465625 0.58764115 0.44069480937499994 0.680973128125 0.427356278125 0.6827169390625001 0.41596841093750003 0.6803732203124999 0.34636465625 0.599097671875 0.34158996406250003 0.6102883984374999
0 0.420673440625 0.6483214859374999 0.409457746875 0.6437283203125 0.3400705 0.5726283999999999 0.33172296874999996 0.581384646875 0.41832065937499996 0.6763886109375 0.510459225 0.561228596875 0.5045099468750001 0.5518245609375 0.43151648125 0.643071421875 0.420673440625 0.6483214859374999
0 0.34078821718749996 0.5458626093750001 0.33900891718750004 0.5447157 0.32905585625 0.556045409375 0.4183500890625 0.6425657765625 0.4256648171875 0.6392789265625 0.5055548890625 0.5249951421875 0.504063446875 0.5177323421875 0.497867465625 0.5184387765625 0.43140247656249997 0.6097852328125 0.4191825359375 0.616976146875 0.40650391875 0.6114348546875 0.34078821718749996 0.5458626093750001
0 0.343370609375 0.512120321875 0.33473620312499996 0.5219498812500001 0.417547659375 0.61024999375 0.42348544062500004 0.6089040328124999 0.5060717171875 0.5021916578125001 0.5038918 0.49589930156250006 0.5000193921875 0.49433396875 0.43120230312499996 0.5816375421875 0.4221377796875 0.58504955625 0.4106352109375 0.58152970625 0.343370609375 0.512120321875
0 0.338454765625 0.48174857343750005 0.33033259375 0.48865926406250004 0.4061165 0.5631178953125 0.42054491250000003 0.568534021875 0.5004345984375 0.4703052578125 0.4989431546875 0.46304245625 0.4920874484375 0.46300650781249997 0.42656924687500003 0.545994546875 0.41578367656250004 0.547818903125 0.401469984375 0.5435789890625 0.338454765625 0.48174857343750005
0 0.40287617343750004 0.5158427515625 0.34504875468749996 0.4528645578125 0.34353613437499997 0.4555103984375 0.338078165625 0.4596799390625 0.413661025 0.546128396875 0.42327054375 0.5422825984374999 0.4987426421875 0.45094976875 0.5000622796874999 0.444407046875 0.49593171406250003 0.442202171875 0.43012679218749994 0.51823600625 0.4214351578125 0.5234637296875 0.41435003281249994 0.5210754390625 0.40287617343750004 0.5158427515625
0 0.3407465390625 0.4288266421875 0.40901466875 0.5185619453125 0.5061151781250001 0.4281822296875 0.5051400187499999 0.42219848281249994 0.50115285 0.4194569515625 0.42195217031250004 0.492632759375 0.411137846875 0.49616996406249997 0.40270471875 0.48598220000000003 0.34508847343750004 0.4232045234375 0.3407465390625 0.4288266421875
0 0.353856184375 0.40064797187499995 0.3537421390625 0.400463275 0.3482912125 0.4038096453125 0.407437590625 0.4923551265625 0.41819444843750003 0.49224360625 0.507549696875 0.41478817812499996 0.5060869625 0.40581254375000003 0.5027308406250001 0.4055262625 0.4247063640625 0.47269599375000004 0.4144945328125 0.4723737640625 0.40376638593749997 0.4707724515625 0.353856184375 0.40064797187499995
0 0.42740344375 0.44012988281250004 0.42135093125 0.44029967968749995 0.4125160109375 0.438036553125 0.365158921875 0.3599651265625 0.3593358265625 0.3624872671875 0.4156707375 0.4663676875 0.5103613484375 0.39142575156250003 0.5052990562499999 0.38506664375 0.42740344375 0.44012988281250004
0 0.5215775734375 0.37193640625 0.5145120515625 0.365050525 0.44177530625 0.4088341625 0.42869490624999995 0.41121748281250003 0.4208066171875 0.40862345468749994 0.38561185937500003 0.33481426875000003 0.37961676875 0.3315583953125 0.37468285 0.3371752953125 0.4230147125 0.43728549218749996 0.522294603125 0.3772806453125 0.5215775734375 0.37193640625
0 0.055046298437499995 0.377893925 0.04392735625 0.3706875875 0.023135275 0.29290758437500003 0.01618560625 0.3036570234375 0.03940283125 0.39676694375 0.165693278125 0.3299695625 0.1683641796875 0.323027015625 0.16380636875000001 0.319766740625 0.055046298437499995 0.377893925
0 0.027005378125 0.283003596875 0.0556732609375 0.370972565625 0.177167125 0.3083941671875 0.17662220625 0.30280692343750004 0.17643151875000002 0.29894471718750004 0.07491412187499999 0.35084195937499996 0.0628139578125 0.3488319609375 0.052158590625 0.329214753125 0.033480528125 0.2741181515625 0.027005378125 0.283003596875
0 0.1967079890625 0.2779898609375 0.086442375 0.333638640625 0.053683635937499995 0.2580344671875 0.046109940625 0.2633828609375 0.0762768671875 0.3457433765625 0.19913329375 0.2856930890625 0.1967079890625 0.2779898609375
0 0.205292790625 0.2687488140625 0.10949856093749999 0.31448538125000003 0.1014590390625 0.3140603015625 0.073608459375 0.2382855625 0.0671390015625 0.24431054218749998 0.091511490625 0.3283999296875 0.2062192546875 0.27443380781250004 0.205292790625 0.2687488140625
0 0.25847629843750003 0.6295590078125 0.24898548437499998 0.6390678078125 0.23587774218750002 0.6416801390625 0.1650312703125 0.5817425375 0.1551091046875 0.5891508546875001 0.2430448734375 0.66872256875 0.3369251578125 0.5421947390625 0.331053103125 0.5375833250000001 0.25847629843750003 0.6295590078125
0 0.326673859375 0.506593509375 0.3267716234375 0.507754 0.26730400468750004 0.594673765625 0.25330015625 0.604353225 0.2397278703125 0.6068465578125 0.16410275624999998 0.5536448296875001 0.15763174687499998 0.559283846875 0.2488859890625 0.6357256312499999 0.33506746875000004 0.5138590203125 0.326673859375 0.506593509375
0 0.15896432968750002 0.5293432421875 0.1530196609375 0.5375391796875 0.24228312812500002 0.602857775 0.2516410453125 0.6012748890624999 0.3283981453125 0.48495408749999996 0.32617497968750003 0.4784146359375 0.31993636406250003 0.47946991250000004 0.25469449375000003 0.5768505312500001 0.245336578125 0.5784334171875 0.2324280296875 0.5784434328125 0.15896432968750002 0.5293432421875
0 0.153355559375 0.49915209374999997 0.23604832656250002 0.5760541671875 0.3291319390625 0.459935534375 0.327539253125 0.45289423749999996 0.321002034375 0.4532096734375 0.2523424296875 0.5410915046875 0.23774128437500003 0.5492912609375 0.2246005421875 0.5445985296875 0.1588957078125 0.4934840140625 0.153355559375 0.49915209374999997
0 0.1578361609375 0.46381669218750005 0.23170186250000002 0.5477442203125 0.3279708 0.44570817187499995 0.327473221875 0.43828407187499996 0.32136733125 0.44069998593750004 0.2446442421875 0.5178930234375 0.2320010859375 0.520624359375 0.22181372187499998 0.5160248078125 0.16606936875 0.455497540625 0.1578361609375 0.46381669218750005
0 0.16789168906250002 0.4299093171875 0.2278863984375 0.515590375 0.32916576875 0.4300943515625 0.327440403125 0.421692425 0.3232592453125 0.42062139375 0.246038578125 0.4903903328125 0.2360501859375 0.4924750359375 0.22649329687500003 0.48737366406250004 0.17478619374999999 0.42288436875 0.16789168906250002 0.4299093171875
0 0.339088359375 0.40411288125 0.3375621359375 0.393108659375 0.238605840625 0.46991312343749997 0.1838871265625 0.394206859375 0.18509623125000002 0.3926705109375 0.1785776875 0.39550015 0.2360501859375 0.4924750359375 0.339088359375 0.40411288125
0 0.19115498749999998 0.36887206250000004 0.2381414671875 0.46050757343750004 0.3410465625 0.3893579203125 0.343037765625 0.3819080203125 0.338392021875 0.3807179796875 0.25436891093749997 0.4387944765625 0.2448120296875 0.433693075 0.23296554687499998 0.426015215625 0.200087015625 0.36166445625 0.19115498749999998 0.36887206250000004
0 0.21378248437499997 0.338291409375 0.206851596875 0.341716340625 0.242455965625 0.43507954375 0.2516146875 0.4360989734375 0.3553824875 0.3691502875 0.3543870671875 0.363588653125 0.3530930296875 0.35728720625 0.2633291125 0.41455647500000004 0.254933584375 0.4143958921875 0.2452440203125 0.4079338625 0.21378248437499997 0.338291409375
0 0.220225571875 0.3046790578125 0.25440296406249996 0.3996667203125 0.364541834375 0.3423099875 0.36656629218750003 0.3328786171875 0.359730371875 0.33245421875000003 0.2771344171875 0.37961966875 0.2657855203125 0.3793658796875 0.255399184375 0.3680820703125 0.2288733671875 0.30133738593750004 0.220225571875 0.3046790578125
0 0.928746546875 0.621701884375 0.8966144093749999 0.7102192031250001 0.88511373125 0.7403758781249999 0.8736136218749999 0.7447861546875 0.7687350234375 0.673783959375 0.7625708359375001 0.6814001562499999 0.886953046875 0.7721105546875 0.8941291390625 0.7684316578125 0.9397181734375 0.6339064015625 0.928746546875 0.621701884375
0 0.867772459375 0.7074287359375 0.7553037781249999 0.6390798453125 0.75401549375 0.6516230937499999 0.8766957046874999 0.74097809375 0.8845618562500001 0.734717409375 0.9275291593749999 0.5894058359375001 0.919292965625 0.5875376125 0.8772484453124999 0.708017028125 0.867772459375 0.7074287359375
0 0.74150486875 0.5877302890625 0.73478856875 0.6025611671875 0.8593546812499999 0.6951577624999999 0.9131317875 0.560890890625 0.8981819203124999 0.552463821875 0.8544793953125 0.6644843671875 0.8421973843749999 0.6640967953125 0.74150486875 0.5877302890625
0 0.8256376968750001 0.6488207125 0.7281194140625 0.5631526078125 0.71993109375 0.5757674125000001 0.8357573921875 0.6624471468750001 0.8932138890625 0.55303023125 0.8811944703125001 0.5446556328125001 0.8359419125 0.6385869984375 0.8256376968750001 0.6488207125
0 0.8130798640625001 0.6391673328125 0.8223719265625 0.6378695046875 0.883324209375 0.5385432140625 0.87417033125 0.5316007875000001 0.823844434375 0.614339240625 0.8105963062500001 0.6201407984375 0.7201578875 0.5406681328125 0.7130316734375 0.550092621875 0.8130798640625001 0.6391673328125
0 0.8064104640625 0.612631959375 0.8822668078125 0.5116063468750001 0.8757349703124999 0.5025770640625 0.8174971281250001 0.581449771875 0.809033059375 0.5847987421874999 0.80153511875 0.5819585484375 0.722714984375 0.5040600140625 0.71473450625 0.512828603125 0.8064104640625 0.612631959375
0 0.7209227281249999 0.47599859375 0.7132170624999999 0.4876129390625 0.7989591078125 0.5812986859375 0.808527225 0.5763935171875 0.8770690453125001 0.5001602453125 0.8726992265625 0.49076523281249995 0.8688352421875001 0.48977544687499996 0.8090797171874999 0.5563056390625001 0.79974160625 0.5603502640625 0.7926575953125 0.5585356453125 0.7209227281249999 0.47599859375
0 0.7229958234375 0.44892731093749993 0.718461709375 0.45769282968749997 0.7873677609375 0.55258301875 0.7983617375 0.5526406515625 0.82610029375 0.5312410625 0.87150339375 0.4849418109375 0.869893509375 0.47809278125 0.8621195 0.478859965625 0.806826115625 0.53641850625 0.788886059375 0.5391791859375 0.7229958234375 0.44892731093749993
0 0.8646497078125 0.46939343593749994 0.859681971875 0.45708671093750003 0.7954186828124999 0.509589 0.780376746875 0.5066554062499999 0.72375734375 0.422900171875 0.7142303812499999 0.4271843859375 0.781894190625 0.53187106875 0.8646497078125 0.46939343593749994