0 0.1603316171875 0.51717996875 0.154426609375 0.54624949375 0.3449084265625 0.81198954375 0.3962947078125 0.8674126828125001 0.63521685625 0.40754407343750004 0.6108801578125 0.395351484375 0.42105430000000005 0.7657141296875001 0.3999733109375 0.7933397609374999 0.3605696828125 0.786604665625 0.1603316171875 0.51717996875
0 0.16016381562499998 0.46180621874999994 0.3491262234375 0.708106878125 0.41270841718750007 0.774567490625 0.64122486875 0.3210592609375 0.632442796875 0.3023070796875 0.6140698609374999 0.3095173296875 0.42283605625 0.6930686406250001 0.38197056093750004 0.70250318125 0.176964628125 0.45100088281249995 0.166666771875 0.4513993140625 0.16016381562499998 0.46180621874999994
0 0.1784767875 0.39326026718749996 0.1691003953125 0.3944354671875 0.1610265265625 0.414110625 0.38381107187499997 0.67833005625 0.4077691234375 0.69852613125 0.634877628125 0.25820656875000003 0.61997124375 0.241857803125 0.60381988125 0.2426181109375 0.41870797031249996 0.5980393328125 0.39952261875 0.6113742 0.376759253125 0.615640028125 0.336919434375 0.5812993890625 0.1784767875 0.39326026718749996
0 0.3660730828125 0.521135265625 0.3369133921875 0.5169827140625001 0.15597818593749999 0.3311678828125 0.1434048375 0.34099723125 0.14687501249999999 0.3560282171875 0.3740475734375 0.5974654015625 0.3838577390625 0.5981690734375 0.5932451765625 0.1807414046875 0.5871184484375 0.15741815312500002 0.563161603125 0.15008541250000001 0.397668815625 0.494050640625 0.3660730828125 0.521135265625
0 0.8990217171875001 0.6707828874999999 0.8675192265625 0.7332638140625 0.8600987078125 0.7371979890625 0.7997362828125001 0.6870417 0.7994070093750001 0.6969536296875 0.86779895625 0.750967328125 0.9039751375 0.6747158984375 0.8990217171875001 0.6707828874999999
0 0.8971609078125 0.65756913125 0.8930589265625001 0.6521703999999999 0.889739615625 0.6532540109375 0.8618868718750001 0.717113340625 0.8545355109375 0.7172240984375 0.7942080515625001 0.6692807515625 0.7929055390624999 0.67910008125 0.8622184687500001 0.7319492921874999 0.8971609078125 0.65756913125
0 0.8999074968749999 0.8498457609375001 0.8465556828125 0.8723161953125 0.8384566171875001 0.86815755 0.8044385015625 0.7919300953125 0.7982690140625001 0.7930371453125 0.8383017890625 0.8850095265625001 0.9031753281249999 0.8557543578125 0.8999074968749999 0.8498457609375001
0 0.9091342421874999 0.8331203781250001 0.8584766125 0.8600454093750001 0.850429803125 0.8571438499999999 0.8119104984375 0.7810037140625 0.8077051687499999 0.7854647515625001 0.8494231453125 0.8713369 0.9135316937500001 0.8387681828125 0.9091342421874999 0.8331203781250001
0 0.9190391468750001 0.8203631671875 0.9161536187499999 0.814049021875 0.8667827609375 0.8486091609375 0.8587882078125 0.8469646890625 0.816341365625 0.7723658703125 0.8121706156249999 0.7749151999999999 0.8128141953125001 0.78079508125 0.858042053125 0.8591938734375001 0.9190391468750001 0.8203631671875
0 0.92333015 0.8028735687499999 0.91863723125 0.7969766921875 0.8691799250000001 0.8363161 0.860524503125 0.8297476015624999 0.8198685375 0.7639366609375 0.8164101359375 0.764417809375 0.8157154625 0.769654784375 0.8639498765625 0.8476767484375 0.92333015 0.8028735687499999
0 0.78216043125 0.8129377609375 0.7279257015625 0.8717827937499999 0.720539759375 0.8738052609375 0.7011245046875 0.8443378750000001 0.693738565625 0.846360340625 0.7207672359374999 0.8902516874999999 0.7862973796875 0.8205494312500001 0.78216043125 0.8129377609375
0 0.7278549921875 0.8591076234375 0.713289809375 0.8434330171875001 0.7044265281250001 0.8442101171875 0.724450009375 0.87321979375 0.786695809375 0.8068140890625 0.7842271625 0.7981826875 0.7278549921875 0.8591076234375
0 0.9861996046874999 0.80807914375 0.9863224390625 0.8010420421875001 0.9629182890625 0.786753603125 0.961076321875 0.7890825796875001 0.9633186578125 0.79364149375 0.9861996046874999 0.80807914375
0 0.904776646875 0.696740971875 0.9002239812499999 0.7038204984374999 0.9631407281250001 0.7495796265625 0.9881065734375 0.6988290078125 0.988349640625 0.6849037046875 0.9881605859375 0.6847878828125 0.9624272156250001 0.73927386875 0.9575610140625 0.7388108843750001 0.904776646875 0.696740971875
0 0.9543545953124999 0.7101109250000001 0.9780657312500001 0.6657808859375 0.9739958890624999 0.6620236187499999 0.9491035109375 0.704704921875 0.9414322953125 0.7047680093750001 0.9021617640624999 0.6803157843750001 0.9016829656249999 0.687258128125 0.9466606343749999 0.71701106875 0.9543545953124999 0.7101109250000001