0 0.3267962953125 0.8280767499999999 0.6629916 0.4338003921875 0.6420245812500001 0.41644837656249994 0.3737913390625 0.734568665625 0.3470403140625 0.7567406859375 0.31016728125 0.741316671875 0.17568915937500001 0.4338003921875 0.1633981484375 0.4607924171875 0.28920026249999997 0.7625246906250001 0.3267962953125 0.8280767499999999
0 0.68395861875 0.3306523 0.6644376015625 0.33354430156250003 0.3918663546875 0.6641966015625 0.3499323171875 0.6641966015625 0.20677818750000002 0.3730683375 0.196656178125 0.3711403359375 0.1879801703125 0.37981634375 0.31667428750000004 0.6622686 0.3636693296875 0.741316671875 0.6882966234375 0.35089631718750003 0.68395861875 0.3306523
0 0.6854046203124999 0.26895624375 0.66949860625 0.266064240625 0.4092183703125 0.5706885171875 0.3875283515625 0.579364525 0.3643923296875 0.5784005234375 0.3333033015625 0.5359844859375 0.2212382 0.31715628749999997 0.21183919218749997 0.31619228593750004 0.19954818125 0.33354430156250003 0.3571623234375 0.6410605796875 0.375960340625 0.666124603125 0.6962496296875 0.2882362609375 0.6854046203124999 0.26895624375
0 0.36583833125 0.5600845078125001 0.3752373390625 0.562976509375 0.673113609375 0.203404184375 0.6723906093750001 0.1793041625 0.6507005890625 0.1667721515625 0.41211037343749995 0.46464842031250003 0.3752373390625 0.48392843750000003 0.347763315625 0.47332442812500003 0.21328519375 0.251604228125 0.1988251796875 0.258352234375 0.1988251796875 0.27377624843750004 0.36583833125 0.5600845078125001
0 0.8160457624999999 0.803372325 0.807931671875 0.8055360828125 0.7604062796875 0.7430962171875 0.7578561359375 0.7526785734375 0.8123364640625 0.8206823875 0.8647303109375001 0.7545332234375 0.86078918125 0.749587490625 0.8160457624999999 0.803372325
0 0.8556888953125 0.7304227796875 0.8141911140625 0.786371371875 0.8070043468750001 0.7848258296874999 0.7590152921875 0.7245497234375 0.755537825 0.7338229703125 0.8111773078125 0.800899459375 0.8619483375 0.7362958359375 0.8591663625000001 0.730113671875 0.8556888953125 0.7304227796875
0 0.764347409375 0.9341251125 0.7573924734374999 0.9282520546875 0.741396121875 0.846338371875 0.7351366796875001 0.8460292624999999 0.75345134375 0.9446347921875 0.8232325296875 0.930724921875 0.8213778796875 0.9242336484375 0.764347409375 0.9341251125
0 0.7787209421875 0.9248518640625001 0.7715341765625 0.920215240625 0.75113303125 0.8373742328124999 0.7460327453125 0.8407744234375001 0.7673612140625 0.933816003125 0.8371424 0.9165059421875 0.8341285953125 0.91001466875 0.7787209421875 0.9248518640625001
0 0.7893851765625 0.9155786171875 0.7819665796875 0.9121784265624999 0.7573924734374999 0.829955634375 0.75275585 0.831501175 0.75206035625 0.8373742328124999 0.7784891109375 0.923924540625 0.8466474796875 0.899814096875 0.8452564921875 0.893013715625 0.7893851765625 0.9155786171875
0 0.7944854625 0.9041416124999999 0.787530528125 0.8957956906250001 0.762724590625 0.8225370359375 0.7592471234375 0.822227928125 0.7573924734374999 0.8271736593749999 0.786835034375 0.9140330765625 0.8547615703125 0.8837404687499999 0.851515934375 0.8769400875000001 0.7944854625 0.9041416124999999
0 0.6488954812500001 0.9069235875 0.6412450515625 0.9072326953125 0.6289579984375 0.8741581125 0.6213075703125 0.874467221875 0.6377675843749999 0.9233063234375001 0.7172856796875 0.87013970625 0.7149673671875 0.8617937828125 0.6488954812500001 0.9069235875
0 0.6516774546875 0.8945592578125 0.6410132203125001 0.8760127625 0.6322036359375 0.8747763296875 0.6451861812499999 0.9075418031250001 0.720763146875 0.8568480515625 0.720299484375 0.8478839125000001 0.6516774546875 0.8945592578125
0 0.9697498375 0.8821949265625 0.9660405390625 0.8775583031249999 0.9454075625 0.9251609734375 0.939148121875 0.9279429468749999 0.90251879375 0.891159065625 0.8997368203124999 0.8961047984375 0.9423937578125001 0.9437074671874999 0.9479577062500001 0.9378344109375 0.9697498375 0.8821949265625
0 0.939611784375 0.9279429468749999 0.9651132140625001 0.8685941640625 0.9588537718750001 0.8636484328125 0.9414664328125 0.9097055609375 0.934511496875 0.91372396875 0.8969548453125 0.8769400875000001 0.8946365343749999 0.8787947359375 0.8957956906250001 0.8837404687499999 0.939611784375 0.9279429468749999
0 0.8545297390625001 0.78204385625 0.9055326000000001 0.8407744234375001 0.94888503125 0.7876078046874999 0.9444802390625 0.7832802890624999 0.90715541875 0.8305738500000001 0.90251879375 0.829028309375 0.86055735 0.7761707999999999 0.8545297390625001 0.78204385625
0 0.9753137859375001 0.8945592578125 0.9695180062500001 0.891159065625 0.9479577062500001 0.9455621171875 0.9430892515625 0.944325684375 0.9076190796875 0.9081600203125 0.90622809375 0.91186931875 0.94888503125 0.9600902046875 0.959317434375 0.94092549375 0.9753137859375001 0.8945592578125
0 0.93580075 0.7579169718750001 0.9019503140625 0.7938993078125 0.8944626609374999 0.7922353859375 0.8617041750000001 0.7595808953125001 0.85967626875 0.7662365875 0.8968025531249999 0.8053387796875 0.9058501343750001 0.8003470109374999 0.93892060625 0.7624927593749999 0.93580075 0.7579169718750001