0 0.029211173437499998 0.5099410796875 0.20076161093749997 0.58245499375 0.32808806874999996 0.4382146859375 0.320455165625 0.42991601562500004 0.312518459375 0.427601 0.3047278484375 0.43116428593749995 0.2074295453125 0.5422883453125 0.193198028125 0.549098859375 0.043415825000000005 0.4902684421875 0.03159915 0.49999142812499997 0.029211173437499998 0.5099410796875
0 0.18429999531250002 0.5466611609375 0.19853532499999998 0.547501240625 0.31968620625 0.40540264375 0.313606815625 0.3953490109375 0.30270536875 0.394771628125 0.19137935781249998 0.5112672953125 0.181031621875 0.5136904046875 0.036136809375 0.453367721875 0.0304726609375 0.45573746875000004 0.025077656250000004 0.4646522953125 0.026658031250000002 0.47575945312499995 0.18429999531250002 0.5466611609375
0 0.3473180703125 0.529703025 0.34097335 0.520754909375 0.3294797171875 0.5220551718750001 0.24060268125 0.6228601609375 0.23027799531249998 0.630494796875 0.12372082656250001 0.58971384375 0.0989070921875 0.57987365625 0.0915048609375 0.5829982015625 0.08942449999999999 0.59461479375 0.23409627031250002 0.6588154484375 0.3473180703125 0.529703025
0 0.33404805312499997 0.4959441796875 0.32376184218750004 0.4987006765625 0.23809564062500002 0.5991015859375 0.2239448859375 0.60380641875 0.0988533671875 0.5541494140625 0.089201628125 0.5578007234375 0.087898021875 0.5685398328125 0.229255146875 0.6300387234375 0.3460569234375 0.5025225484375 0.33404805312499997 0.4959441796875
0 0.11143103125 0.6350226984375 0.26088638125 0.6946252421875 0.27041507343750004 0.690307159375 0.372735428125 0.5606173531249999 0.3651640515625 0.5526520703125 0.352789853125 0.5517239671875 0.34479543437500004 0.5567261593749999 0.26307835 0.66072364375 0.25463403281249997 0.6658311890624999 0.226017278125 0.6582727265625 0.12089057343750001 0.6150700359375 0.11246930468750001 0.6253891046875 0.11143103125 0.6350226984375
0 0.39335378125 0.606219453125 0.39003532500000004 0.5958670921875 0.37710741406250003 0.5919384984375 0.3662520671875 0.6017841671874999 0.28089348125 0.7038520171875 0.2658006375 0.705995096875 0.141382065625 0.6523547656249999 0.13187642187499998 0.6618843765625 0.1335375578125 0.6708858546875 0.276348196875 0.7351745328125 0.39335378125 0.606219453125
0 0.1509911765625 0.7273150875 0.152221646875 0.7339828484375001 0.289333475 0.8131700078125 0.37468426093749996 0.7364930125 0.42237399531250003 0.684633596875 0.41572165781250003 0.6740185390625 0.404062690625 0.67187956875 0.29322505312499997 0.7833917484375 0.285126825 0.78528809375 0.25994395 0.773447578125 0.20988200468749998 0.7437828921875 0.16542649843749999 0.7190656671875 0.1545673390625 0.721260740625 0.1509911765625 0.7273150875
0 0.1481995671875 0.7071010984375 0.1487109921875 0.707329134375 0.28457311406249997 0.7822876015625 0.2989469125 0.7737047921875 0.4118687234375 0.6582266203125 0.41202643125 0.6463646625 0.402882303125 0.6425934125 0.3913079109375 0.6459993546875 0.2912256234375 0.7522106140625 0.28376186875 0.7550017718750001 0.163061740625 0.6935348015625 0.15420599375 0.6938695578125 0.1503837375 0.698590353125 0.1481995671875 0.7071010984375
0 0.3934728453125 0.6399276781250001 0.52498984375 0.69642711875 0.53369949375 0.6902140578125 0.5335688203125 0.6742460921875 0.389493053125 0.6158183859374999 0.28614221875 0.72975093125 0.271241571875 0.74819536875 0.2838233921875 0.7553351593750001 0.30032365156249996 0.7455588140625 0.3934728453125 0.6399276781250001
0 0.377557315625 0.591833146875 0.400321534375 0.593110596875 0.5135272296875 0.636856009375 0.523482775 0.627221046875 0.514069503125 0.6169047171875001 0.371797153125 0.56570619375 0.2646086421875 0.6944492 0.267477196875 0.7049069125 0.28089348125 0.7038520171875 0.377557315625 0.591833146875
0 0.3527283296875 0.5513905796875 0.372235615625 0.5426490562499999 0.389231875 0.5431904109375 0.5051562171875 0.5838646390625 0.509382275 0.568615440625 0.36422594531249997 0.51704886875 0.2583256140625 0.6451424265625 0.2638512921875 0.6521955671875 0.270599815625 0.6506152796875 0.3527283296875 0.5513905796875
0 0.4084386578125 0.67015926875 0.41705212343750003 0.676141553125 0.4377744578125 0.6841574546875 0.56190465 0.7336917781250001 0.6608911234375 0.6037392734375 0.6586570390625 0.5941763734375 0.64816320625 0.5907211796875 0.629132684375 0.6122194703125 0.556736671875 0.70568718125 0.5302271421875 0.6993742484375 0.4206821828125 0.6551194046875 0.410111403125 0.6614204875 0.4084386578125 0.67015926875
0 0.3924539796875 0.6064301578125 0.5406019109375 0.6691212171875 0.5543220015625 0.6620826671875 0.638607821875 0.5414851015625 0.6373965875 0.5323782718750001 0.625614575 0.5295725250000001 0.545658621875 0.6380267374999999 0.5322231015625001 0.6415206999999999 0.4017327640625 0.5931279265625 0.39457662656250003 0.597586025 0.3924539796875 0.6064301578125
0 0.3827178359375 0.5638445109375 0.533192225 0.61625253125 0.6275566343750001 0.4866867765625 0.6212542015625 0.48051111874999997 0.609841328125 0.4797056984375 0.5312312671874999 0.580193259375 0.52309456875 0.58696774375 0.5001650140625 0.5822510609375 0.38788217187499996 0.54350646875 0.3800530875 0.5519478906249999 0.3827178359375 0.5638445109375
0 0.334575415625 0.364006421875 0.3280114640625 0.3665868734375 0.3219435125 0.3794850265625 0.3349367578125 0.39139760468749996 0.5068102375 0.455488796875 0.626649890625 0.3088281203125 0.6225546765625001 0.2993532421875 0.6048624203124999 0.2975836890625 0.50897915625 0.416375671875 0.4961588703125 0.42320351718750004 0.4654771796875 0.417171984375 0.3640534984375 0.3762323171875 0.334575415625 0.364006421875
0 0.3192058015625 0.3443032359375 0.490694715625 0.41648376562499995 0.5031073875 0.4125337296875 0.6191285953125 0.27824443906249996 0.6145219562500001 0.268541528125 0.5987138796875 0.2718954796875 0.49581295000000003 0.385722671875 0.48411550937500003 0.3884618390625 0.4578097890625 0.3807100015625 0.3361136734375 0.33164908125000003 0.32390480781250003 0.3341602125 0.3192058015625 0.3443032359375
0 0.3490604796875 0.41452269375000006 0.35021019062500003 0.423296134375 0.5368111875 0.4908945125 0.6511251578125 0.33718069375000004 0.6469299484375 0.33225056406250003 0.634655746875 0.3267777125 0.6265575203125 0.328674059375 0.53791496875 0.448552859375 0.52660971875 0.45850387968749995 0.50912126875 0.455295421875 0.3608156296875 0.40446631875000005 0.3490604796875 0.41452269375000006
0 0.364610509375 0.508959534375 0.5152694671875 0.56236771875 0.6066921890625 0.439751125 0.6019432671875 0.43182050156249996 0.59470255625 0.4307336859375 0.5880578421875 0.43541981874999997 0.5122702375 0.5359420421875 0.5015533640625 0.536364821875 0.374727575 0.49511320937500003 0.3662024953125 0.502326434375 0.364610509375 0.508959534375
0 0.567180590625 0.6910687265625 0.6393613578124999 0.5760881375 0.65333135625 0.5780337328125 0.7801956156250001 0.6144072078125 0.787536325 0.6109492750000001 0.79029344375 0.602999953125 0.62855228125 0.5556648140625 0.5453123609375 0.681929978125 0.5539488765625 0.6931237875 0.567180590625 0.6910687265625
0 0.6442873953125 0.5290256890625 0.7710093734375 0.56717145625 0.7738857265625 0.552238315625 0.6200582203125 0.50200666875 0.52937378125 0.6286239203124999 0.5372527765624999 0.6382561421874999 0.546700709375 0.6360437390625 0.6294791171874999 0.5276241859375 0.6442873953125 0.5290256890625
0 0.5328463046875 0.578771684375 0.6095337109375001 0.47803875937500007 0.7423735546875 0.521360021875 0.7518407234375 0.5167085484375 0.7496066390625 0.507145646875 0.6138212921874999 0.4631229484375 0.599216825 0.460282540625 0.5116163593749999 0.578178340625 0.5217641015625001 0.5848447328125 0.5328463046875 0.578771684375
0 0.7987375921875 0.6385844515625 0.8710145421875 0.5114085171875 0.865938765625 0.5042500249999999 0.85965938125 0.5032858906250001 0.78988964375 0.6135283578124999 0.7777615390625 0.61393380625 0.651674034375 0.57668285 0.63891145625 0.5761934890625 0.6393074609375 0.5910559390625 0.6649594750000001 0.6003520328125 0.7987375921875 0.6385844515625
0 0.898813278125 0.27291974375 0.8035799109375 0.3825168734375 0.7956239671875001 0.38264092656250004 0.7687452953125 0.37432766875 0.656970065625 0.3281605171875 0.645453384375 0.3242492515625 0.64871031875 0.33426822343749996 0.64765280625 0.3463408859375 0.8031452625 0.41322460625 0.9162017296875 0.2806729484375 0.9153404 0.27600551875 0.9076075015624999 0.2722515953125 0.898813278125 0.27291974375
0 0.6284264453125 0.303195184375 0.63221404375 0.311003121875 0.6602001359375 0.3253173671875 0.791840184375 0.38248358437499996 0.9037545687499999 0.256459675 0.8985134578125 0.24586195000000002 0.8855470734375 0.24681149375000003 0.796608515625 0.34728309375 0.7841766046875 0.35367219687499996 0.7632504640625 0.3470952 0.658162234375 0.299014371875 0.638997225 0.2968941 0.6284264453125 0.303195184375
0 0.805375190625 0.49652099843749997 0.899966459375 0.37072786562500004 0.8982245640625001 0.36383206874999996 0.8830279093750001 0.3628693078125 0.8780789921875 0.36402818593749997 0.8102858046874999 0.45954821562500003 0.79951121875 0.467288203125 0.778627365625 0.46348366093750004 0.6630298765625 0.42203730312500004 0.6512709140624999 0.4244430828125 0.648636840625 0.43305918125 0.805375190625 0.49652099843749997
0 0.6278645953125 0.40696963124999996 0.7839877093750001 0.46709756875 0.7910630859375 0.46474515156249996 0.8797056390625 0.3448663515625 0.877206221875 0.33640896875 0.868923425 0.33730515 0.783564840625 0.4393729984375 0.7665493437500001 0.441270715625 0.6459183656249999 0.39543832343749996 0.6355283453125 0.3950889734375 0.6279030703124999 0.40209149218749995 0.6278645953125 0.40696963124999996
0 0.7927315046875 0.5704319046874999 0.772278315625 0.56896108125 0.643695209375 0.5309033359375 0.6401382843750001 0.5345186125 0.6442603625000001 0.5568556109375 0.7995145203125 0.597014928125 0.8775594281249999 0.47057509062499997 0.871910703125 0.46285517499999995 0.857675375 0.46201509375 0.8582521359375 0.47022711250000004 0.7927315046875 0.5704319046874999
0 0.6244957125 0.500619753125 0.778119409375 0.5522903078125 0.7851524999999999 0.547165434375 0.8643471234375 0.42949903906250003 0.8611747609375 0.425024978125 0.8097511578125 0.49480069687499995 0.7976461046875001 0.500417671875 0.788732646875 0.5080696390624999 0.773974284375 0.5247417828125001 0.6294370015624999 0.4841596859375 0.6271874937499999 0.48468645 0.6244957125 0.500619753125