0 0.19414621875 0.30362988281250003 0.2009156125 0.3011026421875 0.2117466421875 0.292798853125 0.2090388859375 0.28666126875 0.1475727875 0.3505643484375 0.070401696875 0.43468534999999997 0.05063506718750001 0.44118396875 0.0352008484375 0.4274646640625 0.001083103125 0.3761977859375 0.0008123265625000001 0.39749881249999997 0.034117745312499996 0.445155346875 0.054696703125 0.46573430312499997 0.1936046671875 0.3122947078125 0.19414621875 0.30362988281250003
0 0.18087820625 0.4581525828125 0.1792535515625 0.4509318953125 0.173296484375 0.4469605171875 0.083669709375 0.5765718468750001 0.0709432484375 0.5693511609375 0.000270775 0.4938949828125 0.001083103125 0.512307734375 0.02897300625 0.543717721875 0.074734109375 0.5949845984375 0.092605309375 0.589569084375 0.18087820625 0.4581525828125
0 0.187376825 0.4155505296875 0.18060743125 0.4155505296875 0.0831281578125 0.538663240625 0.0709432484375 0.543717721875 0.0584875640625 0.5361360015625001 0.0005415515625 0.47187188750000003 0.0008123265625000001 0.49100670781250005 0.07202635156250001 0.5704342640625 0.07798341875 0.5686290921875 0.18981380625 0.42421535468749993 0.187376825 0.4155505296875
0 0.182232084375 0.3946105375 0.1760042421875 0.3946105375 0.0809619515625 0.509058425 0.06444463125 0.513029803125 0.04711498125 0.49822739531250004 0.0005415515625 0.4455163796875 0.000270775 0.46429016562500003 0.0663400609375 0.540829446875 0.072567903125 0.5379411734375 0.1846690671875 0.40110915625 0.182232084375 0.3946105375
0 0 0.43360224687500004 0.0584875640625 0.5076142875 0.0874605703125 0.48306395156250004 0.1356586546875 0.4274646640625 0.1827736375 0.3740315796875 0.18060743125 0.36644985937499996 0.173025709375 0.3675329625 0.07365100625 0.4762043 0.0595706671875 0.48306395156250004 0.047927309375 0.47439912812499996 0 0.41194018593750004 0 0.43360224687500004
0 0.1770873453125 0.5184453171875 0.16761019375 0.5321646234374999 0.1635485578125 0.5336087609375 0.09314686093749999 0.6321711359375 0.0850235875 0.6365035484375 0.072297128125 0.6300049296875 0.000270775 0.542273584375 0.0005415515625 0.5661018515625 0.08231583125 0.6621369875 0.18548139375 0.5296373828125 0.182232084375 0.5220556609375 0.1770873453125 0.5184453171875
0 0.0942299640625 0.6177297625 0.10912263124999999 0.6105090765625001 0.1250984 0.5884859812500001 0.10181168437499999 0.5996780453125 0.0820450546875 0.6025663203125 0.06931859375 0.5971508046875 0.0027077578125000003 0.5148349750000001 0.000270775 0.516640146875 0.0016246546875 0.5328866921875 0.0059570671875 0.542995653125 0.07960807343750001 0.6336152734375 0.0852943640625 0.6314490671875 0.0942299640625 0.6177297625
0 0.1890014796875 0.5848756374999999 0.1811489828125 0.586680809375 0.0942299640625 0.6964352500000001 0.083669709375 0.698962490625 0.07310945468749999 0.691019734375 0.036825503125 0.6372256171874999 0.0027077578125000003 0.5906521875 0.000270775 0.5906521875 0.001083103125 0.6112311453125 0.08285738125 0.720263515625 0.1475727875 0.648778715625 0.1903553578125 0.592096325 0.1890014796875 0.5848756374999999
0 0.09612539375 0.809077965625 0.0852943640625 0.80871693125 0.0129972359375 0.6870483562499999 0.001353878125 0.69426904375 0.0863774671875 0.839765884375 0.20335259374999998 0.7159311046875 0.19631242499999998 0.7032949015625001 0.09612539375 0.809077965625
0 0.2047064734375 0.66069285 0.10343633906250001 0.7736966 0.09152220625 0.77153039375 0.0850235875 0.765031775 0.014080339062499999 0.651666990625 0.009206375 0.6484176828125 0.00216620625 0.6559994031249999 0.090439103125 0.80149624375 0.2060603515625 0.6733290515625 0.2079557828125 0.6664693984375 0.2047064734375 0.66069285
0 0.20741423124999997 0.6408359609375001 0.204164921875 0.6300049296875 0.19793707968750002 0.629643896875 0.1110180609375 0.726762134375 0.0939591875 0.73578799375 0.0774418671875 0.726762134375 0.012184909375 0.62567251875 0.00649861875 0.626755621875 0.0027077578125000003 0.6314490671875 0.035471625 0.68488215 0.08718979375 0.76719798125 0.0985623765625 0.764670740625 0.20741423124999997 0.6408359609375001
0 0.3945202796875 0.7534786765625 0.2994779890625 0.8664824250000001 0.288917734375 0.8668434609375 0.2117466421875 0.73145558125 0.2049772484375 0.7336217875 0.20145716406249997 0.739759371875 0.2908131640625 0.8964482765625 0.40480975781249995 0.7606993625 0.3999357953125 0.7513124703125 0.3945202796875 0.7534786765625
0 0.41509923750000005 0.7072662796875 0.411849928125 0.7054611078125 0.40480975781249995 0.7094324859375 0.31030901875 0.8217141671875 0.2962286796875 0.8246024421874999 0.21932836406249998 0.693185940625 0.2125589703125 0.693185940625 0.20768500625000003 0.7029338671875001 0.2954163515625 0.8560124296874999 0.3043519515625 0.8513189828125001 0.41537001250000005 0.7166531734375 0.41509923750000005 0.7072662796875
0 0.40887139531249994 0.683076978125 0.4023727765625 0.683076978125 0.3143706546875 0.7820003890625 0.29595790312500003 0.7881379734375 0.28648075156249997 0.7809172859375 0.217703709375 0.6624980218750001 0.21066353906250002 0.6628590562500001 0.206601903125 0.6715238796875 0.2954163515625 0.8227972703124999 0.31409987968749997 0.8065507249999999 0.411849928125 0.690297665625 0.40887139531249994 0.683076978125
0 0.09125143125 0.72856730625 0.18493984218749998 0.623145278125 0.1938754421875 0.620257003125 0.201998715625 0.626033553125 0.2740250671875 0.7477021265625 0.28187756406250003 0.7451748859375 0.285668425 0.7393983359375 0.19874940624999998 0.5957066671875 0.081774278125 0.722429721875 0.08285738125 0.7274842031250001 0.09125143125 0.72856730625
0 0.41103759999999995 0.62711665625 0.32547246093750004 0.7386762671875 0.31464143125 0.7412035078125 0.3032688484375 0.73001144375 0.233408703125 0.61845183125 0.2258269828125 0.621701140625 0.2225776734375 0.6274776906249999 0.3151829828125 0.768281084375 0.418348546875 0.6365035484375 0.4180777703125 0.6278387249999999 0.41103759999999995 0.62711665625
0 0.41943165000000004 0.6007611484375001 0.412120703125 0.5989559765625 0.32790944375 0.7072662796875 0.31951539375000004 0.7094324859375 0.3084135890625 0.7018507640625 0.2358456859375 0.592096325 0.228534740625 0.5946235640624999 0.226368534375 0.6014832171875 0.3184322921875 0.737593165625 0.3300756484375 0.728206271875 0.4215978546875 0.6065376984374999 0.41943165000000004 0.6007611484375001
0 0.3755659765625 0.6484176828125 0.371775115625 0.6466125109374999 0.3346788375 0.6747731890625001 0.3222231515625 0.6765783609375 0.30137341875 0.6624980218750001 0.2282639640625 0.556714959375 0.222036121875 0.5606863359375 0.22122379374999998 0.5668239203125001 0.22907629062499998 0.5834315 0.31761996406250004 0.7069052453125 0.3298048734375 0.702572834375 0.3755659765625 0.6484176828125
0 0.41726544375 0.5350528984375 0.41293303124999997 0.5339697953125 0.398581915625 0.54985530625 0.32547246093750004 0.6466125109374999 0.313558328125 0.6455294078125 0.26590179375 0.578738053125 0.23097172187499998 0.5364970359375001 0.22663930937500001 0.537219103125 0.2247438796875 0.5458839281250001 0.318161515625 0.6740511203125 0.333595734375 0.6585266437499999 0.41943165000000004 0.543717721875 0.41726544375 0.5350528984375
0 0.416182340625 0.504364978125 0.412120703125 0.5047260125 0.3966864859375 0.5213335921875 0.3330541828125 0.611592178125 0.3257432375 0.6195349343750001 0.3187030671875 0.620257003125 0.3143706546875 0.618812865625 0.273483515625 0.5581590953125 0.2683387765625 0.556353925 0.26508946718750004 0.5621304734375 0.317890740625 0.6448073390625 0.3273678921875 0.6433632015625 0.41861932187499995 0.5148349750000001 0.416182340625 0.504364978125
0 0.42295173437500005 0.43865672812499995 0.418348546875 0.437573625 0.3276386671875 0.553104615625 0.3173491890625 0.5570759921875 0.30651815781249997 0.552382546875 0.21905758749999998 0.44226707187500003 0.2117466421875 0.44262810625000004 0.208768109375 0.44840465468749996 0.31572453437500003 0.585236671875 0.32384780625 0.581626328125 0.4278256984375 0.4447943125 0.42295173437500005 0.43865672812499995
0 0.41726544375 0.466456371875 0.41347458281250005 0.466456371875 0.32547246093750004 0.590291153125 0.3184322921875 0.5877639125 0.2269100859375 0.47692636874999994 0.2228484484375 0.48125878125000005 0.220140690625 0.48703532968749996 0.312746 0.6050935609375 0.33115875156249996 0.6043714921875 0.42051475156249996 0.475121196875 0.41726544375 0.466456371875
0 0.42836725 0.38991709218750004 0.4243056125 0.3906391609375 0.3287217703125 0.49931049843749997 0.3200569453125 0.5007546359374999 0.313558328125 0.49858842968749995 0.22745163750000003 0.3823353703125 0.222036121875 0.38377950781250003 0.2185160375 0.38811192031249997 0.3184322921875 0.5263880734375 0.32628478906249997 0.5234997984375 0.4335119890625 0.396415709375 0.42836725 0.38991709218750004
0 0.42917957656250005 0.42421535468749993 0.4259302671875 0.41663363281250004 0.42132707968750005 0.41663363281250004 0.32926332187499996 0.5249439359375 0.31761996406250004 0.5274711765625 0.3040811765625 0.5206115234375 0.2900008375 0.4975053265625 0.2751081703125 0.47981464375 0.222306896875 0.410857084375 0.21662060625000001 0.4112181171875 0.21364207343750002 0.41735570156249996 0.25209223125 0.47259395625 0.31545375781249996 0.555270821875 0.3298048734375 0.5433566875 0.42917957656250005 0.42421535468749993
0 0.46844206093749996 0.3317905625 0.46735895781250003 0.325652978125 0.4616726671875 0.32384780625 0.45490327343750003 0.3346788375 0.33278340625 0.468622578125 0.3208692734375 0.46970568124999995 0.30949669062499996 0.46429016562500003 0.291083940625 0.43901776249999996 0.204435696875 0.30362988281250003 0.197666303125 0.3014636765625 0.193333890625 0.30399091718750004 0.1936046671875 0.3115726390625 0.291625490625 0.4653732703125 0.3170784125 0.49497808593750003 0.34632219375 0.47114981875 0.46844206093749996 0.3317905625
0 0.5872648578125 0.8254820781250001 0.5723641078124999 0.8235342687499999 0.489971725 0.6953683390625 0.483251778125 0.7000430843750001 0.48033006250000004 0.706665640625 0.5808370828125 0.8585948562500001 0.678714559375 0.721469 0.6711180984375 0.712509071875 0.5872648578125 0.8254820781250001
0 0.6766693593750001 0.6895249078125001 0.6752085 0.681344103125 0.6708259265625001 0.6805649796875 0.588141371875 0.7876945562500001 0.577331025 0.7892528046875 0.5656441609375 0.7779555031250001 0.4879265234375 0.6653720578125 0.48091440625 0.6618659984375 0.4765318328125 0.66731986875 0.47711617500000003 0.670046803125 0.5752858234375 0.820807334375 0.5820057703125 0.8173012749999999 0.6416087703125 0.7401679796875 0.6766693593750001 0.6895249078125001
0 0.673455471875 0.65524344375 0.666735525 0.65485388125 0.5852196562499999 0.7518548421875 0.573824965625 0.7553609015625 0.562430275 0.7452322875 0.5484060390625001 0.7230272484375 0.489095209375 0.6353757765625 0.4850048078125 0.6357653390625 0.4820830921875 0.6427774562499999 0.5741171375 0.7880841171874999 0.5907709171875 0.771722509375 0.6752085 0.664203371875 0.673455471875 0.65524344375
0 0.465137140625 0.6022629984375001 0.47448663125 0.60693774375 0.5527886125 0.72692286875 0.5618459312499999 0.7238063718750001 0.56505981875 0.7156255671875 0.46542931249999997 0.5761623375 0.3652144640625 0.7051073921875 0.367259665625 0.7132881953125 0.372810925 0.7136777578125 0.45520330781249996 0.6053794953125 0.465137140625 0.6022629984375001
0 0.667027696875 0.6030421234375 0.585511828125 0.7070552015625 0.574409309375 0.7078343265625 0.49376995468749996 0.586290953125 0.4885108671875 0.5874596390625 0.48442046562499996 0.5936926328125 0.577331025 0.7382201703125 0.5825901124999999 0.735493234375 0.67374764375 0.6123916125 0.667027696875 0.6030421234375
0 0.645114828125 0.61862460625 0.6407322546875001 0.6116124890625 0.589310059375 0.6770589203124999 0.5720719359374999 0.675500671875 0.562138103125 0.6622555609375 0.54373129375 0.63148015625 0.4917247546875 0.5578529203125 0.48646566562500004 0.5629172265625 0.48734218125 0.5695397828125001 0.577331025 0.7074447640625 0.5852196562499999 0.7051073921875 0.645114828125 0.61862460625
0 0.6836814765625 0.5492825531250001 0.6784223875000001 0.5457764953125 0.5928161171874999 0.646283515625 0.582882284375 0.6423878937499999 0.504580303125 0.531362696875 0.4972760140625 0.532531384375 0.495522984375 0.537595690625 0.58638834375 0.6747215484375 0.6836814765625 0.5555155468749999 0.6836814765625 0.5492825531250001
0 0.65125043125 0.561358978125 0.6471600296875 0.5539572984375 0.595153490625 0.6123916125 0.5843431421874999 0.6139498609375 0.5752858234375 0.6077168671875001 0.5180201953125 0.5266879515625 0.498152528125 0.5087680953125 0.492309096875 0.516169775 0.510423734375 0.5340896328125 0.582297940625 0.6419983328125001 0.5869726859375 0.6427774562499999 0.65125043125 0.561358978125
0 0.6918622796875 0.396963775 0.68543450625 0.3957950875 0.591355259375 0.500976853125 0.579668396875 0.4974707953125 0.520065396875 0.417610565625 0.4917247546875 0.3802126046875 0.4867578375 0.381381290625 0.48442046562499996 0.388003846875 0.5846353140625 0.5243505796875 0.5928161171874999 0.520065396875 0.6930309671875 0.40202808125 0.6918622796875 0.396963775
0 0.6868953640625 0.41877925156250007 0.595153490625 0.5239610171875 0.5846353140625 0.5243505796875 0.5343818031249999 0.46396845468750003 0.48967955312500006 0.4039758921875 0.483836121875 0.4067028265625 0.4823752640625 0.411377571875 0.5849274859375 0.550061678125 0.591355259375 0.550061678125 0.69390748125 0.4246226828125 0.6868953640625 0.41877925156250007
0 0.6950761671875 0.453839840625 0.6904014218750001 0.4437112265625 0.681344103125 0.447606846875 0.5986595484375 0.5516199265624999 0.5814214265625 0.5512303640625 0.48938738125 0.4308556765625 0.48354394999999994 0.432413925 0.4820830921875 0.4378677953125 0.495522984375 0.460072834375 0.5866805140625 0.5812266453125 0.60128909375 0.567591971875 0.6950761671875 0.453839840625
0 0.687187534375 0.4818883109375 0.68222061875 0.47214925937499996 0.6766693593750001 0.47409706875 0.5904787453125 0.5878492015625 0.5784997109375001 0.5761623375 0.4975681859375 0.4674745140625 0.492309096875 0.466305828125 0.48938738125 0.471370134375 0.5124689359375 0.51032634375 0.5808370828125 0.6030421234375 0.5986595484375 0.6030421234375 0.687187534375 0.4818883109375
0 0.7286758984375 0.3361920875 0.727215040625 0.33073821875 0.7222481234375 0.33034865625 0.6480365453125 0.411377571875 0.6021656078125 0.466305828125 0.5934004609375 0.4686432 0.5846353140625 0.46786407656250006 0.5761623375 0.46357889218750004 0.46805885625 0.3046375578125 0.465137140625 0.30385843437500004 0.46309194062500003 0.309701865625 0.5662285046875 0.4682536375 0.588725715625 0.49318561250000004 0.642485284375 0.436309546875 0.7286758984375 0.3361920875
0 0.72419750625 0.57894075 0.7320210296874999 0.577202190625 0.7416700421875 0.5845041453125 0.821469984375 0.7009877203125 0.8292935078125 0.704464840625 0.833466053125 0.6968151734375 0.7547092484375 0.5820701609375 0.731238678125 0.5528623390625 0.6342269843749999 0.6693459125000001 0.6368348265625 0.6776910046875 0.6428328609375 0.679429565625 0.72419750625 0.57894075
0 0.901269925 0.8651078609375 0.975854184375 0.7677484546875 0.9719424218749999 0.7597510749999999 0.966205171875 0.7590556515625 0.8908385609374999 0.85641505625 0.8819718999999999 0.8591967531250001 0.87284445625 0.853633359375 0.7906974578125 0.7155916312499999 0.786264128125 0.7155916312499999 0.78209158125 0.7211550250000001 0.8149503812500001 0.77957066875 0.8491131015625 0.8365954625 0.8811895484375001 0.8887522875 0.901269925 0.8651078609375
0 0.8926640499999999 0.8404202968750001 0.9768973203125 0.7298478296875001 0.975854184375 0.7215027375 0.972724775 0.7190687515625 0.9492542046875 0.7482765734375 0.8895346406250001 0.8226869765625 0.8744091609375 0.81747129375 0.824338609375 0.7399314828125 0.7899151062499999 0.6895132187499999 0.785220990625 0.6881223703125 0.78209158125 0.692294915625 0.7873072640625 0.7075942515625 0.8032150953125001 0.7295001171875 0.8814503328125 0.8518947984375 0.8926640499999999 0.8404202968750001
0 0.9669875250000001 0.6898609312499999 0.9607287046874999 0.6870792328124999 0.8874483671875 0.7788752437500001 0.87675621875 0.782004653125 0.865803284375 0.7753981234375 0.78209158125 0.6554374265625 0.7771366828125 0.6554374265625 0.7745288421875001 0.666216503125 0.7758327625 0.6679550640625 0.8770170015625001 0.8132987484375 0.8837973890624999 0.8108647625 0.9664659562500001 0.70237856875 0.9669875250000001 0.6898609312499999
0 0.9745502640625 0.6575237 0.9701169343749999 0.6561328515625 0.895793459375 0.7493197109375 0.8845797421875 0.750362846875 0.86710720625 0.731586390625 0.8068660734374999 0.6317929999999999 0.795913140625 0.6161459515625001 0.7899151062499999 0.6171890890625 0.7873072640625 0.6237956203125 0.885622878125 0.7785275328125 0.8926640499999999 0.7729641375 0.9753326156250001 0.666216503125 0.9745502640625 0.6575237
0 0.9607287046874999 0.5872858421875 0.8853620937500001 0.686036096875 0.8751915140625 0.6846452484375 0.789654321875 0.5657276890625 0.7846994234375 0.5681616734375 0.7813092296875 0.5754636296875 0.87571308125 0.7142007828125 0.8830150375000001 0.7096805234375 0.9680306609375 0.595978646875 0.9607287046874999 0.5872858421875
0 0.8707581828125001 0.5879812671875 0.8937071859374999 0.56016429375 0.9291738265625 0.512180015625 0.956034590625 0.4787996484375 0.9664659562500001 0.4659342984375 0.965683603125 0.461066328125 0.95968556875 0.4586323421875 0.95003655625 0.467672859375 0.9325640203125 0.493403559375 0.8916209125 0.5462558078125 0.8830150375000001 0.558078021875 0.8723228875 0.5612074296875 0.8618915234375001 0.5566871718749999 0.8292935078125 0.5160048500000001 0.7946092203124999 0.47323625312499995 0.7708778640625 0.44159444687500005 0.7656621828125 0.4367264765625 0.7620112046874999 0.4377696125 0.760185715625 0.44507156875 0.7875680484375 0.4822767703125 0.8204268484374999 0.52226366875 0.8558934875 0.5685093859375 0.8707581828125001 0.5879812671875
0 0.8665856375000001 0.614755103125 0.8712797515625 0.6182322250000001 0.87623465 0.615450528125 0.946385578125 0.5194819703125 0.9664659562500001 0.49444669531249996 0.966726740625 0.48540617968750005 0.9615110578125 0.48331990625000004 0.9435169531250001 0.5055734843749999 0.9096150171874999 0.5525146265624999 0.8840581734375 0.58554728125 0.8746699453125 0.5921538125 0.8647601484375 0.590067540625 0.853285646875 0.576506765625 0.8227739046875 0.5368675796875 0.786264128125 0.49236042187500006 0.763054340625 0.4628048890625 0.7560131703125 0.46975913125 0.756273953125 0.4742793890625 0.793044515625 0.52122053125 0.8665856375000001 0.614755103125
0 0.87675621875 0.641528940625 0.88823071875 0.6290113015625 0.96255419375 0.5201773953125 0.95968556875 0.5132231515625 0.9552522390625 0.5100937421875 0.875452296875 0.6241433328125 0.8673679890624999 0.6199707859375 0.773224921875 0.49966237812500003 0.7682700234375 0.5038349234374999 0.7719210015625 0.5135708640625001 0.862413090625 0.6359655453124999 0.87675621875 0.641528940625
0 0.8751915140625 0.5518192015625 0.9401267593749999 0.46523887343750003 0.9586424328125001 0.4398558859375 0.962814978125 0.43185850625000005 0.9581208640625001 0.42768595937500004 0.95342675 0.42942452031249995 0.8926640499999999 0.5107891671875 0.8777993546875 0.5285224875 0.86997583125 0.530956471875 0.8613699546875001 0.5285224875 0.8423327140625 0.506268909375 0.8201660640625 0.4777565109375 0.785220990625 0.4332493546875 0.766966103125 0.4109957765625 0.7617504203125 0.4075186546875 0.757577875 0.41169120000000003 0.7583602265625 0.41586374687500005 0.785220990625 0.4527212359375 0.8389425203125 0.519134259375 0.8668464218749999 0.5542531875 0.8751915140625 0.5518192015625
0 0.9964561296875001 0.3678794671875 0.9928051531250001 0.3616206484375 0.9875894703125001 0.360925225 0.8777993546875 0.4916649984375 0.86997583125 0.49688067968749994 0.8556327046875 0.4885355890625 0.8363346796875 0.463848025 0.794870003125 0.402650684375 0.7594033625 0.3529278453125 0.7385406328124999 0.3237200234375 0.7356720078125 0.3237200234375 0.7354112234375 0.3303265546875 0.811820971875 0.44368072031250005 0.8681503421875 0.5208728203125 0.9179601093749999 0.466282009375 0.9964561296875001 0.3678794671875