0 0.08464094062500001 0.3589701421875 0.07143931249999999 0.342120253125 0.045414740625 0.2844573921875 0.0419344109375 0.30516417812499996 0.0676997421875 0.3591242375 0.084957078125 0.38382005937499997 0.24553324375000002 0.26548851875 0.2473758046875 0.2571625234375 0.2544545921875 0.256222265625 0.2664231359375 0.25056430625 0.2646696890625 0.24397090000000002 0.194217734375 0.292438809375 0.105178146875 0.35708345625 0.08464094062500001 0.3589701421875
0 0.0248878984375 0.41715969062499997 0.0477452609375 0.45406098437500003 0.08528979375 0.514344625 0.1037883140625 0.5130872906249999 0.21094472031249997 0.40483011874999997 0.2104262421875 0.3974245171875 0.20513123281249998 0.392211703125 0.0969075359375 0.4984041546875 0.0854049078125 0.48849966875 0.02686101875 0.399025075 0.0248878984375 0.41715969062499997
0 0.027832414062499998 0.3963310078125 0.0863131875 0.4897994484375 0.0924793609375 0.4893803359375 0.2249037203125 0.373753840625 0.223799315625 0.3647574140625 0.21710166250000001 0.36323370312500003 0.1020887484375 0.46132273125 0.08927070468750001 0.463507990625 0.07809042968749999 0.4533124578125 0.030450245312500002 0.3776142984375 0.027832414062499998 0.3963310078125
0 0.03132574375 0.3701614453125 0.085151884375 0.459655903125 0.09174930625 0.458241753125 0.22329816875000003 0.3500681109375 0.22186707343749998 0.34318365625 0.21570523437500003 0.34178184218749996 0.104410225 0.4319715140625 0.087469028125 0.4321256125 0.0725553984375 0.4137930984375 0.0344249390625 0.351918628125 0.03132574375 0.3701614453125
0 0.21684185781249998 0.3147117484375 0.102131515625 0.39829431875 0.08716589062499999 0.40181291406249997 0.0769526765625 0.390744240625 0.038952778125 0.31906115156250003 0.035685906249999996 0.3401808796875 0.0823918125 0.4255048140625 0.1147602171875 0.40809059999999997 0.170832471875 0.3647321171875 0.2255064171875 0.323241809375 0.22450657187499998 0.3153623171875 0.21684185781249998 0.3147117484375
0 0.19810124375 0.46276008593749995 0.1866555109375 0.4740027203125 0.182419128125 0.47449647500000003 0.0978992796875 0.554744653125 0.089208721875 0.5571401453125 0.0775971984375 0.5479396515625 0.01956500625 0.4461924703125 0.018488245312500002 0.45373403437500004 0.019343384375 0.4747206390625 0.08266386249999999 0.5815223421875 0.20471844843749998 0.475561346875 0.20264697968749998 0.46743806093750007 0.19810124375 0.46276008593749995
0 0.026114198437500003 0.4199893484375 0.0234308046875 0.42120079062500004 0.0223201828125 0.43734532968749995 0.025082139062499998 0.4481763765625 0.0842861828125 0.5531052140625 0.0902388984375 0.5522731578125 0.10114881718749999 0.540908628125 0.11697260937500001 0.53722088125 0.1361003875 0.5193451140625001 0.11137258125 0.5250154078125 0.091379853125 0.5233821390625 0.07960498437499999 0.5152376296875001 0.026114198437500003 0.4199893484375
0 0.19987070625 0.5302089859375 0.1918291890625 0.530201459375 0.0892791828125 0.6176436437499999 0.0784497109375 0.6177306234375 0.06919922656250001 0.607609734375 0.041412540625 0.54699531875 0.0206046203125 0.5056736015625 0.0218656140625 0.5366205953125001 0.07443356875 0.6383155109375 0.14924379999999998 0.5831870765625 0.200121278125 0.5375536390625 0.19987070625 0.5302089859375
0 0.0741667921875 0.7278928734375001 0.0635049984375 0.725102940625 0.025631275 0.62903655 0.027356398437500002 0.6713740859375 0.05989410625 0.7556183453124999 0.19430515312500002 0.6612136125 0.1892452703125 0.6473091125 0.0741667921875 0.7278928734375001
0 0.20397520781249998 0.6076630468750001 0.08673614843750001 0.6950429234375 0.0752749671875 0.6902492203125 0.0698252828125 0.6824505390625 0.0232902484375 0.5715836390625 0.0247812265625 0.6081748421875 0.0696841703125 0.71922105 0.20340906250000002 0.6202876296875 0.2063189140625 0.6140263546875 0.20397520781249998 0.6076630468750001
0 0.2096489 0.588912778125 0.20806746406249998 0.5776215328125 0.201960071875 0.5758677249999999 0.101315740625 0.6509900656250001 0.0830764609375 0.6559502015625001 0.0680953859375 0.6434324625000001 0.021895290625 0.53734893125 0.0232062171875 0.5695213796874999 0.03288589375 0.5931539796874999 0.07164184375 0.6850501 0.08327503593749999 0.6851459640625001 0.2096489 0.588912778125
0 0.253614890625 0.85689769375 0.3868757515625 0.7502066765625 0.3834690859375 0.7399577234375 0.3777842765625 0.7408507281250001 0.266707059375 0.8296324187499999 0.25620427343749996 0.8276074265625001 0.200268984375 0.6782388187499999 0.19324464531250002 0.6788270828125 0.18883625312500002 0.6840186765625 0.253614890625 0.85689769375
0 0.20684417656249998 0.6411101421875001 0.20055177343750002 0.64951695 0.264267453125 0.8185103234375 0.2738161765625 0.8159456796875 0.403966728125 0.7096402171875 0.405114465625 0.700427384375 0.4021718328125 0.6979360265625 0.394607346875 0.70022331875 0.2841748359375 0.788422915625 0.2698081375 0.7880695609374999 0.21354182812500003 0.6426338546875 0.20684417656249998 0.6411101421875001
0 0.209542453125 0.611115884375 0.20421711406249998 0.6186495484375001 0.2692766578125 0.7861267390625 0.29021233281250003 0.7744923828125 0.40445864374999996 0.6831522171875 0.40260063281249997 0.675441875 0.39617088749999996 0.6739791125 0.29418269218750004 0.7506176375 0.2750394640625 0.7524570703125 0.2667517078125 0.743283965625 0.21656245937500002 0.6123485484375 0.209542453125 0.611115884375
0 0.2722094953125 0.7026216390625 0.2078818875 0.54296299375 0.07303525625 0.6401836890625 0.0733446109375 0.645355421875 0.0814863578125 0.6483008078125 0.1900806390625 0.56660628125 0.1993571234375 0.5658016140625 0.20652314062500002 0.5732619953125 0.25943723125 0.708096753125 0.26758764375 0.7074002875 0.2722094953125 0.7026216390625
0 0.2266662125 0.5793020578125 0.29705543125 0.73742465625 0.4190011203125 0.632167653125 0.42003996250000003 0.6236588125 0.41318330000000003 0.6213701625 0.3117005859375 0.710877065625 0.30060320625000003 0.710903096875 0.291039034375 0.697431403125 0.23874365156250002 0.57294010625 0.2307522515625 0.5744015109375 0.2266662125 0.5793020578125
0 0.23751490312499998 0.548611334375 0.23433714375 0.554811659375 0.304898371875 0.7082364203125 0.3178339765625 0.70170531875 0.4267351640625 0.6036834078125 0.4254630828125 0.5975638937500001 0.41850185624999997 0.5941583078125 0.31884870468750004 0.6808019937500001 0.3102169265625 0.681024565625 0.300376184375 0.671133775 0.2451295015625 0.5477929734375 0.23751490312499998 0.548611334375
0 0.2362032546875 0.5140609953124999 0.234473921875 0.5198620734375 0.23973859687500002 0.53782136875 0.3087227203125 0.678133959375 0.3214318703125 0.6766526921875 0.37487517812500004 0.6341536546875 0.37139673125 0.631540396875 0.3304466640625 0.6506461109375 0.31785074375 0.6496024609375 0.29934544218750003 0.6311816109375 0.2429640203125 0.511590859375 0.2362032546875 0.5140609953124999
0 0.2486921609375 0.492488596875 0.24429676875 0.49221741249999995 0.24111467812499998 0.500238665625 0.3142132875 0.6462242671875 0.33182519374999997 0.6345625218750001 0.43406584531250003 0.54194860625 0.43322934375 0.533013128125 0.42910619062500005 0.5309819671875 0.41251146250000004 0.5432395015625 0.325584790625 0.6211182171875 0.31396026718750003 0.6173805015625 0.276881646875 0.5415344140625 0.2486921609375 0.492488596875
0 0.318793125 0.5915156796875001 0.28748654687499997 0.5231772265625 0.2826685703125 0.5202592312500001 0.2785825328125 0.5251597765625 0.318355659375 0.6176516859375 0.3279501640625 0.618376896875 0.4376179546875 0.5136061234375 0.43678578906250004 0.5028497171875 0.43271274843749996 0.5022874859375001 0.4149375 0.51500521875 0.33836760312499997 0.5886812109374999 0.3299362859375 0.5947795046875 0.32286183125 0.5938988375 0.318793125 0.5915156796875001
0 0.2438272734375 0.3966424328125 0.240009140625 0.401603928125 0.32519630781250003 0.5590848421875 0.33377796875 0.557393340625 0.4572896484375 0.447391246875 0.45339295156250004 0.44031025156250003 0.44900189218750003 0.4382181421875 0.3418300359375 0.5304389765625 0.331050678125 0.531994884375 0.3210422546875 0.5249810078125 0.2511151859375 0.39793604375 0.2438272734375 0.3966424328125
0 0.245435275 0.4418272765625 0.31925470625 0.5777741609375 0.33758121874999997 0.5812146640625 0.4454825609375 0.475313259375 0.4435744375 0.46613398593750005 0.43982375312500005 0.46528070625 0.33407865625 0.5662069234375 0.3274942328125 0.5621582953125001 0.25365746875 0.433495115625 0.24898550312499998 0.43680483593749997 0.245435275 0.4418272765625
0 0.2628827078125 0.34158320937500003 0.258746553125 0.34501482499999997 0.3367503703125 0.5023190625 0.3449552296875 0.5012706015624999 0.4702116890625 0.40150376718749997 0.4661015359375 0.394009828125 0.461974046875 0.39379959375 0.351014390625 0.47823544218749997 0.342223603125 0.4776930734375 0.3361205453125 0.4741183390625 0.26845862187499997 0.34139419531250004 0.2628827078125 0.34158320937500003
0 0.31297606093749997 0.467759840625 0.30090916874999996 0.44715989843750004 0.2590670234375 0.36804381875000003 0.253386546875 0.367115896875 0.249513965625 0.3724293875 0.27922610937500003 0.434939371875 0.32944757343750003 0.52980826875 0.345443375 0.521422684375 0.46173270625 0.4276322453125 0.45966123750000004 0.41950895781249997 0.455106834375 0.418472834375 0.3476844046875 0.5033490171875 0.3357833078125 0.503192203125 0.3234225140625 0.49345686874999994 0.31297606093749997 0.467759840625
0 0.3372745015625 0.439764540625 0.3228682375 0.41098036562500007 0.257556234375 0.2594785625 0.25118527031250004 0.25584288125 0.2465176375 0.2573316734375 0.24564213906250001 0.2647845296875 0.3194293546875 0.4367979328125 0.340147803125 0.47139071406250005 0.3726752203125 0.454741440625 0.514517740625 0.346358921875 0.5143717296875 0.3401312046875 0.5090179421875 0.3370913109375 0.500686853125 0.346127465625 0.35966105000000004 0.44923005 0.3477098390625 0.44760430625 0.3372745015625 0.439764540625
0 0.663794084375 0.7736112171875 0.6576293843750001 0.7631657374999999 0.557627271875 0.8544359765625 0.5431781890625 0.84918295 0.48098779687500004 0.7056802328125 0.47363406562500004 0.7087253625 0.46974456093750006 0.7145244703125 0.546273853125 0.8852729265624999 0.663794084375 0.7736112171875
0 0.48348803125 0.6759745890625 0.4770789796875 0.6709779625000001 0.4719203515625 0.6753088234375 0.47208724999999996 0.678099015625 0.5464801921875 0.84718193125 0.5536576734375 0.8452762296874999 0.624261534375 0.783489975 0.666588071875 0.742006528125 0.6663764484375 0.733701715625 0.6621578203125 0.7319556328125 0.5641932609375 0.817791796875 0.5532624796875 0.8168777515625001 0.5434032281250001 0.8032327140625 0.48348803125 0.6759745890625
0 0.48916809375000003 0.6469923515625 0.48506229218749997 0.6464514609374999 0.4811140375 0.652630378125 0.5502589046875 0.8150149156250001 0.56920369375 0.80281150625 0.668961453125 0.7169901203125 0.6685782578125 0.7078599265625 0.6619882796875001 0.7059675359375001 0.5667075234375 0.7821917218750001 0.5549048421875 0.78304519375 0.5451584140625 0.7706053500000001 0.534631565625 0.745799546875 0.48916809375000003 0.6469923515625
0 0.356083953125 0.687094075 0.3568737265625 0.6955304140624999 0.362307403125 0.6971597468749999 0.4601591390625 0.6101183921875 0.4704576953125 0.6093159078125 0.479003096875 0.6159780765625 0.5383801921875 0.7505841015625 0.547811521875 0.749584325 0.552225103125 0.74233174375 0.47468302968750004 0.58393446875 0.356083953125 0.687094075
0 0.56095875 0.7671227703125 0.566573353125 0.765647865625 0.6753298515624999 0.6661466984375 0.670091125 0.655518703125 0.5737528671875001 0.7385794515625 0.5626505109375 0.7368400234375 0.501195815625 0.6001886468750001 0.4958162125 0.6001443156249999 0.49082915781249997 0.605300559375 0.56095875 0.7671227703125
0 0.5034610515625 0.5720022390625 0.49749394531249996 0.575755996875 0.49736242031250005 0.58241004375 0.5656000125 0.7371178578124999 0.5737575406250001 0.7366146421875001 0.6460604828125 0.6657787359375 0.6427818578125 0.6579557078125 0.5820346062499999 0.7101890937500001 0.565214171875 0.7047897609375 0.5573831234375 0.689640265625 0.5438126484375 0.6554922000000001 0.5034610515625 0.5720022390625
0 0.5102740359375 0.5531071062499999 0.5794963546874999 0.707252596875 0.6937359265625 0.612930571875 0.69467593125 0.6068536265625 0.6900013281249999 0.6022515875 0.59014476875 0.6809733546875 0.580903715625 0.6749392750000001 0.52017536875 0.54906885625 0.5127722390625 0.548564175 0.5102740359375 0.5531071062499999
0 0.5172232234374999 0.5255931171875 0.51032546875 0.5314942015625 0.5255456203125 0.553042809375 0.5803843140625 0.6744279390625 0.5848920171875001 0.6762397859375 0.6607673328125 0.6113278625 0.6578365328125 0.6031907890625 0.597568634375 0.6484560859374999 0.5866378531249999 0.6475420390625 0.5786165249999999 0.6394264 0.5341778265625 0.5475363093750001 0.5172232234374999 0.5255931171875
0 0.5251605921875 0.39883076093750003 0.521849240625 0.40476139843750003 0.6004394640624999 0.5602517312499999 0.60917981875 0.557915234375 0.7261338937499999 0.4653902796875 0.7257413421875001 0.4601897046875 0.7195579421875 0.45760346093750004 0.6106132 0.5389757703125 0.5995789453125 0.5329269156249999 0.552651396875 0.44165013750000004 0.5302511203125 0.398809328125 0.5251605921875 0.39883076093750003
0 0.516300703125 0.4270895890625 0.5968510296875 0.585384890625 0.60321068125 0.58683170625 0.7235936093750001 0.487616496875 0.7175370578125 0.480341015625 0.61090491875 0.5622394390625 0.6004394640624999 0.5602517312499999 0.5598248109374999 0.49006986250000006 0.5246438359375001 0.4215173265625 0.5184510812500001 0.422860703125 0.516300703125 0.4270895890625
0 0.5142844953125 0.447862334375 0.5120166171875 0.45285083750000005 0.5219653156249999 0.4775251140625 0.5938854671875 0.616164196875 0.6103954796875 0.6061591 0.7203436484375 0.5163652296875 0.7172459484375 0.505437965625 0.7076971171875 0.507197359375 0.610202559375 0.5899950515625 0.5932058765625 0.58573514375 0.5203009984375 0.44765838437500005 0.5142844953125 0.447862334375
0 0.5178454875 0.48287864999999996 0.514190984375 0.487158521875 0.53115290625 0.5303348078125001 0.5848139546875 0.636118215625 0.6024475390624999 0.640129840625 0.7083086078124999 0.541935840625 0.704863084375 0.531322621875 0.69907690625 0.5319721421875 0.596644690625 0.6234758890625 0.5865551140624999 0.609385278125 0.5228725890625 0.4852018359375 0.5178454875 0.48287864999999996
0 0.6089582359375 0.505179425 0.60122130625 0.4990943578125 0.5182335625000001 0.319799465625 0.5154603125 0.31838220625 0.512555534375 0.323618990625 0.5906877500000001 0.5014160765625 0.6091865265624999 0.5307877109375 0.6709538765625 0.48743623906250005 0.7713298375 0.40922580937499997 0.7707069640624999 0.4035796609375 0.7658514359375 0.40208185781249994 0.680206315625 0.464377984375 0.6265377453125 0.5076060499999999 0.6175129890625 0.5079119734375 0.6089582359375 0.505179425
0 0.7600062296875 0.654807875 0.7411892531250001 0.6210483515624999 0.6276387078125001 0.7127794578125 0.6289603828125 0.7215026156250001 0.63463265625 0.7245477375 0.730289796875 0.6448889796875 0.738292603125 0.6449549296875 0.746738140625 0.6542459515625 0.8081253921875 0.785775265625 0.815341615625 0.7909263156249999 0.8206235921875 0.7844073546875 0.7600062296875 0.654807875
0 0.835934796875 0.9461630515625 0.775476565625 0.7930870203125 0.7710902187500001 0.7920891296875 0.7661228734375001 0.7965740484375 0.78982373125 0.8609233250000001 0.8150244437499999 0.9242100687500001 0.8388951359375 0.9822811234375 0.862328534375 0.9637485140625 0.9508051999999999 0.885614634375 0.9481409859375001 0.8769369843750001 0.9425694171875 0.874967584375 0.853318690625 0.9529253656250001 0.8441264875 0.953641640625 0.835934796875 0.9461630515625
0 0.842936546875 0.9112585359375001 0.8050904781250001 0.824389725 0.778635409375 0.767485409375 0.774200796875 0.7650727921875 0.7704752874999999 0.76843648125 0.7733283906249999 0.7845267703125 0.7857639921875 0.809464865625 0.8447116625 0.9464050984375 0.8575370140624999 0.937741946875 0.957553103125 0.8488976875 0.9577795515625 0.8405267249999999 0.9550503796875001 0.837449284375 0.9274236953124999 0.860642909375 0.8571151468749999 0.9197482062500001 0.842936546875 0.9112585359375001
0 0.77113140625 0.7313864671875 0.766925603125 0.7413086843750001 0.7679535109375 0.743297215625 0.8461460140625 0.9077774484375001 0.8532216140625 0.9069305859375 0.9513749499999999 0.8197681703124999 0.953778784375 0.8076813234375001 0.94800580625 0.8035604812500001 0.8616582625 0.8765637484375001 0.8506074828125 0.8772081343749999 0.8407669609375 0.8683016296874999 0.7760337921875 0.73250175625 0.77113140625 0.7313864671875
0 0.79563445 0.697305053125 0.789542665625 0.6969719875 0.7859661265625 0.7028261234375 0.8599045593750001 0.875813846875 0.8677101296874999 0.871974621875 0.9656012687500001 0.7865072390625001 0.9661381765625 0.7778559703125 0.9619615859374999 0.775502053125 0.8743722078125 0.84962655 0.863120015625 0.8481194953125 0.8486643453125 0.8258802656249999 0.8041115609375 0.7150257375 0.79563445 0.697305053125
0 0.8598009515625 0.8108670046875 0.8677072265625 0.8081034984375 0.9689693234375 0.716384275 0.9630557218750001 0.70626551875 0.8735952421875 0.7855793281250001 0.8637422046875001 0.781934025 0.797045578125 0.6467402765625 0.7917761203125 0.647998034375 0.787320640625 0.6543540859375 0.8598009515625 0.8108670046875
0 0.9814259734374999 0.5805981921875001 0.9705158125000001 0.5872404921875 0.9493479828125 0.6083941375 0.9008681015625 0.6507073671875 0.8905705140625001 0.66029651875 0.8795197296874999 0.660940903125 0.8698806203125 0.6541858375 0.8437634078125 0.6071846109375 0.8158966671875 0.5576797453125 0.7971887390625 0.5214884765625001 0.7927624765625 0.51556839375 0.788992875 0.5157636218749999 0.7860855171875001 0.5224718703125 0.8075667109375001 0.5649090390625 0.8340468203125001 0.6112909531249999 0.8621632343750001 0.6643619828125 0.8739338249999999 0.6866922328125 0.9008347140625 0.664737234375 0.9431620265625 0.6259374125 0.974772240625 0.5994387984375 0.9870332875000001 0.5892435218750001 0.98699336875 0.5843213281249999 0.9814259734374999 0.5805981921875001
0 0.9795089656249999 0.6050785750000001 0.95834948125 0.6227247515625 0.9177276078125001 0.66085975 0.887459934375 0.6873128546875 0.877174865625 0.69164080625 0.8676847249999999 0.6873761890625001 0.8583769406249999 0.671572146875 0.8341665765625 0.6260575359375 0.8047558859375 0.574446740625 0.786249365625 0.5404069125000001 0.77823404375 0.5456021625 0.777810359375 0.5500679515625 0.807112 0.6041104921875 0.8657677171874999 0.71185656875 0.869887696875 0.7163032265625 0.87520959375 0.7147064624999999 0.9590901562499999 0.63693071875 0.9827333109374999 0.6170420812499999 0.9843547390625 0.6082866046875 0.9795089656249999 0.6050785750000001
0 0.8657551984375 0.7171177703125 0.7907536546875 0.5786309140625 0.785222003125 0.58158370625 0.7873660046875 0.5918976890625001 0.8584406281250001 0.7315967953125 0.8717927296875001 0.7402493734375 0.8850334171875 0.7306279 0.974982540625 0.641248096875 0.9731930906249999 0.633822265625 0.9692786953124999 0.6297733140624999 0.8731245624999999 0.723005534375 0.8657551984375 0.7171177703125
0 0.907248934375 0.61636346875 0.8898673984375 0.6303069484375 0.8817597171875 0.6309190140625 0.8736121156250001 0.6266088859375001 0.8581327109375 0.6006273906249999 0.84050095625 0.567839378125 0.8126383875000001 0.51658078125 0.79793304375 0.490775384375 0.7932970234375001 0.486211328125 0.788539434375 0.4893402171875 0.7886842281249999 0.4935843984375 0.80970181875 0.5355651640625 0.8528382125 0.61240755 0.875150078125 0.6529280796875 0.8837737999999999 0.6524334125 0.9610781093749999 0.5826368656249999 0.9832255828124999 0.5620570265625 0.9885599984375 0.555199059375 0.984544896875 0.5500743859375 0.9796383375 0.5507128328124999 0.907248934375 0.61636346875
0 1 0.5106483421875 0.8954259046875 0.5943722250000001 0.8868987140625 0.59769634375 0.8739661249999999 0.5863317125 0.8585957671875001 0.55791846875 0.8267997499999999 0.48892005781250003 0.799207721875 0.432458959375 0.782970946875 0.39928643125 0.7801327234375 0.3986407375 0.7788783671874999 0.40502316718750003 0.8373833015625 0.532738328125 0.881474296875 0.6206769203125 0.938989065625 0.5786644359374999 1 0.5270414109375 1 0.5106483421875