0 0 0.151396246875 0.0945918234375 0.09027042656249999 0.0926989125 0.0847436484375 0.089449459375 0.08053566875 0.08013023124999999 0.079666159375 0 0.1315270921875 0 0.151396246875
0 0 0.17729876093750002 0.09477521093749999 0.1173180921875 0.093827015625 0.11311501406249999 0.0862761265625 0.10828422499999998 0.0793342875 0.1079862203125 0 0.1595750984375 0 0.17729876093750002
0 0 0.20329773125 0.08975392812500001 0.14558195000000002 0.08970896874999999 0.139539875 0.0812168109375 0.1362647828125 0.0756349625 0.1375273671875 0 0.18535162968750002 0 0.20329773125
0 0.11931723125 0.260017621875 0.1247156796875 0.2630973203125 0.1303390421875 0.2649974203125 0.24763749218750003 0.17914918124999998 0.2485753125 0.174714103125 0.1409697671875 0.111941871875 0.1361909203125 0.111647571875 0.13177873281250002 0.113054259375 0.128352809375 0.1189473265625 0.12801711093749998 0.1221564109375 0.2151464984375 0.1713386875 0.2150807421875 0.17941024218749999 0.212523396875 0.1860604015625 0.119988590625 0.2535994453125 0.11931723125 0.260017621875
0 0.1620617921875 0.261383159375 0.17258182187499999 0.25692130625 0.2841842265625 0.171485775 0.17836668125 0.10993421249999999 0.17444023749999998 0.1080944421875 0.16961280781250002 0.10926422499999999 0.1656919953125 0.11147441250000001 0.1626813453125 0.1176043796875 0.1679309765625 0.12243025781250001 0.2505339796875 0.17216932499999998 0.2508453984375 0.1801944859375 0.15250724375 0.2530550921875 0.1537945859375 0.2569284890625 0.1620617921875 0.261383159375
0 0.20717681406250002 0.2575614390625 0.32360671875 0.1709561234375 0.2142399046875 0.1075183953125 0.21398078125 0.107497721875 0.2093363109375 0.10812158593750001 0.20511445312499998 0.1109447640625 0.20210377031250001 0.1170747359375 0.2874233390625 0.1670555921875 0.2899183359375 0.17135637343750001 0.28694923437500003 0.180649028125 0.1964526390625 0.24908928281249998 0.1960442890625 0.2546111359375 0.2014046390625 0.257407534375 0.20717681406250002 0.2575614390625
0 0.247586328125 0.105092259375 0.2417408 0.106727334375 0.2386505375 0.1094113140625 0.23597899687499999 0.11521158281249999 0.32423998125 0.16425465781249998 0.32625056875 0.173510709375 0.23232801093750002 0.247844028125 0.2349753421875 0.25327799375 0.24376854374999998 0.25594010312500004 0.3599319890625 0.1673516875 0.247586328125 0.105092259375
0 0.48541566875 0.249055046875 0.47496829218750003 0.2512041234375 0.46583939374999994 0.25175111875 0.3915659125 0.1955157984375 0.3849978015625 0.192292003125 0.37986929687500004 0.1940747953125 0.3747061703125 0.19845366250000002 0.3799592484375 0.2061589359375 0.46990549843749996 0.276305303125 0.59098976875 0.20151062187500002 0.587851065625 0.19527315781250001 0.5833973671875 0.19351715625000002 0.5786045234375 0.19209085937499998 0.48541566875 0.249055046875
0 0.49047843281250003 0.22395388437500002 0.4812768828125 0.2268136578125 0.46829985625 0.22725804374999997 0.3916870484375 0.17073451875 0.391863440625 0.170954190625 0.386143265625 0.1722804015625 0.38150613125 0.1748666875 0.3800008078125 0.17793167031249998 0.4740997109375 0.250447025 0.48601434687499995 0.24494967656250002 0.5935610140625001 0.1749880578125 0.5903495921874999 0.171063378125 0.5848750468749999 0.1674170859375 0.5817813046875 0.1672216828125 0.49047843281250003 0.22395388437500002
0 0.49889795000000003 0.19815181875000001 0.491658515625 0.20134619687500002 0.48268188125 0.20302638125 0.47607915156249997 0.20239867500000003 0.393960628125 0.14770434062499999 0.386568928125 0.1497655140625 0.3806894828125 0.1545204859375 0.38227786875 0.157780871875 0.47980269687500005 0.22440316718750003 0.490738 0.22017820625 0.598810625 0.1484240015625 0.5985026859375 0.14327822031249998 0.594803371875 0.1414294203125 0.587671203125 0.139714921875 0.49889795000000003 0.19815181875000001
0 0.5817951828125 0.11595934062499999 0.4967974078125 0.176811625 0.48167141874999997 0.1783842984375 0.472954315625 0.17628879375 0.39302978125 0.1265082375 0.3871087890625 0.1281005234375 0.3821325453125 0.13101650625 0.38070331562500004 0.13464808749999999 0.484187203125 0.199961390625 0.5960284125 0.1248638046875 0.5992293921875 0.120150334375 0.5955646640625 0.1157054578125 0.5857921296875 0.1143157484375 0.5817951828125 0.11595934062499999
0 0.727380859375 0.24311899218750002 0.7189717640625 0.246169271875 0.7075416062500001 0.24671135624999999 0.695197871875 0.24045425781250002 0.6167085640625001 0.1901777546875 0.6101067312499999 0.1921731890625 0.6044141671875 0.19546526250000001 0.604531809375 0.199194540625 0.7119087859375 0.2706525234375 0.7251072828125 0.2661491796875 0.8300827500000001 0.19132017031249998 0.8285670515625 0.1857470046875 0.8235838781249999 0.1829042109375 0.8186422171875 0.18322409687500002 0.727380859375 0.24311899218750002
0 0.719622371875 0.22247478125 0.7063062015625 0.22324886406250002 0.6201527015625 0.169914815625 0.6163807015625 0.1703788109375 0.609705325 0.17206389375 0.6057499265625 0.1768701625 0.712860440625 0.2463450484375 0.7255294984375 0.2407548984375 0.8300896921875 0.1656890078125 0.8254802453125001 0.1599204234375 0.817292615625 0.158911721875 0.7298413218750001 0.21862591562499997 0.719622371875 0.22247478125
0 0.7269448796875 0.194215828125 0.7196673765625 0.1971268984375 0.7102373984375 0.19828688125 0.7027660890625 0.196902090625 0.6174430140625 0.144285828125 0.6089959421875 0.14680880937500002 0.6023240125 0.1513732859375 0.6043657359375 0.15515385937499998 0.7155077828125 0.2203890875 0.8279856999999999 0.14146941562499998 0.8254145359375 0.1366020359375 0.8205455609375001 0.1346091390625 0.8169985093750001 0.13389354375 0.8143581078125001 0.1342183390625 0.7269448796875 0.194215828125
0 0.8127835921875001 0.11108555 0.7234116968750001 0.17362782968749998 0.7067388015625 0.1751027984375 0.6158043984375 0.1235310109375 0.611608665625 0.12344892968750001 0.6058779999999999 0.12645770625 0.6037324875000001 0.13046538125 0.712272196875 0.1963086953125 0.717026975 0.1974516953125 0.825995909375 0.11809973437500002 0.8239161171875 0.114035853125 0.81829275625 0.1121357546875 0.8127835921875001 0.11108555
0 0.9173034640625 0.27629203125 0.9057971765625 0.276267525 0.8152724453125 0.23207824531250001 0.8113937375000001 0.232875715625 0.8085664890625001 0.23466340468750002 0.8049086875 0.23597729374999998 0.8038567046875 0.2395624734375 0.9185354218749999 0.2968751265625 0.9576914343749999 0.26297245625 0.9556595781249999 0.24536756093749998 0.925560334375 0.2721085671875 0.9173034640625 0.27629203125
0 0.8113487765625 0.2268336421875 0.913417303125 0.275906125 0.9544212296874999 0.24148815156249998 0.9525001234375001 0.2218537703125 0.91882265625 0.2533546515625 0.9098460234375001 0.2550348359375 0.901319278125 0.2543558265625 0.8176278109374999 0.215369078125 0.8113487765625 0.2268336421875
0 0.951814940625 0.21675439375 0.9494929328125 0.19947318125 0.911026103125 0.23242714531250003 0.9015961265625 0.2335871296875 0.8248515703124999 0.2006535890625 0.8173701093749999 0.214573715625 0.9092785156250001 0.2536647328125 0.951814940625 0.21675439375
0 0.8995717140625 0.2128135234375 0.8906677625 0.2121809140625 0.823327184375 0.1807489015625 0.8211801843750001 0.183003071875 0.8284646140625 0.18585076875 0.830658603125 0.190764546875 0.8266305218750001 0.1978836109375 0.9016341921875 0.23387042343750003 0.9486554890625 0.193240615625 0.9462717218750001 0.1779828625 0.9079047140625001 0.20919664999999998 0.8995717140625 0.2128135234375
0 0.29050064999999997 0.8512637265624999 0.18116836249999999 0.9421796312499999 0.17114315468750002 0.9503243796874999 0.156280146875 0.9510007609375 0.147261996875 0.94951825625 0.05282956875 0.8640350734375 0.0458302234375 0.865233746875 0.03644179375 0.8695564093750001 0.033278843749999995 0.8745531828124999 0.14571166875 0.9779311140625 0.1576435703125 0.9868306890625 0.306021153125 0.8640415906250001 0.30575124531250003 0.8591791093750001 0.29820035312500004 0.8543483171874999 0.29050064999999997 0.8512637265624999
0 0.30578932187499996 0.8280724640624999 0.300875353125 0.8200374984375 0.2888776921875 0.81920948125 0.1864803171875 0.9046646328125 0.16389683906250002 0.9163700406249999 0.15012735625 0.91662391875 0.0519117234375 0.8315251546875 0.0463181953125 0.83176790625 0.041265801562499996 0.834117290625 0.0354970890625 0.8368427703125001 0.03441046875 0.8430240390625 0.14751808125000002 0.9428631859375001 0.1531103046875 0.9502387640625001 0.15756400312500002 0.951994753125 0.3019100546875 0.8334453296875 0.30578932187499996 0.8280724640624999
0 0.22982478281250002 1 0.30170635625000003 0.943221540625 0.2982631234375 0.9347176703125 0.2896152578125 0.9274300015625 0.28229620781250003 0.9271783859375 0.194342365625 1 0.22982478281250002 1
0 0.11024090312499998 1 0.041404553125 0.9330798953125001 0.0456358390625 0.9724169734375 0.0733015078125 1 0.11024090312499998 1
0 0.185657765625 1 0.3049760515625 0.9047754843750001 0.3041039859375 0.9011389937500001 0.30092721875 0.8946182234375 0.29514811406249997 0.8887055546875 0.2857181703125 0.889865534375 0.1656824234375 0.9895855921875001 0.1549720328125 0.992630965625 0.14127523749999998 0.9905720484374999 0.0454643296875 0.901236665625 0.041764626562500004 0.9006099093750001 0.03608134375 0.9013090109374999 0.0392626359375 0.9219403015625 0.11785570781250002 1 0.185657765625 1
0 0.661133196875 0.7991281109374999 0.6552052765624999 0.794961628125 0.644982846875 0.7959311062500001 0.5384051578125 0.8873721171875 0.5307885140625 0.89061289375 0.5180364328125 0.889877678125 0.41287420625 0.8092198406250001 0.40646982343750004 0.8082191390625001 0.40136791875 0.8091953249999999 0.39556456875 0.8145168921874999 0.3947790453125 0.8200851640625 0.4988477390625 0.9011654921875 0.5221094640625 0.9201906359375001 0.5300721453125 0.9223789296874999 0.657451153125 0.81167624375 0.6601607578124999 0.8061592750000001 0.661133196875 0.7991281109374999
0 0.6482288078125 0.82864965 0.6398577750000001 0.8319832203124999 0.5432740875000001 0.9207549546875 0.5341140515625 0.926777415625 0.5203445703125 0.9270312921875 0.4111819546875 0.845137665625 0.401260603125 0.84549415 0.39866175 0.8489816250000001 0.395609553125 0.8519489078125 0.3933151875 0.8577027812500001 0.5250577921875 0.9564015593749999 0.530947646875 0.9602847390625 0.65428819375 0.8480629640625 0.6580151984375 0.8415569015625 0.65796675625 0.8326354437499999 0.6482288078125 0.82864965
0 0.6598146640625 0.8635101000000001 0.653776025 0.8613730937499999 0.6482322421875 0.862918978125 0.5638573765625 0.939821584375 0.54268233125 0.9620090640625 0.5303489734375 0.9643901375 0.41139924062500005 0.8812841812500001 0.4067351375 0.8805303796875 0.3987413171875 0.8838175546875 0.39305216249999997 0.8899890140625001 0.39479281093749996 0.894382603125 0.52811690625 0.990583003125 0.5370658515625 0.99725768125 0.6608493984375 0.87691791875 0.6635209390625 0.8711176546875 0.6598146640625 0.8635101000000001
0 0.5790954484374999 1 0.6692534234374999 0.9080739234375 0.6690942671875 0.9011819531249999 0.6632044125000001 0.8972987734375 0.6523037640625 0.898927640625 0.553508775 0.9997786312500001 0.5529358156249999 1 0.5790954484374999 1
0 0.5299279484375 1 0.41515305468749997 0.9232039265624999 0.40949162812499995 0.92102051875 0.40564694531249995 0.9237973078125 0.3993141578125 0.928032078125 0.39713058125 0.9317564546874999 0.402722803125 0.9391320203125 0.48898252031249995 1 0.5299279484375 1
0 0.9507776531250001 0.7756648453125 0.871531284375 0.8821746156250001 0.8616929578124999 0.8888564671875001 0.8511313843750001 0.8901556484375 0.7119935890625 0.8220286031249999 0.7052005671875 0.8199844078125 0.6996637125 0.827289065625 0.6971409546875 0.8313431421875 0.69907193125 0.8371532171875 0.8562564328125 0.9168834234375 0.8704480828125 0.9226252078125 0.9685232828125001 0.787881003125 0.9686305859375001 0.782972128125 0.964623265625 0.7759775624999999 0.9551517734375 0.77397485625 0.9507776531250001 0.7756648453125
0 0.9596123921874999 0.8128795703125 0.8805182484375 0.9205225312499999 0.871320146875 0.9262616984375001 0.8587930125 0.9243468890625 0.7230880703125 0.8560855453125 0.71531568125 0.8553137421875 0.709609028125 0.8623170421875 0.7063874859375 0.865915378125 0.7094881234375 0.8718695609375 0.8686728046875001 0.95221765625 0.8816948281249999 0.9578153515625001 0.9775829671875 0.823916134375 0.978067446875 0.8189608671874999 0.9767039750000001 0.81452088125 0.9689281718749999 0.8108696921874999 0.9596123921874999 0.8128795703125
0 0.88270565625 0.9653382953125 0.737795684375 0.8970573421875001 0.728175378125 0.89680084375 0.7230378265625 0.90020143125 0.7206763781250001 0.9037708984374999 0.7206037249999999 0.9060836765625 0.7240054078125 0.9114248625 0.8519345484375 0.9760350156250001 0.9241758296875 0.9686340546875 0.9801882265625 0.8861153421875001 0.9810899296875 0.8473745046875001 0.9803482984375 0.8473501999999999 0.900582796875 0.9614113375000001 0.8911943328125 0.9657340109374999 0.88270565625 0.9653382953125
0 0.810896671875 0.41664198125 0.733972334375 0.47765309531250005 0.722133828125 0.48371703281249995 0.708703490625 0.4836412140625 0.6192156234375 0.429247434375 0.6158711343750001 0.42911287187499997 0.6116838765625 0.429339971875 0.608029540625 0.4335332421875 0.6062992687500001 0.437777821875 0.7192961578125 0.508256509375 0.8235449328125 0.4251654578125 0.8252371390625 0.420637584375 0.8188939765625 0.4162341984375 0.810896671875 0.41664198125
0 0.8133951984375001 0.39243221250000004 0.809021078125 0.3941221953125 0.759306975 0.4322034390625 0.7375955281250001 0.4475453421875 0.727269275 0.4563030765625 0.7179569765625 0.46119234843749995 0.708675815625 0.4606061375 0.61816585 0.40431532499999995 0.6112028734375 0.405784678125 0.6086801515625 0.4098387609375 0.60861093125 0.4150309375 0.7130776156249999 0.4819512453125 0.7193411656250001 0.48290865156249996 0.8127722796875 0.407771828125 0.8213648125 0.40037928125000005 0.81966223125 0.39626899843749996 0.8133951984375001 0.39243221250000004
0 0.8112185249999999 0.3705254140625 0.80752269375 0.37155600781250003 0.719624984375 0.43650876250000004 0.711250471875 0.436962959375 0.70310090625 0.43623755312499995 0.6173159765625 0.3808709421875 0.61128594375 0.3807201015625 0.606008621875 0.38424908750000003 0.6049566234375 0.3878342671875 0.6072267234375001 0.3933146359375 0.713015315625 0.46151223124999996 0.8119140828125 0.38426294843750003 0.8179423437500001 0.37776178437499996 0.8160875000000001 0.3725183125 0.8112185249999999 0.3705254140625
0 0.8005151093749999 0.347939609375 0.7155969140625 0.4122378890625 0.7093368124999999 0.41415986718750003 0.700810034375 0.413480859375 0.613563003125 0.3605693046875 0.6104692796875 0.36037390468749997 0.6053407546875 0.3621566921875 0.60266576875 0.36507757343749997 0.6027834109375 0.36880685 0.6058806031249999 0.3718816390625 0.708572003125 0.43700445 0.8106337171875 0.354758396875 0.80757114375 0.349087515625 0.8005151093749999 0.347939609375
0 0.487074328125 0.50053678125 0.406578809375 0.4465067421875 0.4007685671875 0.44606954062500004 0.39628513125 0.44781230625 0.3936813765625 0.45039711093749996 0.39266744062500003 0.45426558593750005 0.4933240453125 0.521366584375 0.5948632125 0.44379250312499996 0.5966315515625 0.4398312296875 0.59334403125 0.43533994375 0.5867032734375 0.434428940625 0.49918277499999997 0.49933530625 0.487074328125 0.50053678125
0 0.49579837343750005 0.4770011046875 0.4853094859375 0.47598750624999997 0.403910746875 0.4237964625 0.3962941 0.427037228125 0.39437349843749997 0.42986531093749997 0.393923621875 0.43222450468750007 0.395550071875 0.435768184375 0.49265617656250005 0.4992742 0.5950604828125 0.4195778234375 0.59271423125 0.4135308578125 0.5856201296875 0.41209965000000004 0.506280334375 0.47225594531250004 0.49579837343750005 0.4770011046875
0 0.49897863437499995 0.45501131875 0.49003658437500003 0.45409541875 0.41328188906249996 0.405076859375 0.40463746875 0.40066857499999997 0.4002252828125 0.4020752609375 0.39679589375 0.40508894062499995 0.396311415625 0.4100442203125 0.4954211625 0.47704750625000003 0.5948078906250001 0.3977223359375 0.5922713093749999 0.390258871875 0.5867240796875001 0.38892536093749996 0.58061620625 0.3919805453125 0.49897863437499995 0.45501131875
0 0.5011726359375 0.42853515781249996 0.49110246875 0.430637834375 0.48430941250000004 0.42859364062500005 0.407852503125 0.37768703124999997 0.401291153125 0.3786176796875 0.396276825 0.38125035625 0.394321621875 0.386674525 0.490071203125 0.45149932968749995 0.5917660796875001 0.37793782187499997 0.5934582875000001 0.373409946875 0.5900185046875001 0.3677854734375 0.581003803125 0.36918235781250003 0.5011726359375 0.42853515781249996
0 0.23166812343749998 0.49565661875 0.22348049374999998 0.49464792968750004 0.1556124828125 0.4318650453125 0.14999256562500002 0.43284432968750003 0.14267698281250002 0.43547210625000005 0.13945678749999998 0.438788315625 0.21969810625 0.5178636937500001 0.223964959375 0.5210825906250001 0.2275120125 0.5217981984375 0.35259319375 0.445359925 0.3555277453125 0.43866336562499997 0.351485840625 0.4342648765625 0.342204678125 0.43367866718750003 0.2464169375 0.494130353125 0.23166812343749998 0.49565661875
0 0.158072940625 0.40737197031249994 0.14792664375 0.40890804375 0.144009309375 0.4139976109375 0.2326474578125 0.49438424375 0.354520734375 0.4169006765625 0.3570054265625 0.41256329531249997 0.3555658234375 0.40755672187499997 0.34609433125 0.40555401562500004 0.338138575 0.40912448437500004 0.24114310625000002 0.46914876562499996 0.2319761421875 0.4694124515625 0.158072940625 0.40737197031249994
0 0.166911165625 0.3846861890625 0.15898999375 0.3856605734375 0.150920021875 0.3883811484375 0.1498654796875 0.39213844999999997 0.23566852656249998 0.4655024765625 0.2425377171875 0.46811327187499996 0.3578082640625 0.3900020125 0.358026284375 0.3830636453125 0.3514962734375 0.380123153125 0.345952490625 0.38166904062499996 0.25420320625000004 0.44363980312500007 0.2401326484375 0.44450668125000004 0.166911165625 0.3846861890625
0 0.247988075 0.42021391562500005 0.240741709375 0.41764951874999995 0.167255790625 0.3632096609375 0.161491984375 0.3643301796875 0.1552699296875 0.366535465625 0.15153946093749998 0.3701621421875 0.248168015625 0.4443821953125 0.36505812187500003 0.3640558484375 0.36214088437499997 0.353759396875 0.35244447968750003 0.35293628125 0.259041053125 0.4197182296875 0.247988075 0.42021391562500005
0 0.6625303312499999 0.6153149515624999 0.6537296203125 0.61758695 0.6481233359374999 0.6200607 0.6453986734375 0.62659900625 0.773719765625 0.72682320625 0.9036683999999999 0.6302554828125 0.903582675 0.6237242625 0.8950856843749999 0.6194171234375 0.8881502343750001 0.6178914234375 0.7862615484375 0.6934636453125 0.7770320796875 0.6954910234375 0.7628895390625 0.6933651140625 0.6625303312499999 0.6153149515624999
0 0.7689710843750001 0.664963178125 0.762189221875 0.6616344671875 0.6626125109375 0.586461590625 0.65299359375 0.588536875 0.64769815 0.5903776765625001 0.6455256765625 0.5977813890625 0.7695891953125 0.6931356859375 0.7744987109375 0.6943158828125 0.8996951203125001 0.5977380375 0.9006241218750001 0.5928661140625 0.8925559578125 0.588803571875 0.8869853828125001 0.58859675 0.7931935218749999 0.6596047421875 0.780773225 0.6644034546875 0.7689710843750001 0.664963178125
0 0.76647703125 0.6316690609375 0.661565609375 0.5580444671875 0.6509318937499999 0.5584604640624999 0.6481551546875 0.5653601390625 0.6469335328125 0.5699543640625 0.7678669625000001 0.6537995734375001 0.778550696875 0.6625953671875 0.8988732953125 0.56215675 0.894113878125 0.556200440625 0.8846056843750001 0.5532070984375 0.792686134375 0.62636360625 0.7820202671875001 0.6324332640625 0.76647703125 0.6316690609375
0 0.7908209890625 0.597749771875 0.77500974375 0.6008841390625 0.7646833453124999 0.5976940953125001 0.6607938390625 0.5316749671875 0.653043634375 0.532925675 0.64841358125 0.5385592109374999 0.647444503125 0.5413456078125 0.6511105484375 0.545057590625 0.7725085140625 0.6264668296875 0.7837711015625 0.630731121875 0.898090778125 0.5268679828125 0.8958647265625 0.522086809375 0.8875642609375 0.5192422578125 0.879581825 0.5217109421874999 0.7908209890625 0.597749771875
0 0.489867515625 0.6987581656249999 0.4802485640625 0.700833453125 0.4699614703125 0.6979359359374999 0.3887186265625 0.6118845578125 0.381397234375 0.6133798765625 0.3752442609375 0.614731453125 0.3739369890625 0.6213993859375 0.372685859375 0.625156178125 0.47000072656249997 0.7306399453125 0.47479233125000003 0.7309425875 0.61480301875 0.6444365671875001 0.6160821999999999 0.6392242078125 0.60851784375 0.633018225 0.60325814375 0.6321784515625 0.5027952171875001 0.6947891078125 0.489867515625 0.6987581656249999
0 0.4842219390625 0.6685279078125 0.40111749999999996 0.5892472921875 0.3974157109375 0.5882158937499999 0.389236753125 0.5892219890625 0.383709075 0.5922807640625 0.38328743906249996 0.59798235 0.47762946875 0.69312709375 0.485390353125 0.7007956859375 0.628005859375 0.61010363125 0.6278807937499999 0.6032798890625 0.6246828078125 0.6001050359375 0.6152925640625 0.59798925625 0.5057609453125 0.66677045 0.49629920937499994 0.6700158093749999 0.4842219390625 0.6685279078125
0 0.403926046875 0.5600585609375 0.3988235671875 0.5603888625 0.390919740625 0.5634425890625 0.388154071875 0.568119946875 0.4944269 0.667867290625 0.62909924375 0.5799364625 0.6303748671875 0.5717510125 0.6257726671875 0.566964771875 0.6175151015625 0.567385840625 0.5146045328125 0.6353525765625 0.5030382203125 0.6376674109375 0.48959956250000003 0.6378337328125 0.403926046875 0.5600585609375
0 0.6238288796875 0.5377659140625 0.61701130625 0.5371177828125 0.5200179015625 0.601977825 0.5081407140625 0.6049256109375001 0.500276190625 0.60827184375 0.4913897515625 0.604012609375 0.40615809531249997 0.52976693125 0.3995275015625 0.5302696046875 0.3965296328125 0.53153043125 0.389990734375 0.535903021875 0.38972273749999997 0.539801575 0.49360507656249997 0.6322860046875001 0.49933642968749997 0.636636 0.6290206828125 0.546939925 0.6287419562500001 0.5419192078124999 0.6238288796875 0.5377659140625
0 0.2606017109375 0.641468103125 0.250246721875 0.6469048203125001 0.23883762812499998 0.6503897265624999 0.228200315625 0.6478326359375 0.14553538125 0.5777159078125 0.13712415625000002 0.5799399875 0.1287522703125 0.5824565796875001 0.1266856171875 0.588683275 0.125958040625 0.5911261875 0.1307139015625 0.5941094078125 0.237779953125 0.677876325 0.2406241625 0.6784185171875 0.370019009375 0.5747824406250001 0.36767501406249997 0.569123721875 0.3618686453125 0.5671617796875 0.3550510375 0.5665136515625 0.2606017109375 0.641468103125
0 0.26053026875 0.614417759375 0.25410574218750004 0.6166948 0.2456552109375 0.6186263609375 0.23330280937499998 0.6150908359375 0.146049946875 0.5520802406249999 0.1360808109375 0.554495953125 0.1305531359375 0.5575547453125 0.1293395109375 0.5620338312500001 0.23750127499999998 0.64044410625 0.2447905 0.6446024515625 0.249582103125 0.6449050953125 0.3709587734375 0.5464182921875 0.3703299 0.541737996875 0.37036560937499996 0.539057425 0.3652202640625 0.5361221171875 0.3582097296875 0.536984484375 0.26053026875 0.614417759375
0 0.2211897546875 0.7135179843749999 0.1293239109375 0.636801896875 0.118186390625 0.63936133125 0.1108328265625 0.6465103125 0.22118615 0.7429563921875 0.2262135796875 0.74501414375 0.3638695578125 0.6439301171875 0.36507013125 0.6381327296875 0.360503640625 0.63066591875 0.3522067703125 0.630794459375 0.2590723734375 0.697855990625 0.23801573281250002 0.71204294375 0.2211897546875 0.7135179843749999
0 0.22262976406249999 0.6800373 0.13310791718749998 0.6089799296875 0.12839492187499998 0.609262328125 0.120801971875 0.61168309375 0.11860048906250001 0.6168931203125 0.2245735171875 0.709236175 0.2322093671875 0.7100810078124999 0.3630513265625 0.6113219156249999 0.36378380625 0.604987396875 0.35571564375000003 0.6009248671874999 0.349212471875 0.6026168828125 0.2451835328125 0.6799391359375 0.2349035578125 0.682987796875 0.22262976406249999 0.6800373