0 0.365915721875 0.4077150828125 0.3599770140625 0.39777916874999997 0.3526678359375 0.39366775625 0.3444450109375 0.3953808453125 0.22978228125000003 0.48240574531249997 0.2147071015625 0.485831921875 0.0794873109375 0.3933251390625 0.06623942499999999 0.4001774921875 0.062128012499999996 0.40942817187499997 0.2160775734375 0.5204363109375 0.365915721875 0.4077150828125
0 0.35952019062499996 0.3621469265625 0.349013246875 0.3590633671875 0.2197321625 0.4481439734375 0.20922521875000002 0.4481439734375 0.07903048593749999 0.355294571875 0.0730917796875 0.356322425 0.06623942499999999 0.363860015625 0.0657826015625 0.3751664 0.20648427656249999 0.48137789218749993 0.2201889859375 0.48548930468749996 0.363631603125 0.3734533109375 0.35952019062499996 0.3621469265625
0 0.35221101250000003 0.49062857031249996 0.24759840312499998 0.5694306453125 0.23617781249999997 0.5745699109375 0.139788028125 0.5098151625 0.11740367031250001 0.494397365625 0.10963766875 0.49576783593749996 0.10552625625 0.506731603125 0.23480734218750002 0.6033497984375 0.3681998390625 0.502277571875 0.363631603125 0.491999040625 0.35221101250000003 0.49062857031249996
0 0.3508405421875 0.4663027125 0.249425696875 0.5454474046875 0.23480734218750002 0.546817875 0.1219719078125 0.46904365312499996 0.1119217875 0.470414125 0.10872402187500001 0.48069265625 0.235264165625 0.5738846750000001 0.37185442812499997 0.47521077187499994 0.361347484375 0.46596009374999997 0.3508405421875 0.4663027125
0 0.381447725 0.5290017546875 0.36957031093750004 0.525232959375 0.3608906609375 0.52831651875 0.26267358281250003 0.6119152421875 0.25353711093750003 0.6149988015625001 0.22704134062499998 0.600951475 0.13247884999999998 0.5341410203125 0.12242873125 0.5423638453125 0.1196877890625 0.5516145234375001 0.25445075781250004 0.6448065421875 0.2645008765625 0.6427508359375 0.38738643125 0.53859505 0.381447725 0.5290017546875
0 0.3860159609375 0.5704584984375 0.3736817234375 0.5776534703125 0.272266878125 0.6585112515625 0.2571916984375 0.6571407796875001 0.14572673593750002 0.5755977640625 0.13476296875 0.5827927359375 0.13476296875 0.5920434140624999 0.262216759375 0.6883189921875 0.39926384531250003 0.58827461875 0.397893375 0.5773108515625001 0.3860159609375 0.5704584984375
0 0.40885714218749997 0.6602243390625 0.397893375 0.6554276921875 0.2699827609375 0.73971165 0.2617599359375 0.73971165 0.239375578125 0.722238146875 0.195977334375 0.6814666375 0.1571473265625 0.6468622484375001 0.146183559375 0.64651963125 0.1416153234375 0.651658896875 0.1416153234375 0.6585112515625 0.2608462875 0.7681489203125 0.3576928953125 0.7123022328124999 0.413425378125 0.672215959375 0.40885714218749997 0.6602243390625
0 0.41022761250000006 0.6321296875 0.4020047875 0.6263051859375001 0.39012737343750004 0.626990421875 0.27363735 0.7085334375000001 0.26587134843750004 0.7095612906250001 0.15943144375 0.6211659203125001 0.1507517953125 0.6194528312500001 0.146183559375 0.6232216265625 0.1425289703125 0.631101834375 0.14298579375 0.6314444515625001 0.2617599359375 0.736628090625 0.2772919390625 0.731488825 0.40794349375000005 0.6437786890625 0.41022761250000006 0.6321296875
0 0.5111856328125 0.707505584375 0.520778928125 0.7033941718750001 0.5235198703124999 0.68763375625 0.39378196249999997 0.5968400625 0.27272370156250003 0.6852354328125 0.25490758125 0.6999679953125 0.26587134843750004 0.7099039078125 0.28368746875 0.7040794078125 0.3933251390625 0.6215085375 0.5111856328125 0.707505584375
0 0.4084003171875 0.576968234375 0.510728809375 0.6461770125 0.5221494 0.638982040625 0.514840221875 0.626647803125 0.3855591375 0.5433916984375 0.258105346875 0.645491778125 0.25901899375 0.6564555453125 0.272266878125 0.6585112515625 0.386472784375 0.5704584984375 0.4084003171875 0.576968234375
0 0.39012737343750004 0.520778928125 0.40657302343749996 0.525232959375 0.5120992796875 0.5920434140624999 0.518951634375 0.5779960875000001 0.3869296078125 0.49371212968749995 0.2608462875 0.5954695906249999 0.26495769999999996 0.603692415625 0.2718100546875 0.603692415625 0.36957031093750004 0.5248903421875 0.39012737343750004 0.520778928125
0 0.660110134375 0.647547484375 0.659653309375 0.6376115703125 0.6500600140625 0.63178706875 0.62767565625 0.6485753375 0.5404223453125 0.7239512343750001 0.51575386875 0.711616996875 0.41707996718749996 0.6427508359375 0.4056593765625 0.64651963125 0.4024616109375 0.6547424562499999 0.40977078906250003 0.6626226640625 0.4285005578125 0.6752995187499999 0.5404223453125 0.7527311234375 0.660110134375 0.647547484375
0 0.5459042281250001 0.6804387843749999 0.6496031906249999 0.581079646875 0.6500600140625 0.57182896875 0.639096246875 0.5663470859374999 0.541792815625 0.6547424562499999 0.5280881078124999 0.6550850734375 0.40977078906250003 0.5773108515625001 0.4020047875 0.58005179375 0.3983501984375 0.58827461875 0.531285871875 0.6842075796875 0.5459042281250001 0.6804387843749999
0 0.6486895421875001 0.5245477234375 0.6436644828125 0.517010134375 0.632700715625 0.51358395625 0.5381382265625 0.5944417375 0.5290017546875 0.5992383859375 0.50753104375 0.589302471875 0.405202553125 0.525232959375 0.3960660796875 0.5317426953125 0.396522903125 0.544076934375 0.533569990625 0.6304165984375001 0.6486895421875001 0.5245477234375
0 0.53676775625 0.46596009374999997 0.67975355 0.34912745312500004 0.67746943125 0.33884892187500004 0.6605669578125 0.3330244203125 0.5459042281250001 0.42792952812499996 0.5321995203125 0.431698321875 0.50341963125 0.41867884999999994 0.41205490781250004 0.3549519546875 0.3855591375 0.3361079796875 0.37870678281250003 0.3371358328125 0.3704839578125 0.3484422171875 0.3809909 0.3631747796875 0.53676775625 0.46596009374999997
0 0.6779262546875 0.3172640046875 0.6751853125 0.30664285625 0.6591964859375 0.3063002390625 0.53859505 0.394695609375 0.5267176359375 0.394695609375 0.502505984375 0.3809909 0.3928683140625 0.30458715000000003 0.3805340765625 0.30424453281249997 0.374138546875 0.31315259218749997 0.5280881078124999 0.42381811562499994 0.54087916875 0.42279026249999996 0.6779262546875 0.3172640046875
0 0.6984833171875 0.3827039890625 0.695285553125 0.3768794875 0.6843217859374999 0.3686566625 0.6760989609375 0.3686566625 0.5682885859375 0.4663027125 0.555497525 0.473497684375 0.5390518734375 0.4663027125 0.40383208125000003 0.382018753125 0.390584196875 0.38921372656250003 0.39012737343750004 0.39812178593750003 0.5596089375 0.50775945625 0.6984833171875 0.3827039890625
0 0.636812128125 0.473497684375 0.6336143640625 0.4645896234375 0.6267620093749999 0.46184868124999995 0.6194528312500001 0.46493224062499994 0.5276312828124999 0.5464752578125001 0.517124340625 0.5444195515625 0.401091140625 0.47452553750000004 0.39149784374999996 0.47966480312500004 0.3887569015625 0.485831921875 0.5258039890624999 0.5731994390625 0.636812128125 0.473497684375
0 0.64412130625 0.61534141875 0.6573691921875 0.620480684375 0.7743160390625 0.6855780499999999 0.782082040625 0.6838649625000001 0.786193453125 0.676669990625 0.637268953125 0.59272865 0.533569990625 0.6979122890625 0.539965521875 0.7109317609375 0.55321340625 0.7119596140625 0.64412130625 0.61534141875
0 0.6573691921875 0.5701158796875 0.773859215625 0.636926334375 0.7793410984375 0.6228790078124999 0.6386394234375 0.5379098156250001 0.5276312828124999 0.6417229828125001 0.533569990625 0.6530293671875 0.5431632859375 0.6530293671875 0.643207659375 0.5653192328125 0.6573691921875 0.5701158796875
0 0.632700715625 0.51187086875 0.7542158 0.5851910593749999 0.7642659203125 0.5827927359375 0.7638090953125001 0.5728568218750001 0.6395530703125 0.49816615937500003 0.6258483625 0.491999040625 0.5194084578125 0.5879320015625 0.5280881078124999 0.5968400625 0.539965521875 0.593413884375 0.632700715625 0.51187086875
0 0.877558178125 0.5968400625 0.8716194703125 0.5944417375 0.7839093359375 0.686948521875 0.772031921875 0.684550196875 0.655998721875 0.6187675953125 0.6436644828125 0.61534141875 0.641380365625 0.63007398125 0.6646783703125 0.6451491593750001 0.7880207484375 0.7136727031250001 0.8812127671875001 0.6050628875 0.877558178125 0.5968400625
0 0.7057924953125 0.3751664 0.695285553125 0.3686566625 0.6966560234375 0.3792778125 0.6934582578125 0.3909268140625 0.8327894625000001 0.49268427656249997 0.966638784375 0.38818587187500003 0.966638784375 0.383389225 0.9597864296875 0.37790734062500003 0.95110678125 0.3765368703125 0.8387281703125 0.4625339171875 0.83096216875 0.46082082812499997 0.8062936921875 0.44643088437499995 0.7057924953125 0.3751664
0 0.9588727828125 0.361461690625 0.9556750171875 0.3498126890625 0.9428839546875001 0.3477569828125 0.8382713468749999 0.4262164390625 0.8250234609374999 0.429642615625 0.8058368687499999 0.41833623124999997 0.7121880265625 0.3467291296875 0.69391508125 0.34021939218749997 0.682494490625 0.34398818750000004 0.684778609375 0.3525536296875 0.709447084375 0.37311069375 0.8273075796875 0.45979297499999994 0.9588727828125 0.361461690625
0 0.9195859515624999 0.4615060640625 0.914560890625 0.4615060640625 0.8314189921875 0.539965521875 0.8195415781250001 0.5451047875 0.7998981625 0.53653934375 0.694828728125 0.46904365312499996 0.6829513140625 0.4687010359375 0.6788399015625 0.47658124375 0.8199984015625 0.5752551453125 0.9346611296875 0.473155065625 0.9342043062500001 0.46596009374999997 0.9195859515624999 0.4615060640625
0 0.9195859515624999 0.4430047078125 0.918672303125 0.43409664687499994 0.9104494781250001 0.43306879374999996 0.8090346343749999 0.5139265749999999 0.7921321609375 0.51187086875 0.6829513140625 0.4388932953125 0.6729011953125 0.43615235312499995 0.664221546875 0.44129161874999995 0.6633078984375 0.4460882671875 0.8044663984374999 0.5413359921875001 0.8117755765625001 0.54065075625 0.9195859515624999 0.4430047078125
0 0.6564555453125 0.57182896875 0.6523441328125 0.5745699109375 0.6523441328125 0.597525296875 0.7962435734375 0.6729011953125 0.894917475 0.5663470859374999 0.8908060624999999 0.5574390250000001 0.8771013546875001 0.5533276125000001 0.87618770625 0.5615504375 0.794416278125 0.6451491593750001 0.7747728625 0.638982040625 0.6564555453125 0.57182896875
0 0.8894355921875 0.5228346359375 0.8871514734374999 0.51769536875 0.8245666375 0.5745699109375 0.8117755765625001 0.5773108515625001 0.80172545625 0.5827927359375 0.784366159375 0.595812209375 0.6509736609375001 0.5224920171874999 0.6486895421875001 0.5224920171874999 0.643207659375 0.537567196875 0.7834525109375 0.6239068609375 0.7912185125 0.620480684375 0.8894355921875 0.5228346359375